0.20787957635076193,0.3684569556275152,0.4617923114801948,0.47256440586202714,0.41879930048551367,0.3319677399665076,0.24021227311263765,0.16092410754279995,0.10084422950913559,0.059580580978355675,0.033394863305156904,0.017846713996051974,0.009131509540621193,0.0044889610529173975,0.002126457738469849,0.0009731640625383851,0.0004312220975522543,0.00018537513631791772,0.00007744442635134477,0.0000314911342280649,0.000012480967191866462,4.8274027173406675e-6,1.8242196373108554e-6,6.741990633598524e-7,2.43925644034599e-7,8.64693894207466e-8,3.005734766373966e-8,1.0252828878112592e-8,3.4343110691635028e-9,1.1303568410165934e-9,3.657883554920702e-10,1.1644583661560908e-10,3.6485803315468464e-11,1.1257498014902223e-11,3.42197913272341e-12,1.025222835709651e-12,3.0286002719830735e-13,8.825026767347291e-14,2.5374597927062172e-14,7.201812366078406e-15,2.018304752700772e-15,5.586885243163151e-16,1.527988346493249e-16,4.130101744520726e-17,1.103594045819533e-17,2.9159362715146763e-18,7.620334732017417e-19,1.97015346137234e-19,5.040276639438837e-20,1.2762368198860683e-20,3.1990512978515712e-21,7.939827233244788e-22,1.9515708250852983e-22,4.751396993787886e-23,1.1460389418697655e-23,2.739005892761977e-24,6.487447994890636e-25,1.5230403103112304e-25,3.5446416608931365e-26,8.179396626699231e-27,1.871632505633323e-27,4.247472718219631e-28,9.561140268696172e-29,2.1350809777455826e-29,4.730415626250344e-30,1.0399622109452515e-30,2.268927020992738e-31,4.9131278124036184e-32,1.0560355593341419e-32,2.2533514514733492e-33,4.773696998711346e-34,1.0041546680498266e-34,2.0975354025303353e-35,4.351337865064777e-36,8.965652095339255e-37,1.8349582486634105e-37,3.73073436230256e-38,7.535705212285116e-39,1.5123473025325573e-39,3.015872149531563e-40,5.976444208164083e-41,1.1769968390535995e-41,2.303792216521088e-42,4.4820757984632485e-43,8.667911931908803e-44,1.6664027115644246e-44,3.1849724082421165e-45,6.0523074894732695e-46,1.1435484897169363e-46,2.1484958427663404e-47,4.014100109057601e-48,7.45834449999678e-49,1.3782355954476743e-49,2.533126768222742e-50,4.6309269869578416e-51,8.421337396604913e-52,1.523422576310441e-52,2.741633868899414e-53,4.908754981763751e-54,8.74437339217025e-55
-0.3684569556275152,-0.44519337354415023,-0.29742873700249706,-0.03775085494265727,0.20282637882196936,0.3480662057349315,0.38738640546961145,0.35031138240379744,0.2764203678645614,0.19692885833313228,0.12921948614201856,0.07912575456010157,0.04563765152877073,0.024967649566290016,0.013027106075250192,0.006510847017298594,0.003128334982751493,0.001449405382079519,0.0006492134240050719,0.00028175584607407404,0.00011871069528279784,0.00004863862836676628,0.00001940918066338002,7.553663315932435e-6,2.870540433484235e-6,1.0663652179087435e-6,3.8763384237023916e-7,1.3800989385539042e-7,4.816571301302828e-8,1.6490825770654513e-8,5.542876419242376e-9,1.830228498515697e-9,5.940477231048204e-10,1.8964158714689885e-10,5.957662928969739e-11,1.8427541402103876e-11,5.614531592764915e-12,1.6858060985856743e-12,4.990358820011163e-13,1.456994332029128e-13,4.197090868472283e-14,1.1933206454163054e-14,3.3498865743821025e-15,9.287648173808608e-16,2.543992614878582e-16,6.886297670705354e-17,1.8426172839081152e-17,4.875037677266683e-18,1.275625780129807e-18,3.301986560999738e-19,8.457340018201802e-20,2.1438498147335185e-20,5.379583919134163e-21,1.3365486873452795e-21,3.288419346471802e-22,8.013776112619378e-23,1.9346973044031096e-23,4.627963960575802e-24,1.0970858058221873e-24,2.577714891637957e-25,6.003995159237275e-26,1.386507223293657e-26,3.17499656390819e-27,7.210486570252578e-28,1.6242203482651558e-28,3.6294545009823225e-29,8.046536097511135e-30,1.7701138849350626e-30,3.8642915551564933e-31,8.372694031494272e-32,1.800677508896069e-32,3.844406807461461e-33,8.14875643149535e-34,1.7150095779602798e-34,3.5842503203859743e-35,7.439244594647544e-36,1.53355396943635e-36,3.1401392195744674e-37,6.387298059376205e-38,1.2907487430884573e-38,2.591548339605571e-39,5.170182529359258e-40,1.0249823145414783e-40,2.0194118717861334e-41,3.954255584567277e-42,7.696057750486093e-43,1.4889061345906384e-43,2.863470135364523e-44,5.474878993954964e-45,1.0407403902564834e-45,1.967094050001196e-46,3.69701173813809e-47,6.90950683410149e-48,1.2842237719349717e-48,2.373876478406145e-49,4.364404977786519e-50,7.981172208206269e-51,1.4518030375257032e-51,2.6270736436154916e-52,4.729159555762389e-53
0.4617923114801948,0.297428737002497,-0.07242173261502684,-0.3169606400529069,-0.3075929390491687,-0.11553963304857387,0.11735149415172447,0.28568339475137283,0.3541812099209889,0.3395624275310181,0.27839370516587353,0.20387713032247295,0.1366194103300614,0.08506132967290427,0.04973113536179335,0.027516062669456824,0.014494669848659087,0.0073040251416313946,0.003534547783797999,0.0016478815757702233,0.0007422084250134017,0.00032370713657605804,0.00013699028009097561,0.000056352620958189163,0.000022568968385906797,8.812402427787818e-6,3.359007496796757e-6,1.251287930203926e-6,4.560189697387996e-7,1.6274138582032196e-7,5.6921728197323834e-8,1.952847503318698e-8,6.576385584455431e-9,2.1753527761508973e-9,7.07244063074058e-10,2.2613142305642152e-10,7.11446650965243e-11,2.2036168875395252e-11,6.7228096961998114e-12,2.0210756273433635e-12,5.989849406392647e-13,1.750753150163738e-13,5.04863616576613e-14,1.4368750971136624e-14,4.0374509456673645e-15,1.1204147098050036e-15,3.0716145156499766e-16,8.32142332804215e-17,2.2283949748131744e-17,5.900182831890491e-18,1.5449962424109048e-18,4.002055635853143e-19,1.0257301181665893e-19,2.601798780684302e-20,6.5327684541790525e-21,1.624023864584495e-21,3.9980133830047043e-22,9.748427990675393e-23,2.3547355498894514e-23,5.635632492763108e-24,1.336623672832635e-24,3.1420417935166215e-25,7.321818698713405e-26,1.691592354395133e-26,3.87530132712448e-27,8.804595966507015e-28,1.984114500890936e-28,4.4354185991953943e-29,9.837131787775428e-30,2.1648212039562745e-30,4.727671131115658e-31,1.0246949544026546e-31,2.2045145681055385e-32,4.70814535450023e-33,9.98277684009762e-34,2.1016589946239934e-34,4.3936558680525713e-35,9.121894051906316e-36,1.8809634045228453e-36,3.852583218153715e-37,7.838609413161668e-38,1.5844526356715777e-38,3.1820696240378934e-39,6.349890922052585e-40,1.2591692261662696e-40,2.4814034719668927e-41,4.8600358470672283e-42,9.461127640797067e-43,1.8307937750463084e-43,3.521762352016084e-44,6.7349601003999e-45,1.2805423087657708e-45,2.4208375299834283e-46,4.550701901117809e-47,8.506673314947654e-48,1.5813817508932272e-48,2.9237193069241626e-49,5.376286743995539e-50,9.833366408948697e-51,1.7890389177460527e-51
-0.4725644058620271,-0.03775085494265727,0.3169606400529069,0.25193255571892637,-0.051226552009353186,-0.27886598445786503,-0.2834866342317893,-0.11309007957708475,0.10407593851969375,0.26597654956173616,0.33506562364608783,0.32445044731059275,0.2679479692302935,0.19735045088347683,0.13286227465840106,0.083044277440029,0.0487128419779985,0.02702981177024159,0.014274137517782988,0.007208762295724066,0.003495290228807627,0.0016324407551512315,0.0007364172574533794,0.00032164176777454284,0.00013629385354858452,0.00005613303309914947,0.000022505648216358386,8.796546132081512e-6,3.3560913798321185e-6,1.2512829887861147e-6,4.563839240376552e-7,1.6299374574879233e-7,5.7049941370991003e-8,1.9585306865300015e-8,6.5995869630249375e-9,2.184292039892783e-9,7.105379919219672e-10,2.27301652455538e-10,7.154766910462776e-11,2.2171214406594736e-11,6.766967456051868e-12,2.0351955378913476e-12,6.034078034014595e-13,1.7643435374925964e-13,5.089649535274042e-14,1.449042997717951e-14,4.0729710418084425e-15,1.1306247032141585e-15,3.100531721858855e-16,8.402169602620278e-17,2.2506359626899222e-17,5.9606416567569196e-18,1.5612229265189633e-18,4.0450725345759407e-19,1.0369981723029391e-19,2.630973639719375e-20,6.6074576489099476e-21,1.6429353639105558e-21,4.045386851031191e-22,9.86586365152008e-23,2.3835511997166636e-23,5.705636437858824e-24,1.3534651030654127e-24,3.182173677638662e-25,7.416560474414447e-26,1.7137548170780406e-26,3.9266818319796696e-27,8.922671081236855e-28,2.0110156349052466e-28,4.496190737085768e-29,9.973284671404106e-30,2.1950765153669592e-30,4.794365697022004e-31,1.0392815044118888e-31,2.2361697733910346e-32,4.77632004202934e-33,1.012850375967542e-33,2.1325794824967066e-34,4.458787568307808e-35,9.258109384024031e-36,1.9092508355151784e-36,3.91091965932921e-37,7.958093165057103e-38,1.6087602609855666e-38,3.231192296531528e-39,6.448511381498288e-40,1.27884067316953e-40,2.5203911544826734e-41,4.9368209369918396e-42,9.611414245728498e-43,1.8600280368947267e-43,3.5782854740894056e-44,6.843591429643513e-45,1.3012967448111519e-45,2.4602582737497444e-46,4.625145453879017e-47,8.646454072278624e-48,1.6074801945934275e-48,2.972176356438579e-49,5.465761805648327e-50
0.41879930048551367,-0.20282637882196936,-0.3075929390491687,0.051226552009353186,0.29733090540772145,0.18986551774653015,-0.09030619600814668,-0.2747940935712149,-0.2521684233156847,-0.0796016719810902,0.12360167293508922,0.26810675450841487,0.3245019543281223,0.30815278778495614,0.25146276098648973,0.18369061387348878,0.12291792270383033,0.07646954941894692,0.04468876458492666,0.024721162227449973,0.013021662213835201,0.006562003073253783,0.003175780120546437,0.0014808189538511843,0.0006670709282259214,0.0002909880285316641,0.00012316660414075174,0.000050675653218768964,0.000020299214916707694,7.927631918076446e-6,3.0223198720772375e-6,1.1260696278497093e-6,4.1045673750139465e-7,1.4650645480620613e-7,5.1251759425174204e-8,1.7586063085574706e-8,5.923178219679968e-9,1.9595760922021373e-9,6.371832738335476e-10,2.037587979971252e-10,6.411446725356215e-11,1.986122158164189e-11,6.060031033412588e-12,1.8220439130771382e-12,5.40060706922349e-13,1.578702259306803e-13,4.5529862247460885e-14,1.2959451275466723e-14,3.641821391005639e-15,1.0107238133099711e-15,2.77115813239333e-16,7.508129710208027e-17,2.0107801333988443e-17,5.324452013806024e-18,1.3943529821446414e-18,3.6121281703094376e-19,9.258631265738245e-20,2.3486592087390655e-20,5.897598404445733e-21,1.4662263603558631e-21,3.609795836690623e-22,8.802416128739512e-23,2.1263635901977283e-23,5.089385306914188e-24,1.2071419151887172e-24,2.83783354127674e-25,6.613311858317283e-26,1.5279886872912915e-26,3.500689912742419e-27,7.9539107014849635e-28,1.7925055965861857e-28,4.007285927454027e-29,8.888031338319082e-30,1.956049998355409e-30,4.2719433861799595e-31,9.259608812075032e-32,1.9921881110576447e-32,4.2548680536302826e-33,9.02206624913321e-34,1.899480680482391e-34,3.9711494353736144e-35,8.245032529280298e-36,1.7002174235956072e-36,3.4825112938563666e-37,7.085908709553095e-38,1.4323576072430133e-38,2.876717417001156e-39,5.7407520032021875e-40,1.1384168027854985e-40,2.2435148376337038e-41,4.394253389944387e-42,8.554651007232971e-43,1.6554356776875192e-43,3.184535863594761e-44,6.090235305765962e-45,1.1579922871140438e-45,2.18922206554594e-46,4.115425609323578e-47,7.69321875211359e-48,1.4302000149580887e-48
-0.3319677399665076,0.3480662057349315,0.11553963304857387,-0.27886598445786503,-0.18986551774653015,0.1468310675359382,0.27956985628075487,0.11096805435585237,-0.14770489015432486,-0.2752219458881405,-0.210548540977914,-0.02918805579841086,0.15812770734369613,0.2789816079916826,0.3163123942195958,0.2899410733843885,0.2311629678764062,0.1660346800636621,0.10966752857126089,0.06751882816965266,0.03912050259244039,0.021484993137784902,0.011247242561305345,0.005637495497822023,0.0027155476945665467,0.0012609597819758232,0.0005659248853908054,0.00024604448404243916,0.00010382999648129868,0.00004260302326169641,0.000017022964497668622,6.632919293061192e-6,2.5234009839094886e-6,9.383518450153197e-7,3.41416593584107e-7,1.216595449166257e-7,4.24932602338051e-8,1.455949849100007e-8,4.897105305116448e-9,1.618043476291364e-9,5.254955875132469e-10,1.6785258960909422e-10,5.275971163201147e-11,1.6327228230124893e-11,4.976968256211866e-12,1.4950438455849884e-12,4.4275415464232983e-13,1.2931940493908123e-13,3.726664514629964e-14,1.0599538413155658e-14,2.9765292019883693e-15,8.2552258297199e-16,2.261911481410538e-16,6.124574889738029e-17,1.639267939856576e-17,4.338224743490117e-18,1.1354593282582925e-18,2.939903605616432e-19,7.531762766568558e-20,1.909668882069446e-20,4.793021055499486e-21,1.1910737685584927e-21,2.931101077143277e-22,7.14442399419418e-23,1.7251478715007647e-23,4.127466809170641e-24,9.786146883026502e-25,2.299751243488734e-25,5.357456255256543e-26,1.2374006818674546e-26,2.8339951457539207e-27,6.437034935228777e-28,1.450205737505123e-28,3.241062678782352e-29,7.18645239571409e-30,1.5811188383214905e-30,3.4521462417366284e-31,7.480641988149575e-32,1.6090234251746381e-32,3.435635132490634e-33,7.283143422727785e-34,1.5330012905490639e-34,3.204213325812561e-35,6.65116579731139e-36,1.371237319967946e-36,2.8080569662027563e-37,5.712372450591525e-38,1.1544690160242609e-38,2.3181422306329276e-39,4.625150080681222e-40,9.17011004404128e-41,1.8068428013246325e-41,3.538315802432595e-42,6.887089034139194e-43,1.3325066554367177e-43,2.5628819751830104e-44,4.9005359050968924e-45,9.316307389935867e-46,1.760995097529419e-46,3.3098992210128505e-47
0.24021227311263765,-0.38738640546961145,0.11735149415172447,0.2834866342317893,-0.09030619600814668,-0.27956985628075487,-0.05546603120548758,0.2216733342600014,0.2350143159276609,0.018250138630659326,-0.2029568159148229,-0.2639635583635925,-0.155699551783735,0.030886241391900028,0.19726740008449845,0.2903320844885857,0.3062019766149558,0.26896235314478667,0.20822494043023718,0.14629808860717397,0.0949643060612735,0.057641190760979955,0.033002110852466654,0.017941565156888932,0.00931001727704288,0.00463065643971416,0.002215393147778769,0.0010224698749759238,0.00045638531806955156,0.0001974410187919646,0.0000829454175933441,0.00003389412508491455,0.00001349213483973729,5.238907299371356e-6,1.9866747052115423e-6,7.365664148406645e-7,2.6725563096949173e-7,9.498728159947644e-8,3.3097049480055394e-8,1.1314399466079503e-8,3.797521025021253e-9,1.2522210281835388e-9,4.0591921549679175e-10,1.2942667262427512e-10,4.061300258683878e-11,1.2548173307287035e-11,3.819211499521614e-12,1.1456087489677936e-12,3.3880432150469365e-13,9.882846991260375e-14,2.8444411515817886e-14,8.080650118493512e-15,2.266600482289127e-15,6.279434953734355e-16,1.7187548331376724e-16,4.649215671872911e-17,1.243187571808831e-17,3.28698889772814e-18,8.595532471016569e-19,2.223637300171626e-19,5.692079639198568e-20,1.4420786190922754e-20,3.616671643186821e-21,8.980881604365268e-22,2.2085271891713736e-22,5.379492765279262e-23,1.2981131924479508e-23,3.103783626417709e-24,7.354450140118468e-25,1.727263341086369e-25,4.021459710665591e-26,9.283048800524859e-27,2.124917242479786e-27,4.823902563762352e-28,1.0862225461378549e-28,2.4263846533403573e-29,5.37744545236254e-30,1.182554495144844e-30,2.580754689259217e-31,5.589883604623981e-32,1.201815657103444e-32,2.5650696006704965e-33,5.435411647492686e-34,1.1436212099973848e-34,2.3894154591142437e-35,4.9579584198682686e-36,1.0217784106725746e-36,2.0916691011602614e-37,4.253538661392606e-38,8.593432007657914e-39,1.7249578922957695e-39,3.440501406069922e-40,6.819166004170962e-41,1.3432012618011573e-41,2.6295680237504203e-42,5.116742933063745e-43,9.896924507838447e-44,1.902984445159623e-44,3.637714979418616e-45,6.913691178473691e-46
-0.16092410754279995,0.35031138240379744,-0.28568339475137283,-0.11309007957708475,0.2747940935712149,0.11096805435585237,-0.2216733342600014,-0.20397044781828552,0.07953689422357003,0.2542549696467278,0.1577788486305231,-0.07758415564455341,-0.2413024671107844,-0.23287417545308478,-0.08847453980472862,0.09426930378551915,0.23380862092415583,0.29699682297808516,0.2918042682267895,0.24504376492868732,0.18366998069650373,0.12586775216437998,0.08007798397596688,0.04780191047420513,0.0269843138201573,0.014492088272270179,0.00744027805957151,0.003665968061389566,0.0017391960048287953,0.0007966565302119788,0.0003531745666932424,0.0001518452493725846,0.00006342997486724077,0.00002578499805321875,0.000010215067115119233,3.948895739736563e-6,1.491334503078549e-6,5.508045895772468e-7,1.991411414171167e-7,7.054206344752951e-8,2.4502535179253025e-8,8.351690063037145e-9,2.79536730196741e-9,9.193560585146556e-10,2.9728219194169287e-10,9.4566425996642e-11,2.9608404840662995e-11,9.128845990495767e-12,2.772934546113516e-12,8.301843560547474e-13,2.450745854515219e-13,7.136390666132419e-14,2.0505688385163166e-14,5.81615500114541e-15,1.6289445166651155e-15,4.506309765854919e-16,1.2317125796140593e-16,3.32731828927433e-17,8.885734303670395e-18,2.3464882332318922e-18,6.128817000944864e-19,1.583691754411606e-19,4.0494735838278386e-20,1.024836359076632e-20,2.5676086799825215e-21,6.369542407850197e-22,1.564862121491873e-22,3.8081368614542103e-23,9.181102174178649e-24,2.193295954515209e-24,5.192678803691281e-25,1.218559134207767e-25,2.8348455510647736e-26,6.538893636122772e-27,1.495662098311102e-27,3.392948411813033e-28,7.634732535009827e-29,1.7042746565872952e-29,3.774584410875689e-30,8.295363308575927e-31,1.809212979137894e-31,3.9163522744723776e-32,8.41511120735514e-33,1.7950266441724878e-33,3.8015472645087324e-34,7.99415527619777e-35,1.669361728704896e-35,3.46206985175901e-36,7.131310964826694e-37,1.4591188956104383e-37,2.9657755662437793e-38,5.988936480785729e-39,1.201604412368821e-39,2.3955725888287257e-40,4.74600184570459e-41,9.344392864215527e-42,1.8285714506145742e-42,3.55666270111046e-43,6.876616336102632e-44,1.3217185999830152e-44
0.10084422950913559,-0.2764203678645614,0.3541812099209889,-0.10407593851969375,-0.2521684233156847,0.14770489015432486,0.2350143159276609,-0.07953689422357003,-0.25381280480256974,-0.07496905808047406,0.18539246709462967,0.23363075909636907,0.056193099972619974,-0.16166924896348536,-0.2526203817441734,-0.1802232786144879,-0.013200897086292587,0.15471654681410377,0.2626340271183069,0.29614217187276487,0.27235012009507387,0.21870346313403405,0.15854661886494453,0.10582342283310066,0.06588542664190158,0.03862040866431753,0.02146348083830058,0.011371358793638035,0.005768518768080524,0.002812100093900581,0.0013213993983907308,0.0006000699308993961,0.0002639416566298294,0.00011266853666126362,0.00004675579125038052,0.000018891742380259157,7.44231755921181e-6,2.862070529853552e-6,1.0756575678731987e-6,3.954860522137899e-7,1.423821622716651e-7,5.023632761398334e-8,1.7384389268066493e-8,5.9046715056256885e-9,1.9697870859068135e-9,6.458059064488318e-10,2.0820800723577578e-10,6.604537800952294e-11,2.0623335582919417e-11,6.342421979690786e-12,1.9218831688153048e-12,5.740622999523206e-13,1.6909294174189744e-13,4.9135011206116324e-14,1.4090024354200028e-14,3.988737468808117e-15,1.1150713576504e-15,3.079264146572868e-16,8.402247855606579e-17,2.2660501873097825e-17,6.042056031692564e-18,1.5931317463450704e-18,4.1550481313954917e-19,1.0721586111973693e-19,2.737773943552668e-20,6.919658918068807e-21,1.7314485785930423e-21,4.290007585171414e-22,1.052719116651152e-22,2.5588938075843174e-23,6.162454039670561e-24,1.47058586484355e-24,3.4780298023105285e-25,8.153627888561173e-26,1.8950001373476405e-26,4.3668897000178896e-27,9.979333439528286e-28,2.261813902299042e-28,5.085058909322327e-29,1.1341612779652506e-29,2.5098485971606007e-30,5.511459464100846e-31,1.2011106193336664e-31,2.5980414762983985e-32,5.578324467293467e-33,1.1890568643960743e-33,2.5164473561256035e-34,5.288145338942382e-35,1.1035498053795458e-35,2.2871521637438223e-36,4.708181134495129e-37,9.627324020967517e-38,1.955647783159162e-38,3.9468045763192485e-39,7.914197559151797e-40,1.5769207220607996e-40,3.1224039188337336e-41,6.144382506935175e-42,1.2017391430340002e-42,2.3362377924380493e-43
-0.059580580978355675,0.19692885833313228,-0.3395624275310181,0.26597654956173616,0.0796016719810902,-0.2752219458881405,-0.018250138630659326,0.2542549696467278,0.07496905808047406,-0.20951973957142095,-0.18855752326750902,0.0669258378869564,0.23657367116361372,0.16305279539228648,-0.05238432371953887,-0.21965236240154806,-0.23249837786064362,-0.10955221074637968,0.06363334124648384,0.20663228346414128,0.2805533451555853,0.28680774847590157,0.24826453501887075,0.19093191311687163,0.13388263312726092,0.0869914137162978,0.052961062712200115,0.03045743642461368,0.016649047189734097,0.008693368872865426,0.004353462367218518,0.0020978814065299002,0.0009755612442976419,0.0004388431999533127,0.00019136411169352362,0.00008104208327566561,0.00003338642995468942,0.000013398987485183997,5.245478084427189e-6,2.0054995273681537e-6,7.496358679430128e-7,2.7421636729501335e-7,9.825186173422249e-8,3.4510435386467735e-8,1.1891934361015701e-8,4.023024103347933e-9,1.337009892790963e-9,4.3677993268626357e-10,1.403406302326272e-10,4.437389960615507e-11,1.3813748895434148e-11,4.235830721301821e-12,1.279970893275464e-12,3.8130855251871846e-13,1.1203106665226699e-13,3.247485473730643e-14,9.290855168744622e-15,2.624272924772752e-15,7.320572472175793e-16,2.0174140335929407e-16,5.493940908721976e-17,1.4788737888175847e-17,3.935956269646767e-18,1.0359773488110006e-18,2.6973370308876944e-19,6.948720526623001e-20,1.7715554032200196e-20,4.470711125222024e-21,1.1170137588165064e-21,2.7636632056644617e-22,6.77232502338318e-23,1.6439738376450223e-23,3.953956705502851e-24,9.423702247424691e-25,2.2260452970974967e-25,5.212390514884312e-26,1.210029033383235e-26,2.7853111593536815e-27,6.35816542821666e-28,1.439558122829406e-28,3.233129259596877e-29,7.20391887310663e-30,1.592649165935471e-30,3.4940492188988355e-31,7.607570393059659e-32,1.6440687335057443e-32,3.526943683054326e-33,7.511519666903678e-34,1.5883736457937771e-34,3.335160292070637e-35,6.954442400059642e-36,1.4402262254059406e-36,2.962525086850943e-37,6.053343778430061e-38,1.228764503250275e-38,2.4781012268950758e-39,4.965724283492917e-40,9.887682917592991e-41,1.9565418781385176e-41,3.847688710932424e-42
0.033394863305156904,-0.12921948614201856,0.27839370516587353,-0.33506562364608783,0.12360167293508922,0.210548540977914,-0.2029568159148229,-0.1577788486305231,0.18539246709462967,0.18855752326750902,-0.10383341340138609,-0.2352726721426418,-0.05928575270904894,0.17834453748792795,0.22228803671213276,0.05895752437531007,-0.14752556687671237,-0.24173687893390597,-0.18264614606422974,-0.028104705584078203,0.13497227416630428,0.24580493110510587,0.28625258425446787,0.2694946396496839,0.22074934963381426,0.16292841893323953,0.11058481072263526,0.0699525397873575,0.04163326280836898,0.023479680104520523,0.012617244743822828,0.006489200775709637,0.00320600312645233,0.0015262237799334992,0.0007019274618324489,0.0003125854545488836,0.00013505347702139382,0.00005670995954634575,0.000023179349230449263,9.2349084792455e-6,3.590828809204567e-6,1.3641989106205955e-6,5.069062407769528e-7,1.8439632814917492e-7,6.572428121111595e-8,2.297170080803632e-8,7.879032565555785e-9,2.6537536075055525e-9,8.782760872156558e-10,2.857856961060294e-10,9.148046182367037e-11,2.8821657800914782e-11,8.941757625211187e-12,2.7329911774321347e-12,8.23287689747907e-13,2.4453401275217095e-13,7.164201646682623e-14,2.0710710023886256e-14,5.9097686807875e-15,1.665084995765387e-15,4.633700076864788e-16,1.2740125627569971e-16,3.4617560345802605e-17,9.29850743695159e-18,2.4696529176104895e-18,6.487411902447131e-19,1.6858631010282324e-19,4.3349744988946e-20,1.103210305752925e-20,2.7792520263943098e-21,6.932377327021173e-22,1.7123972977582107e-22,4.1896257790029557e-23,1.0154805054375389e-23,2.4387545206536637e-24,5.804122085719317e-25,1.3691348784049651e-25,3.201577854511569e-26,7.422576111385043e-27,1.7063985495239453e-27,3.8904686312442023e-28,8.79786816697988e-29,1.973620581731284e-29,4.3925365937240334e-30,9.700313067846105e-31,2.1258189418244696e-31,4.623671067148129e-32,9.981969272454238e-33,2.1392486282488942e-33,4.551638654652883e-34,9.615684990539112e-35,2.0171668850653065e-35,4.2023731605023234e-36,8.695197896605127e-37,1.7870479163038686e-37,3.6484091989926887e-38,7.399787415664321e-39,1.491145663096351e-39,2.985670359703382e-40,5.940452686539275e-41
-0.017846713996051974,0.07912575456010157,-0.20387713032247295,0.32445044731059275,-0.26810675450841487,-0.02918805579841086,0.2639635583635925,-0.07758415564455341,-0.23363075909636907,0.0669258378869564,0.2352726721426418,0.02189981845674314,-0.21405109946065684,-0.15976039408992537,0.0824057246983571,0.22806872074531043,0.1499453173193412,-0.054210543580935584,-0.2116220246675683,-0.2250244892489266,-0.11002757759030594,0.055129168337134646,0.19464300854334343,0.26989859026408053,0.28009821278909486,0.24572078426802466,0.191389968406525,0.1358694190957803,0.08935620682229357,0.05505154903065101,0.03203257137721664,0.017713199548044248,0.009354682051044453,0.004737323508678185,0.0023081306727975176,0.0010850234201836082,0.0004933137678480742,0.0002173843859354229,0.00009301605138676135,0.000038709998437229586,0.000015691286923909588,6.203458235007221e-6,2.39476937679716e-6,9.036815193188875e-7,3.3366861824936805e-7,1.2065748386303514e-7,4.2765293787211785e-8,1.4868208848098367e-8,5.074146623962333e-9,1.7009432810481498e-9,5.604086254766744e-10,1.815749897655877e-10,5.788628183440305e-11,1.816692607289549e-11,5.615366015104266e-12,1.710244608635735e-12,5.13456580087711e-13,1.5201496010726854e-13,4.439853328457368e-14,1.2796897732872761e-14,3.64116887681657e-15,1.0230951101039412e-15,2.83963525108025e-16,7.787651845607735e-17,2.110902441391081e-17,5.656688873664432e-18,1.4989898477882546e-18,3.9290033712822445e-19,1.0188588781606314e-19,2.6145084246847365e-20,6.640533748829195e-21,1.669712673498605e-21,4.1571121042914504e-22,1.0250265907002078e-22,2.5035197379291823e-23,6.057809098283106e-24,1.4524535608517267e-24,3.4512932946488462e-25,8.12873157167164e-26,1.8979773370229155e-26,4.3939022120983284e-27,1.0087012630204897e-27,2.296609898947409e-28,5.186592836861936e-29,1.1619923741168414e-29,2.5828834138251158e-30,5.696908963924471e-31,1.2469747796825791e-31,2.7090026213177174e-32,5.841744386004211e-33,1.2505574955556246e-33,2.65789647513063e-34,5.609055891799129e-35,1.1754430450197154e-35,2.4463307297881983e-36,5.056744700172325e-37,1.0382659374582403e-37,2.1177091648059366e-38,4.291227844132649e-39,8.639544410254598e-40
0.009131509540621193,-0.04563765152877073,0.1366194103300614,-0.2679479692302935,0.3245019543281223,-0.15812770734369613,-0.155699551783735,0.2413024671107844,0.056193099972619974,-0.23657367116361372,-0.05928575270904894,0.21405109946065684,0.13142192192847504,-0.141047908875765,-0.21472493748104496,-0.024562005512603183,0.1866295506597662,0.20620817385455203,0.04188514968988793,-0.151148423287583,-0.2342082870705934,-0.17376037900453126,-0.024946447780984243,0.13137382532554728,0.23837825581926383,0.2785606257637807,0.26376396793857404,0.2175655499328445,0.16182366939767615,0.11074200841117676,0.07065424892139213,0.04242196013272633,0.024139085742946594,0.013089070362886788,0.006793117813633581,0.00338671683861556,0.0016269051141418378,0.000755002884251283,0.0003392454450744829,0.00014788058372538875,0.0000626458079878905,0.000025830049496937258,0.000010380291932954746,4.070844549621765e-6,1.5596923624195823e-6,5.844104879405882e-7,2.1435264993083612e-7,7.70274370402123e-8,2.7140162816028152e-8,9.383149373283646e-9,3.1852953764125738e-9,1.0624067099126502e-9,3.48360193436004e-10,1.1235768981442525e-10,3.566469284930167e-11,1.1146710920488496e-11,3.431833697252101e-12,1.0412721879065717e-12,3.1148540471905387e-13,9.189964090342424e-14,2.6751680551921487e-14,7.68598965341636e-15,2.1802324378197126e-15,6.107956135780133e-16,1.6904740134594373e-16,4.6234260266122625e-17,1.2499133147635566e-17,3.34094211886363e-18,8.831586039680155e-19,2.309362947888346e-19,5.974865987688948e-20,1.5298235782645e-20,3.877239874917456e-21,9.728804984683934e-22,2.417329440899473e-22,5.948843452727237e-23,1.4501984650402303e-23,3.502640456250529e-24,8.383188522322227e-25,1.9885579867007415e-25,4.675736537558634e-26,1.0899577340871272e-26,2.5193010741653517e-27,5.77460320721357e-28,1.3127885882653734e-28,2.9604316865486306e-29,6.623051839692848e-30,1.470136553289514e-30,3.2382139298700064e-31,7.07867727544425e-32,1.5358411434455988e-32,3.3077719926071144e-33,7.072387260139845e-34,1.5013519620921173e-34,3.164671112879082e-35,6.62440090113604e-36,1.3771391241007891e-36,2.843559599696443e-37,5.83229162048252e-38,1.1883559763619e-38
-0.0044889610529173975,0.024967649566290016,-0.08506132967290427,0.19735045088347683,-0.30815278778495614,0.2789816079916826,-0.030886241391900028,-0.23287417545308478,0.16166924896348536,0.16305279539228648,-0.17834453748792795,-0.15976039408992537,0.141047908875765,0.20075969863682222,-0.04081564691966872,-0.21857713991920782,-0.11899436591855479,0.11204912856050277,0.2220541693573869,0.1249397679386985,-0.07234203539656724,-0.21225462974094617,-0.21377923479419056,-0.09776396904075808,0.06131745212326812,0.1936334756911309,0.26428042010376535,0.2731712320738328,0.23974799577682052,0.18725625530022444,0.13349624740998417,0.08825148176152005,0.05469050774789203,0.03202526001968412,0.01782841149514268,0.009481442655262616,0.004836066793927635,0.0023735260006572142,0.0011240593037786164,0.0005148936940631342,0.00022860363533662925,0.00009855533693808603,0.00004132496065734843,0.000016877513996361906,6.722535145419536e-6,2.614549925655761e-6,9.939491415302147e-7,3.697077232739241e-7,1.3466929601823105e-7,4.8078622997697035e-8,1.683600975646808e-8,5.786768928288595e-9,1.953562945436089e-9,6.481537747577767e-10,2.1146364196124825e-10,6.787849950193182e-11,2.1447921204627914e-11,6.674199723104441e-12,2.0462888073886376e-12,6.18401112400725e-13,1.842812339937825e-13,5.4170424292815194e-14,1.571332019484323e-14,4.4992985026598976e-15,1.2721317326246216e-15,3.552731692919192e-16,9.803071495243736e-17,2.673326242444449e-17,7.206874798470834e-18,1.9211326868617128e-18,5.06510595314394e-19,1.3211176420807816e-19,3.409675719621688e-20,8.70956029401271e-21,2.202318979674718e-21,5.513798163962978e-22,1.3670698670755232e-22,3.357215611174233e-23,8.167572496556659e-24,1.9688190997366082e-24,4.703150592828045e-25,1.1135531292577156e-25,2.613595496901744e-26,6.081844815816883e-27,1.403343110564272e-27,3.2113230442778187e-28,7.288762982810716e-29,1.6410795820459666e-29,3.665776418774404e-30,8.124856366816975e-31,1.787022748072439e-31,3.9008468729616105e-32,8.451824438635311e-33,1.817823425852549e-33,3.881576744228847e-34,8.229325212870744e-35,1.7324588647233145e-35,3.621981381641014e-36,7.520641092928603e-37,1.5510599772423767e-37
0.002126457738469849,-0.013027106075250192,0.04973113536179335,-0.13286227465840106,0.25146276098648973,-0.3163123942195958,0.19726740008449845,0.08847453980472862,-0.2526203817441734,0.05238432371953887,0.22228803671213276,-0.0824057246983571,-0.21472493748104496,0.04081564691966872,0.22009440598212962,0.061293578988849996,-0.1773001825109084,-0.18420399777340032,0.021862884744256232,0.19950028403053172,0.18360060171650683,0.011946225457034068,-0.16480627933937267,-0.22769777715644982,-0.15704966333330692,-0.009786876576689184,0.1386861406755892,0.23761072996499244,0.27275186553821856,0.2563514772934221,0.21087682041776348,0.15684332089809808,0.10751635624975857,0.06879565012833491,0.04146229810697773,0.023697756394843148,0.012913248254699592,0.006737570542173257,0.0033779291813062304,0.0016321972217223607,0.0007620377719483859,0.00034452451372558374,0.00015112687748566469,0.00006442900817304631,0.000026736114238325233,0.00001081391571493979,4.268432333248384e-6,1.6460304860194852e-6,6.207717303375564e-7,2.2916794431262026e-7,8.288470085137512e-8,2.939242331902605e-8,1.0227121315290017e-8,3.4939944823822367e-9,1.1727766786014695e-9,3.869795344894685e-10,1.2559694248253756e-10,4.0115523031401766e-11,1.261532882313421e-11,3.9078284373097895e-12,1.1929163937200616e-12,3.590034394065135e-13,1.0655363955545767e-13,3.12016311208274e-14,9.017285589052788e-15,2.572803339825419e-15,7.249455716677825e-16,2.0179092642260504e-16,5.550328502316289e-17,1.5089483967368742e-17,4.055845050406111e-18,1.0780709497502105e-18,2.8344940595194426e-19,7.373350870660866e-20,1.8980615936832896e-20,4.836184793784106e-21,1.219916871453316e-21,3.0470289623871485e-22,7.537424731050137e-23,1.8469176658484318e-23,4.483585720857148e-24,1.0785229547194187e-24,2.5711613123354854e-25,6.075652284784405e-26,1.4232641330200796e-26,3.305752165008983e-27,7.613921380778069e-28,1.7392377392433263e-28,3.940753412812407e-29,8.857778478239981e-30,1.975374342193218e-30,4.371245609963751e-31,9.599372206431429e-32,2.092239533334252e-32,4.526459452639289e-33,9.721446028644277e-34,2.072875183165112e-34,4.388633117341417e-35,9.226603040525457e-36,1.9264257622747377e-36
-0.0009731640625383851,0.006510847017298594,-0.027516062669456824,0.083044277440029,-0.18369061387348878,0.2899410733843885,-0.2903320844885857,0.09426930378551915,0.1802232786144879,-0.21965236240154806,-0.05895752437531007,0.22806872074531043,0.024562005512603183,-0.21857713991920782,-0.061293578988849996,0.19204366824274519,0.14444438749262115,-0.10445030576349325,-0.21179082289201223,-0.06669456550218013,0.14633907482700706,0.21177202388291785,0.08989046879404972,-0.09987116213955603,-0.2161443476021598,-0.19827132237531184,-0.07635412608706796,0.07732547386699946,0.19981436455147836,0.26192794896885724,0.26602888345145304,0.23137587163440818,0.17987994380066133,0.12798850000068732,0.08459992910805408,0.05248953218731281,0.03080271488622324,0.017197644250168648,0.009177924982682863,0.004699779239364447,0.0023166236559843782,0.0011021913457226523,0.0005073372245842193,0.00022639079140224873,0.00009811174715780794,0.00004135936713433896,0.000016983792488145463,6.802349076476197e-6,2.6604153866274525e-6,1.0171002957756898e-6,3.8046968850980007e-7,1.3938052317747224e-7,5.0045316720667335e-8,1.7625075284100563e-8,6.0926723118178485e-9,2.0685968792670227e-9,6.902366068158717e-10,2.2647482047662556e-10,7.310917914338118e-11,2.323111816979531e-11,7.269723916263859e-12,2.2413362188277678e-12,6.811117591066621e-13,2.0409068998374473e-13,6.032309088764047e-14,1.759354464779471e-14,5.0649896517957665e-15,1.4397867590503624e-15,4.0424485638937885e-16,1.121356481697481e-16,3.0740871246854527e-17,8.33061336984016e-18,2.2322157329627056e-18,5.915603915150269e-19,1.550838992770102e-19,4.022868871844436e-20,1.032760320525578e-20,2.6245027081551827e-21,6.603348146223267e-22,1.645256754039893e-22,4.060084311089986e-23,9.925330394455362e-24,2.40401608426457e-24,5.770103052544396e-25,1.372626686896104e-25,3.236760014892338e-26,7.566970826369662e-27,1.754079635712798e-27,4.0322961531825637e-28,9.193686055997451e-29,2.079301611777768e-29,4.6654182314374784e-30,1.0386326757859035e-30,2.294473978380306e-31,5.030416889235434e-32,1.0946442099092144e-32,2.364488703974558e-33,5.070403406766735e-34,1.0795264212977826e-34,2.2821952087827176e-35
0.0004312220975522543,-0.003128334982751493,0.014494669848659087,-0.0487128419779985,0.12291792270383033,-0.2311629678764062,0.3062019766149558,-0.23380862092415583,-0.013200897086292587,0.23249837786064362,-0.14752556687671237,-0.1499453173193412,0.1866295506597662,0.11899436591855479,-0.1773001825109084,-0.14444438749262115,0.1280384155293636,0.19517320333512184,-0.016938914348409665,-0.20124043867453306,-0.13941160527505378,0.07381343707018777,0.20849303268425007,0.15202914245445956,-0.02654022331552327,-0.18232374228563877,-0.21891379424037063,-0.13345087779481407,0.013751551952248055,0.15294452053324445,0.24077863549686615,0.26777077051984816,0.24750767089874512,0.20161947408020386,0.1490863291158789,0.10186616419754763,0.06508520062636103,0.039220892290915715,0.022436487638735056,0.012246495333772056,0.006404476318145585,0.0032200114463707815,0.0015609461235589269,0.0007313913578176401,0.0003319520195192073,0.00014621150964002927,0.00006260247184992976,0.000026094541321951817,0.000010603148337016984,4.205036092596854e-6,1.6294050495865797e-6,6.175128761688979e-7,2.2909605797335338e-7,8.327394315262546e-8,2.9679585717792506e-8,1.0379493669161292e-8,3.5641372638368e-9,1.202438983733994e-9,3.987995502080031e-10,1.3009654391161308e-10,4.176555435509643e-11,1.3201423462173841e-11,4.1102649687580155e-12,1.2611039148795585e-12,3.8145140628190897e-13,1.1378914023703376e-13,3.348829299480993e-14,9.726692875067542e-15,2.7890701048611583e-15,7.897886772809119e-16,2.209268420273736e-16,6.106538938403717e-17,1.668277477278648e-17,4.505886522201522e-18,1.2034789621060912e-18,3.179406176706235e-19,8.310009435948199e-20,2.1493135100363655e-20,5.502141831598019e-21,1.3943925114856642e-21,3.4989981406690403e-22,8.695384947973416e-23,2.140417044471528e-23,5.219726180331631e-24,1.2612737638729055e-24,3.020322996954995e-25,7.168816720374419e-26,1.6867744994025108e-26,3.9350049125488254e-27,9.102766850647956e-28,2.0883374484864315e-28,4.7520873348507265e-29,1.0727047790414608e-29,2.4023814675891517e-30,5.33853309950542e-31,1.1772558135701608e-31,2.5765460864500583e-32,5.597201853750443e-33,1.2070255522320585e-33,2.5841609258817784e-34
-0.00018537513631791772,0.001449405382079519,-0.0073040251416313946,0.02702981177024159,-0.07646954941894692,0.1660346800636621,-0.26896235314478667,0.29699682297808516,-0.15471654681410377,-0.10955221074637968,0.24173687893390597,-0.054210543580935584,-0.20620817385455203,0.11204912856050277,0.18420399777340032,-0.10445030576349325,-0.19517320333512184,0.044136733822794504,0.2081133241260796,0.06860226254504265,-0.15834519511358222,-0.18667849301048128,-0.005658009342273222,0.17715598043512415,0.19204673443026998,0.04619316598755296,-0.13137129418231,-0.21851827284132908,-0.17717946793605244,-0.0477874565116292,0.09966822512938352,0.21003278870707706,0.26097907606496323,0.2581699826247051,0.22104328606190546,0.17012747339087908,0.12025800833658086,0.07915892235263709,0.04899369481972194,0.028718515442546298,0.01603208952369592,0.008561831555652825,0.004390223269956724,0.0021681352912134313,0.0010339613314243072,0.00047722490474323253,0.0002135998427813827,0.00009287405869534983,0.000039289484453449724,0.000016193814082460364,6.511123542523327e-6,2.5567539191529615e-6,9.815141434277527e-7,3.687136333787949e-7,1.3565752701225671e-7,4.892247337062751e-8,1.7306311304418413e-8,6.009397015056277e-9,2.0495833584161873e-9,6.870178953182013e-10,2.2645453768744327e-10,7.343990695548295e-11,2.3444186517225905e-11,7.370407420709824e-12,2.2829214576885103e-12,6.969682120769947e-13,2.0981050935547503e-13,6.230094520289534e-14,1.825441136124442e-14,5.279489366145468e-15,1.507665359422017e-15,4.2524427809294474e-16,1.1849988991926176e-16,3.263346284096243e-17,8.883592584171365e-18,2.3911341023220952e-18,6.365228546127942e-19,1.6761752942314602e-19,4.367337471968587e-20,1.126156207246708e-20,2.874446006302584e-21,7.263885316525359e-22,1.8177140243409986e-22,4.5050883060128925e-23,1.1060602191090008e-23,2.6904552619819088e-24,6.4850833217936125e-25,1.549233678591704e-25,3.668566198133178e-26,8.612279652278762e-27,2.004676923784456e-27,4.627381823737485e-28,1.0593738005677299e-28,2.4057058273593978e-29,5.419633687443175e-30,1.2113915373218046e-30,2.6868152947044527e-31,5.913978452485197e-32,1.29198907714669e-32,2.8017041176822653e-33
