0.1432224215446776+0.*I,-0.141179698094865+0.24453041009754123*I,-0.19681059902946113-0.3408859569870927*I,0.4480320513428747+0.*I,-0.2208209757355577+0.38247314935092014*I,-0.19469130428455136-0.3372152308126952*I,0.31339506776915926+0.*I,-0.11676276580766376+0.20223904281113972*I,-0.08138617022506173-0.1409649818632563*I,0.10696718961132043+0.*I,-0.03334354892159197+0.05775272083685575*I,-0.019820139721507517-0.03432948901076507*I,0.022559907599285632+0.*I,-0.006167751632436204+0.01068285919584539*I,-0.0032497809702749314-0.005628785753986665*I,0.0033084889583265-2.2781975257972335*^-19*I,-0.0008153253297372557+0.001412184895802775*I,-0.00038985015055222825-0.0006752402680948354*I,0.00036231196929534894+0.*I,-0.00008193455845086722+0.00014191481813262397*I,-0.00003611963491611688-0.00006256104282555323*I,0.00003107813382480688-6.99794386367857*^-21*I,-6.5313781432506835*^-6+0.000011312678787555072*I,-2.684924901191003*^-6-4.6504263433696595*^-6*I,2.1609650838181443*^-6+0.*I,-4.2602882263350195*^-7+7.379035662899751*^-7*I,-1.647189404906911*^-7-2.8530157389879135*^-7*I,1.2499219243780284*^-7+0.*I,-2.328440296985081*^-8+4.032976896768927*^-8*I,-8.524272802532418*^-9-1.4764473591563692*^-8*I,6.136460464069329*^-9-8.451029592353053*^-25*I,-1.086421446227589*^-9+1.8817371432986435*^-9*I,-3.7862960913620515*^-10-6.558057202738525*^-10*I,2.5988357421215347*^-10+0.*I,-4.393398617644876*^-11+7.609589623663794*^-11*I,-1.4640564392418234*^-11-2.5358201379152153*^-11*I,9.621167964101494*^-12+0.*I,-1.5591509763818955*^-12+2.7005287077640655*^-12*I,-4.986405637608646*^-13-8.636707911486057*^-13*I,3.1483030436779137*^-13-1.5301659841106432*^-29*I,-4.906906357842708*^-14+8.499011119766328*^-14*I,-1.5108003401054613*^-14-2.616782949154996*^-14*I,9.19186540822154*^-15-4.1395122687758716*^-30*I,-1.3817537926448594*^-15+2.3932677724118905*^-15*I,-4.10672440647274*^-16-7.113055324693914*^-16*I,2.4138513966501204*^-16-1.918211031145945*^-31*I,-3.508268717032383*^-17+6.076499664504583*^-17*I,-1.0088698749748316*^-17-1.7474138816820652*^-17*I,5.741637415007122*^-18+0.*I,-8.08535251951271*^-19+1.4004241360901046*^-18*I,-2.2542661504495095*^-19-3.904503506361256*^-19*I,1.2446330515919504*^-19-1.4374690444812242*^-35*I,-1.7013783194713268*^-20+2.9468736922204905*^-20*I,-4.6073816862527576*^-21-7.980219170452143*^-21*I,2.472171182490978*^-21+0.*I,-3.2859309380825616*^-22+5.69139933492146*^-22*I,-8.656765437878464*^-23-1.4993957567611735*^-22*I,4.5210514578459156*^-23-2.8457661339863533*^-39*I,-5.851762477950705*^-24+1.0135549925635774*^-23*I,-1.5019376917793086*^-24-2.601432391964486*^-24*I,7.645352586524925*^-25-2.1058100620385627*^-40*I,-9.649256206480405*^-26+1.67130020048734*^-25*I,-2.415957139374841*^-26-4.1845605143059864*^-26*I,1.2001628473785759*^-26-2.4703231636742452*^-42*I,-1.4788067628496714*^-27+2.56136844783209*^-27*I,-3.616146210739031*^-28-6.2633489645976745*^-28*I,1.7550732297948121*^-28+0.*I,-2.113581880522854*^-29+3.6608312030225554*^-29*I,-5.05307626461101*^-30-8.75218482482663*^-30*I,2.398570762107442*^-30+3.587628368414249*^-46*I,-2.8259518117516197*^-31+4.894692117695124*^-31*I,-6.611908118049366*^-32-1.145216079543862*^-31*I,3.0724285313946817*^-32+0.*I,-3.544717227019928*^-33+6.139630335663179*^-33*I,-8.123757823509477*^-34-1.4070761298703577*^-33*I,3.69868685957796*^-34+3.0151232080228775*^-50*I,-4.182173104533889*^-35+7.243736303100763*^-35*I,-9.396105282433541*^-36-1.6274531742441205*^-35*I,4.194901820689289*^-36-4.077686286008773*^-52*I,-4.6523190640927875*^-37+8.058052992029998*^-37*I,-1.0254529302741342*^-37-1.7761365760051825*^-37*I,4.492565822374558*^-38-3.592750333207539*^-53*I,-4.890449280968626*^-39+8.470506626476362*^-39*I,-1.0582808687867804*^-39-1.8329962334168323*^-39*I,4.552841486461473*^-40-4.100700424560614*^-55*I,-4.867817679319194*^-41+8.431307542562885*^-41*I,-1.0348473937414865*^-41-1.7924082640404858*^-41*I,4.3745955997462705*^-42-3.813318515197438*^-57*I,-4.5968233238858485*^-43+7.961931550387963*^-43*I,-9.60625345607969*^-44-1.6638519056314089*^-43*I,3.9925835604965547*^-44-6.345558669555942*^-59*I,-4.125670641012825*^-45+7.145871165529497*^-45*I,-8.479922303698451*^-46-1.4687656274242164*^-45*I,3.4671419818398197*^-46-7.13775241757225*^-61*I,-3.52507966605031*^-47+6.105617082327096*^-47*I,-7.130145067425434*^-48-1.2349773522117412*^-47*I,2.8693529801205184*^-48+0.*I,-2.8718340912661285*^-49+4.9741625569813305*^-49*I,-5.719229721740067*^-50-9.90599645821181*^-50*I,2.266424058035886*^-50+1.3040642779779057*^-66*I
0.141179698094865+0.24453041009754123*I,-0.41344201518779644+0.*I,0.18834889439508629-0.3262298546417144*I,0.10075599448402252+0.17451450161345655*I,0.025378120669044275+0.*I,-0.10994171063284121+0.19042462868711643*I,-0.1679691121349329-0.29093103631993783*I,0.3687757085438798+0.*I,-0.16980418955380264+0.29410948364524264*I,-0.1387169508097031-0.24026480667343847*I,0.20678802058155432+0.*I,-0.07151313477575802+0.12386438284013368*I,-0.046420833256454686-0.0804032417298625*I,0.057021769673301054+0.*I,-0.016670752136937125+0.028874589701562536*I,-0.009325046257747566-0.016151453901348804*I,0.010019169135526428-6.899115161818762*^-19*I,-0.002593092702566872+0.004491368309581914*I,-0.0012968496503415138-0.0022462094841694353*I,0.001256217424213986+0.*I,-0.00029521353445006396+0.0005113248407494959*I,-0.00013488608210080583-0.00023362954743250247*I,0.00012001647372005828-2.702442014517714*^-20*I,-0.000026030127382752095+0.000045085503154416555*I,-0.000011023247898053513-0.000019092825423855493*I,9.125015235450005*^-6+0.*I,-1.847590038183632*^-6+3.2001198176921727*^-6*I,-7.326952423266931*^-7-1.2690653861738233*^-6*I,5.695872862250874*^-7+0.*I,-1.085849583313326*^-7+1.8807466476761754*^-7*I,-4.064042639142758*^-8-7.039128335121564*^-8*I,2.9882660858908966*^-8-4.115389526186587*^-24*I,-5.399269038398205*^-9+9.351808298239249*^-9*I,-1.9188845495734764*^-9-3.3236055337201807*^-9*I,1.3421391254612245*^-9+0.*I,-2.310534635171605*^-10+4.001963380764838*^-10*I,-7.835944121629576*^-11-1.3572253343933106*^-10*I,5.2375626242350516*^-11+0.*I,-8.628194801245316*^-12+1.494447177335854*^-11*I,-2.8036693154879564*^-12-4.856097702046996*^-12*I,1.7976848309795267*^-12-8.737266204536244*^-29*I,-2.8441026218448663*^-13+4.926130242975167*^-13*I,-8.885028696190949*^-14-1.5389321128510167*^-13*I,5.482690674860504*^-14-2.4691033110850702*^-29*I,-8.355887394133143*^-15+1.4472821508962924*^-14*I,-2.516932120235267*^-15-4.359454311449533*^-15*I,1.4988244022393394*^-15-1.1910681436795003*^-30*I,-2.2062517025079947*^-16+3.821340043029192*^-16*I,-6.423680850362462*^-17-1.112614160443501*^-16*I,3.700344814188524*^-17+0.*I,-5.272784701944095*^-18+9.13273100113909*^-18*I,-1.4871799018358638*^-18-2.5758711499750107*^-18*I,8.3043316737483125*^-19-9.590955101867034*^-35*I,-1.147788743590341*^-19+1.9880284202541167*^-19*I,-3.142029093951829*^-20-5.442154029584173*^-20*I,1.7038486169582697*^-20+0.*I,-2.2882996034807673*^-21+3.9634511761684046*^-21*I,-6.090057627080913*^-22-1.0548289231126493*^-21*I,3.2123981639934626*^-22-2.022037127692454*^-38*I,-4.198720815069911*^-23+7.272397778498095*^-23*I,-1.0880328333010798*^-23-1.8845281475805882*^-23*I,5.5907459453356254*^-24-1.539896156880884*^-39*I,-7.121532070777009*^-25+1.2334855374316984*^-24*I,-1.799301989665075*^-25-3.1164824642596797*^-25*I,9.018216722898345*^-26-1.8562405688753123*^-41*I,-1.1209607165931258*^-26+1.9415609144281105*^-26*I,-2.7647669362390608*^-27-4.7887168046525956*^-27*I,1.3532518839408065*^-27+0.*I,-1.6432841427103644*^-28+2.8462516264466165*^-28*I,-3.960964296295854*^-29-6.860591408150727*^-29*I,1.8953624212903705*^-29+2.834961593992388*^-45*I,-2.25083721880422*^-30+3.898564422535934*^-30*I,-5.3075293075886025*^-31-9.192910423404326*^-31*I,2.48531767356861*^-31+0.*I,-2.889123217599609*^-32+5.004108202209396*^-32*I,-6.670787250810635*^-33-1.1554142444886732*^-32*I,3.059539470473325*^-33+2.494098260683457*^-49*I,-3.4846001567291437*^-34+6.035504515517351*^-34*I,-7.884908329599035*^-35-1.3657061839888574*^-34*I,3.545071697598181*^-35-3.446013962214412*^-51*I,-3.9589952101249105*^-36+6.85718085085817*^-36*I,-8.786227355090512*^-37-1.5218192185868255*^-36*I,3.875363426740092*^-37-3.099167334038441*^-52*I,-4.2467739272556694*^-38+7.355628210265649*^-38*I,-9.250513760433114*^-39-1.6022359829185156*^-38*I,4.0055768505315856*^-39-3.6077844441606687*^-54*I,-4.310210849549515*^-40+7.465504182754389*^-40*I,-9.221193652258139*^-41-1.5971575912142685*^-40*I,3.922484001072065*^-41-3.4192145367040068*^-56*I,-4.147249583497958*^-42+7.183246990287354*^-42*I,-8.719728314963168*^-43-1.5103012469713106*^-42*I,3.6460088584931185*^-43-5.794734855445672*^-58*I,-3.7900247309368015*^-44+6.564515395925128*^-44*I,-7.835971763864444*^-45-1.3572301221688264*^-44*I,3.222526754391822*^-45-6.634166772612471*^-60*I,-3.295253641541387*^-46+5.7075467309760705*^-46*I,-6.703244026933538*^-47-1.1610359230181432*^-46*I,2.7127499770933063*^-47+0.*I,-2.730217531282658*^-48+4.7288754798968336*^-48*I,-5.467151826187732*^-49-9.469384735650125*^-49*I
-0.19681059902946113+0.3408859569870927*I,-0.18834889439508629-0.3262298546417144*I,0.1116909781909722+0.*I,0.09022113281477659-0.15626758595161272*I,0.1601795922463155+0.27743919210628426*I,-0.2664006576201684+0.*I,0.043731570991888916-0.07574530285275688*I,-0.05719679896985705-0.09906776184609561*I,0.26412266331127654+0.*I,-0.16683165881496423+0.2889609093785142*I,-0.16604481399997728-0.2875980541812847*I,0.28557609591522487+0.*I,-0.11045804286474993+0.19131894234636784*I,-0.07860496198718561-0.13614778788882567*I,0.10438592434378949+0.*I,-0.03265521759367495+0.0565604960044621*I,-0.019391636440685634-0.033587299557171615*I,0.021980880095941787-1.5135848201455106*^-18*I,-0.005971413662747976+0.01034279185689046*I,-0.003121548389078669-0.005406680408169037*I,0.0031494274525530005+0.*I,-0.0007685641573072596+0.0013311921693325325*I,-0.00036371244883873-0.0006299684407339759*I,0.0003344214196040531-7.530253696677369*^-20*I,-0.00007480412246262774+0.0001295645407208757*I,-0.000032612733947827554-0.00005648691217136358*I,0.000027749469638430936+0.*I,-5.7670704460745245*^-6+9.988859023429986*^-6*I,-2.344479922261105*^-6-4.060758342681366*^-6*I,1.8661795209507052*^-6+0.*I,-3.6389322494432205*^-7+6.302815541336562*^-7*I,-1.3917265852291007*^-7-2.4105411558611403*^-7*I,1.0447701478919444*^-7-1.4388397821089824*^-23*I,-1.9256926542001396*^-8+3.335397516836807*^-8*I,-6.976263716221886*^-9-1.2083243203495574*^-8*I,4.9703737592801956*^-9+0.*I,-8.71040378522475*^-10+1.508686191044953*^-9*I,-3.0052975756762326*^-10-5.205328092934809*^-10*I,2.0424390920043272*^-10+0.*I,-3.419264043372612*^-11+5.922339047614758*^-11*I,-1.1285365188665905*^-11-1.9546825888738475*^-11*I,7.346403863020728*^-12-3.5705639326261045*^-28*I,-1.179470415944935*^-12+2.0429026864410263*^-12*I,-3.7376629380599126*^-13-6.473822110286928*^-13*I,2.3386405136334086*^-13-1.0531954797535345*^-28*I,-3.6126741932507294*^-14+6.257335253903174*^-14*I,-1.1026069416399097*^-14-1.909771243698452*^-14*I,6.6506988249832824*^-15-5.285099102876321*^-30*I,-9.912892965544556*^-16+1.7169634266315335*^-15*I,-2.921637775126228*^-16-5.060425067831109*^-16*I,1.7031626132292058*^-16+0.*I,-2.455306452905621*^-17+4.2527155245842565*^-17*I,-7.004329481954895*^-18-1.2131854535698468*^-17*I,3.954902953942525*^-18-4.567651938013584*^-34*I,-5.526072829447173*^-19+9.571438906928407*^-19*I,-1.5289320280008266*^-19-2.6481879538167526*^-19*I,8.377921720997239*^-20+0.*I,-1.1367196618985953*^-20+1.9688562083708828*^-20*I,-3.0556853088180614*^-21-5.292602206814676*^-21*I,1.6277148407223003*^-21-1.024561611984285*^-37*I,-2.148057625105476*^-22+3.7205449442684254*^-22*I,-5.619170650954593*^-23-9.732689063853235*^-23*I,2.914241135540226*^-23-8.026887232439203*^-39*I,-3.7461194901462356*^-24+6.488469288157304*^-24*I,-9.549799918477198*^-25-1.6540738660919626*^-24*I,4.828641008482218*^-25-9.93890433983611*^-41*I,-6.054008604266321*^-26+1.048585049204841*^-25*I,-1.5058999766297327*^-26-2.608295270639482*^-26*I,7.432584817757993*^-27+0.*I,-9.099933335927041*^-28+1.576154688331538*^-27*I,-2.2112272241237215*^-28-3.82995789926178*^-28*I,1.066537209248011*^-28+1.5952579795918193*^-44*I,-1.2765130795353704*^-29+2.210985510281472*^-29*I,-3.0333240205439705*^-30-5.253871319401259*^-30*I,1.4312084701805256*^-30+0.*I,-1.676225765294578*^-31+2.9033081904462336*^-31*I,-3.898892923275802*^-32-6.753080636384436*^-32*I,1.8012406532606706*^-32+1.4683488229928822*^-48*I,-2.066213071489172*^-33+3.5787860190821916*^-33*I,-4.708488886934215*^-34-8.155341979043492*^-34*I,2.1317199990545367*^-34-2.0721546718647653*^-50*I,-2.3970053182338896*^-35+4.1517349971939024*^-35*I,-5.35580933040275*^-36-9.276533875908994*^-36*I,2.3781245227436972*^-36-1.9018102370240793*^-51*I,-2.6232679040835933*^-37+4.5436332917375136*^-37*I,-5.751399795801228*^-38-9.961716660968974*^-38*I,2.506459992102073*^-38-2.257544345508401*^-53*I,-2.7142318751661942*^-39+4.7011875113108036*^-39*I,-5.843242284028175*^-40-1.012079251687159*^-39*I,2.5009942898072684*^-40-2.1801073068967288*^-55*I,-2.6605028163049215*^-41+4.608126051520228*^-41*I,-5.627643621985425*^-42-9.747364680169662*^-42*I,2.367174355394754*^-42-3.7622365382272735*^-57*I,-2.475215463789399*^-43+4.287198942963418*^-43*I,-5.147454510663595*^-44-8.915652742118898*^-44*I,2.129098775316722*^-44-4.383143237388524*^-59*I,-2.1895725744156465*^-45+3.7924509457473035*^-45*I,-4.4791847423628524*^-46-7.758175550259734*^-46*I,1.8228041599284845*^-46+0.*I,-1.844663841847408*^-47+3.195051496964911*^-47*I
-0.4480320513428747+0.*I,0.10075599448402252-0.17451450161345655*I,-0.09022113281477659-0.15626758595161272*I,0.3170760509909967+0.*I,-0.07814306880751708+0.13534776543397029*I,0.0551781527570869+0.09557136404307125*I,-0.27719411870463756+0.*I,0.13190427707143212-0.2284649096233629*I,0.05691438758283366+0.09857861097513512*I,0.0776877698276415+0.*I,-0.11559410313090378+0.20021485967808197*I,-0.15542575635820488-0.2692053068172323*I,0.3196985415897676+0.*I,-0.1404661074815188+0.24329443489942146*I,-0.11039845117751743-0.19121572651637223*I,0.1590756273472931+0.*I,-0.053341823010471266+0.0923907476224829*I,-0.03365166272668459-0.05828638960178952*I,0.04024823793049882-2.7714596368893785*^-18*I,-0.011474683424031136+0.01987473469119034*I,-0.006267414498210611-0.01085548034299458*I,0.006582993926321625+0.*I,-0.0016672926062950117+0.0028878355051868932*I,-0.0008167496699143817-0.0014146519253568184*I,0.0007755977955053124-1.7464336386268697*^-19*I,-0.00017882005973611384+0.0003097254288754511*I,-0.00008021662875237091-0.00013893927661099667*I,0.00007011988629031501+0.*I,-0.000014950130311887707+0.00002589438527996506*I,-6.227212137051539*^-6-0.000010785847810882834*I,5.072988337842305*^-6+0.*I,-1.0113423530398294*^-6+1.7516963393112453*^-6*I,-3.9507648412441624*^-7-6.842925433791677*^-7*I,3.0267337605114884*^-7-4.168366557240747*^-23*I,-5.6887871706447105*^-8+9.853268413002642*^-8*I,-2.0999758924375206*^-8-3.637264940371581*^-8*I,1.5234988553593017*^-8+0.*I,-2.716920837325304*^-9+4.705844930390002*^-9*I,-9.533548194319974*^-10-1.6512589848968726*^-9*I,6.585736056967862*^-10+0.*I,-1.1200851149486334*^-10+1.940044327892659*^-10*I,-3.7539297350039863*^-11-6.501997029070475*^-11*I,2.4802705490968977*^-11-1.2054829452459054*^-27*I,-4.039970352164391*^-12+6.997433911020661*^-12*I,-1.2983202102524862*^-12-2.2487565686508115*^-12*I,8.235103840343704*^-13-3.7086393096286347*^-28*I,-1.2891415536234754*^-13+2.2328586690241399*^-13*I,-3.985742255287492*^-14-6.903508092032086*^-14*I,2.434616187063804*^-14-1.9347121505132092*^-29*I,-3.67369797730233*^-15+6.363031548350667*^-15*I,-1.0958239592451382*^-15-1.8980227735638617*^-15*I,6.463377916782718*^-16+0.*I,-9.425001069028089*^-17+1.6324580712947633*^-16*I,-2.7189613809407795*^-17-4.7093792556070655*^-17*I,1.552124213980961*^-17-1.792601046496115*^-33*I,-2.1920951633293697*^-18+3.7968201979124645*^-18*I,-6.128940620664826*^-19-1.061563655156421*^-18*I,3.393081386021196*^-19+0.*I,-4.650312989477438*^-20+8.054578368872436*^-20*I,-1.2624724816711539*^-20-2.1866664814120064*^-20*I,6.790364688069356*^-21-4.274180474807409*^-37*I,-9.046536604546795*^-22+1.5669061031606689*^-21*I,-2.388654956130288*^-22-4.1372717457688657*^-22*I,1.2501940346837078*^-22-3.4434921711494005*^-38*I,-1.6215596448560398*^-23+2.8086236923940073*^-23*I,-4.1703843799684065*^-24-7.223317633196906*^-24*I,2.1270161211498362*^-24-4.378086861347031*^-40*I,-2.6896065656490995*^-25+4.658535224075077*^-25*I,-6.746517823079018*^-26-1.1685311643741837*^-25*I,3.3573858393054084*^-26+0.*I,-4.143996560579679*^-27+7.177612589314682*^-27*I,-1.0150283164676936*^-27-1.7580806152431474*^-27*I,4.934350426228953*^-28+7.380485015702429*^-44*I,-5.951626994994383*^-29+1.030852034302875*^-28*I,-1.425064670986871*^-29-2.4682844142206867*^-29*I,6.774455753512955*^-30+0.*I,-7.993033724098922*^-31+1.384434051675081*^-30*I,-1.8727566260549192*^-31-3.2437096265383897*^-31*I,8.714195474040796*^-32+7.103703019624206*^-48*I,-1.0067046929451178*^-32+1.74366367639897*^-32*I,-2.310133662123618*^-33-4.00126887507326*^-33*I,1.053107264018688*^-33-1.0236809421870126*^-49*I,-1.1922238035252355*^-34+2.0649922016987236*^-34*I,-2.681765377166712*^-35-4.644953887231849*^-35*I,1.198667490938377*^-35-9.58586517759172*^-51*I,-1.33087672618163*^-36+2.3051461083575208*^-36*I,-2.936725408497918*^-37-5.0865576153968495*^-37*I,1.2879815289829539*^-37-1.1600725433627111*^-52*I,-1.4035253078749096*^-38+2.4309771429480984*^-38*I,-3.040309995946421*^-39-5.265971383738718*^-39*I,1.3092856258640783*^-39-1.1412993509797652*^-54*I,-1.4012350821280234*^-40+2.4270103555936935*^-40*I,-2.9817282978971544*^-41-5.164504906323722*^-41*I,1.2616395368696678*^-41-2.0051697302591177*^-56*I,-1.3269412480734552*^-42+2.2983296603220907*^-42*I,-2.7754640916821964*^-43-4.807244821376545*^-43*I,1.1545553354425065*^-43-2.376865493233331*^-58*I,-1.1940601772891182*^-44+2.0681728943594638*^-44*I,-2.4563286625045295*^-45-4.25448604354553*^-45*I,1.0051281786385982*^-45+0.*I
-0.2208209757355577-0.38247314935092014*I,-0.025378120669044275+0.*I,0.1601795922463155-0.27743919210628426*I,0.07814306880751708+0.13534776543397029*I,0.1630189593224262+0.*I,-0.14175777600176084+0.2455316704030179*I,-0.06904114596990181-0.11958277263264916*I,-0.10664739201739458+0.*I,0.13043817686878428-0.22592554958338984*I,0.12366145167402187+0.21418791723712927*I,-0.10505571291894933+0.*I,-0.03848215234993533+0.06665304305469406*I,-0.11163590149569039-0.19335905333929018*I,0.2994193497485484+0.*I,-0.15396414158853383+0.26667371577506904*I,-0.13538228341009714-0.2344889933109773*I,0.21298919435197608+0.*I,-0.07679528259070253+0.13301333122870648*I,-0.05154885993793277-0.0892852444847514*I,0.0650969515831482-4.482521051201741*^-18*I,-0.01948014725536625+0.033740604785217766*I,-0.011115899001121555-0.019253301841746666*I,0.012151463856523805+0.*I,-0.0031929265200935303+0.005530310957636084*I,-0.0016183520598969847-0.0028030679922753272*I,0.0015864552456116762-3.5722623544941554*^-19*I,-0.00037683095557551556+0.000652690360921524*I,-0.00017384901755494646-0.0003011153312511006*I,0.0001560459757799722+0.*I,-0.00003411606187891719+0.0000590907525284483*I,-0.000014553605610294326-0.00002520758435034923*I,0.00001212876586773774+0.*I,-2.4710664756607395*^-6+4.280012684724564*^-6*I,-9.855925725373269*^-7-1.7070964111971644*^-6*I,7.702839417833742*^-7-1.0608220202251279*^-22*I,-1.4757634599356812*^-7+2.5560972925622373*^-7*I,-5.549042773511381*^-8-9.61122401709463*^-8*I,4.097906777224792*^-8+0.*I,-7.434354921907474*^-9+1.2876680446243495*^-8*I,-2.6522591511472964*^-9-4.593847604626621*^-9*I,1.8617706420419816*^-9+0.*I,-3.2159831783520084*^-10+5.570246261192521*^-10*I,-1.0941674879407958*^-10-1.895153681103465*^-10*I,7.335640846744179*^-11-3.565332796625433*^-27*I,-1.211926302788714*^-11+2.0991179314591578*^-11*I,-3.948815875717432*^-12-6.839549726477175*^-12*I,2.538508574677888*^-12-1.1432050973976363*^-27*I,-4.026065088717829*^-13+6.973349288238587*^-13*I,-1.2607070063340127*^-13-2.1836085884285645*^-13*I,7.796896352832645*^-14-6.195945870346797*^-29*I,-1.1908289093417481*^-14+2.0625761741017453*^-14*I,-3.594314518981892*^-15-6.2255353652591115*^-15*I,2.144592527322259*^-15+0.*I,-3.162733980968277*^-16+5.478015945861634*^-16*I,-9.225108573298926*^-17-1.5978356754292974*^-16*I,5.323264584365033*^-17-6.148019326516038*^-33*I,-7.597916458342874*^-18+1.3159977337513637*^-17*I,-2.146389985527573*^-18-3.717656507790784*^-18*I,1.2003671491462951*^-18+0.*I,-1.6615399575222351*^-19+2.8778716252343453*^-19*I,-4.5548590733601385*^-20-7.889247336375855*^-20*I,2.4733719899492856*^-20-1.556858689040827*^-36*I,-3.32616636914134*^-21+5.7610891457797*^-21*I,-8.863498961292328*^-22-1.5352030533792277*^-21*I,4.681089739587904*^-22-1.289343527766618*^-37*I,-6.125625518042563*^-23+1.060989462539015*^-22*I,-1.589184175706958*^-23-2.752547734908916*^-23*I,8.174939492448472*^-24-1.6826668509144966*^-39*I,-1.0424502464620843*^-24+1.8055767912350276*^-24*I,-2.6365642568645857*^-25-4.566663250309543*^-25*I,1.3227974144127627*^-25+0.*I,-1.6458416461209476*^-26+2.850681352294278*^-26*I,-4.063201744895611*^-27-7.037671863561718*^-27*I,1.9906205991758476*^-27+2.9774426692661976*^-43*I,-2.419417608935237*^-28+4.190554223402639*^-28*I,-5.836819313947348*^-29-1.0109667606356124*^-28*I,2.795336156342591*^-29+0.*I,-3.32232468820697*^-30+5.754435159214901*^-30*I,-7.8403739195835685*^-31-1.3579925979056685*^-30*I,3.6742038839425735*^-31+2.9951649928934854*^-47*I,-4.274401737347047*^-32+7.403480981045765*^-32*I,-9.876557868953785*^-33-1.710670003292215*^-32*I,4.533102014170168*^-33-4.406436361655572*^-49*I,-5.166486242480936*^-34+8.948616668582602*^-34*I,-1.1698607146226329*^-34-2.0262581955052312*^-34*I,5.263205117125662*^-35-4.2090383727084135*^-50*I,-5.881537503350016*^-36+1.0187121782424054*^-35*I,-1.306116974516814*^-36-2.2622609604912622*^-36*I,5.764467383046474*^-37-5.1920001861071856*^-52*I,-6.320720907967649*^-38+1.0947809753062877*^-37*I,-1.3776150662888374*^-38-2.3860992880846283*^-38*I,5.968644455197147*^-39-5.202844901355892*^-54*I,-6.42616726708024*^-40+1.1130448204519055*^-39*I,-1.3755550543234154*^-40-2.3825312426963145*^-40*I,5.854421445815066*^-41-9.304645525341431*^-56*I,-6.19312384927673*^-42+1.0726805164513874*^-41*I,-1.3027897458160447*^-42-2.256498031333122*^-42*I,5.450119705518197*^-43-1.122007847035954*^-57*I,-5.668166835477877*^-44+9.817552944824631*^-44*I,-1.1724684581930936*^-44-2.0307749398623746*^-44*I
0.19469130428455136-0.3372152308126952*I,-0.10994171063284121-0.19042462868711643*I,0.2664006576201684+0.*I,0.0551781527570869-0.09557136404307125*I,0.14175777600176084+0.2455316704030179*I,-0.08694829320263321+0.*I,-0.09441633274195534+0.16353388537339558*I,-0.12870450665113678-0.2229227446828554*I,0.09510747682418248+0.*I,0.06597254432547615-0.11426779867631452*I,0.12857144914817284+0.22269228232739363*I,-0.22367994837036936+0.*I,0.03880976891861493-0.0672204915970485*I,-0.04801290273625449-0.08316078695805555*I,0.22953316874381377+0.*I,-0.14731117221988996+0.2551504348073785*I,-0.14828606345029513-0.2568389959502933*I,0.25731642375376956+0.*I,-0.10025970316768155+0.1736548998381988*I,-0.07179020165671553-0.12434427675504668*I,0.09584376714168016-6.599720776330119*^-18*I,-0.030121863539878745+0.0521725980697265*I,-0.01796011383351346-0.031107829669365955*I,0.02043176928124271+0.*I,-0.005568498510612172+0.009644922342251904*I,-0.0029193799512530184-0.005056514402168178*I,0.0029531932162912412-6.649781631903018*^-19*I,-0.0007223984871223857+0.0012512308830068646*I,-0.00034261130913318177-0.0005934201946663571*I,0.000315650235592046+0.*I,-0.0000707354612609749+0.00012251741280082861*I,-0.00003089139917712801-0.00005350547289167713*I,0.00002632628825019989+0.*I,-5.479316983014223*^-6+9.49045540535565*^-6*I,-2.230542736171853*^-6-3.863413347503351*^-6*I,1.7777523751991403*^-6-2.4482905118761185*^-22*I,-3.470646256456577*^-7+6.011335651281516*^-7*I,-1.3288526900716742*^-7-2.3016403749787186*^-7*I,9.986219316595531*^-8+0.*I,-1.842460511811925*^-8+3.191235217397611*^-8*I,-6.6809877494627146*^-9-1.1571810226814671*^-8*I,4.764212387638212*^-9+0.*I,-8.356109750607147*^-10+1.447320664167328*^-9*I,-2.8853480956050385*^-10-4.997569499110029*^-10*I,1.9623988474104877*^-10-9.537823779687777*^-27*I,-3.287623525634896*^-11+5.6943309825583666*^-11*I,-1.085828771846802*^-11-1.8807106011587735*^-11*I,7.0729874792538566*^-12-3.185285809459472*^-27*I,-1.1362778459257205*^-12+1.9680909606582703*^-12*I,-3.602922580137098*^-13-6.240444964534592*^-13*I,2.25561141015325*^-13-1.792462740224671*^-28*I,-3.486302497102243*^-14+6.038453055535349*^-14*I,-1.06459042231193*^-14-1.843924700695466*^-14*I,6.424589653287273*^-15+0.*I,-9.580454009319856*^-16+1.6593833103718944*^-15*I,-2.824954154560082*^-16-4.892964124750843*^-16*I,1.6475279239430886*^-16-1.902786036058954*^-32*I,-2.3761110154487408*^-17+4.115545003181297*^-17*I,-6.781176816125533*^-18-1.1745342780637577*^-17*I,3.83041046854583*^-18+0.*I,-5.354154836654704*^-19+9.273668208676592*^-19*I,-1.4819089423463811*^-19-2.56674158033459*^-19*I,8.12312508626331*^-20-5.113083646174007*^-36*I,-1.1025250954634393*^-20+1.9096294819624038*^-20*I,-2.9647428927376595*^-21-5.135085321600352*^-21*I,1.5797752617106884*^-21-4.351279557378888*^-37*I,-2.0854366173397854*^-22+3.612082177197086*^-22*I,-5.456989168760492*^-23-9.451782496646222*^-23*I,2.830949231251064*^-23-5.82700879003242*^-39*I,-3.640072740874285*^-24+6.30479093044076*^-24*I,-9.281984505755179*^-25-1.6076868759035067*^-24*I,4.6944646450746485*^-25+0.*I,-5.887289478119824*^-26+1.0197084494969197*^-25*I,-1.4647936499678304*^-26-2.5370970243485454*^-26*I,7.231444601102889*^-27+1.0816331210815724*^-42*I,-8.85574906126831*^-28+1.5338607313197101*^-27*I,-2.1523828505636167*^-28-3.728036454516115*^-28*I,1.0383852177201051*^-28+0.*I,-1.243086859545963*^-29+2.153089598954845*^-29*I,-2.954515165278033*^-30-5.117370377994312*^-30*I,1.3943092890981922*^-30+1.1366234710665772*^-46*I,-1.6333348314805802*^-31+2.8290189138963155*^-31*I,-3.7998660140563155*^-32-6.58156099829977*^-32*I,1.7558234233847072*^-32-1.7067615406103463*^-48*I,-2.0144860572366507*^-33+3.4891922022729846*^-33*I,-4.591438701956095*^-34-7.952605111626038*^-34*I,2.0790913416812667*^-34-1.6626703772246952*^-49*I,-2.3382273491532135*^-35+4.049928568380467*^-35*I,-5.225350163212646*^-36-9.050571970022609*^-36*I,2.32057561044324*^-36-2.0901200754005483*^-51*I,-2.5601945355125713*^-37+4.434387012767984*^-37*I,-5.613987892515967*^-38-9.72371226291416*^-38*I,2.4469480191372233*^-38-2.132995376222404*^-53*I,-2.65018064358777*^-39+4.59024752392962*^-39*I,-5.706181103376632*^-40-9.883395588237728*^-40*I,2.4426772735877786*^-40-3.882236079841609*^-55*I,-2.598827799401518*^-41+4.501301788685864*^-41*I,-5.497933153443363*^-42-9.522699558381233*^-42*I,2.3129217592222025*^-42-4.761576816010082*^-57*I,-2.4188019524254753*^-43+4.189487875047741*^-43*I
0.31339506776915926+0.*I,0.1679691121349329-0.29093103631993783*I,0.043731570991888916+0.07574530285275688*I,0.27719411870463756+0.*I,-0.06904114596990181+0.11958277263264916*I,0.09441633274195534+0.16353388537339558*I,-0.23893049449773518+0.*I,0.0016066842363724081-0.0027828587291170146*I,-0.11034147871904891-0.19111704732367274*I,0.2226785601181744+0.*I,-0.018310699282076442+0.03171506147867136*I,0.08407202537362155+0.14561701944233232*I,-0.25385903684919475+0.*I,0.09576967643070086-0.16587794540240552*I,0.01902910513600922+0.03295937691813784*I,0.12579665236841114+0.*I,-0.12120991774094296+0.20994173590855747*I,-0.14605191948774227-0.2529693450957285*I,0.28429683062976807+0.*I,-0.1206330179472696+0.2089425161550392*I,-0.09250038970087762-0.1602153746818409*I,0.1308200323801175-9.008156830719761*^-18*I,-0.04322375783825105+0.07486574466990432*I,-0.026941660424044132-0.04666432469471211*I,0.03189991291665206+0.*I,-0.009016983470014447+0.015617873501073739*I,-0.004888733401715296-0.008467534636429918*I,0.005101822240007966-1.1487905238873994*^-18*I,-0.0012848079616561545+0.002225352667557468*I,-0.0006261998544773018-0.001084609963646923*I,0.0005919523392330174+0.*I,-0.00013592086518389513+0.00023542184430722608*I,-0.000060746257906827545-0.00010521560506430794*I,0.000052920548730039205+0.*I,-0.000011248128313460566+0.00001948232972896773*I,-4.671859438546572*^-6-8.09189791338287*^-6*I,3.7959154331350305*^-6-5.22767055101675*^-22*I,-7.549048717408872*^-7+1.3075335927364838*^-6*I,-2.9423348926846033*^-7-5.096273527012454*^-7*I,2.249415039766182*^-7+0.*I,-4.21949247106244*^-8+7.308375342034497*^-8*I,-1.554729198062398*^-8-2.6928699630548894*^-8*I,1.1259836144412906*^-8+0.*I,-2.004755686375614*^-9+3.472338705565181*^-9*I,-7.023840026037273*^-10-1.2165647789332464*^-9*I,4.845041016278764*^-10-2.3548295230403764*^-26*I,-8.229086731110204*^-11+1.4253196318173773*^-10*I,-2.754392502673711*^-11-4.770747758617658*^-11*I,1.817636041694951*^-11-8.185636277958997*^-27*I,-2.9572027530196018*^-12+5.122025416512514*^-12*I,-9.493025809279625*^-13-1.6442403019234936*^-12*I,6.014989849031571*^-13-4.779921372399064*^-28*I,-9.406559753242067*^-14+1.6292639417047862*^-13*I,-2.905519179831622*^-14-5.032506841834212*^-14*I,1.773160093928998*^-14+0.*I,-2.673259717442638*^-15+4.63022165243787*^-15*I,-7.967370068460284*^-16-1.3799889761276733*^-15*I,4.695538932127725*^-16-5.423037620169914*^-32*I,-6.841845527378536*^-17+1.1850424070957504*^-16*I,-1.972305813291336*^-17-3.4161338766840494*^-17*I,1.1250961842894637*^-17+0.*I,-1.5879119332077626*^-18+2.7503441462607626*^-18*I,-4.436775409507603*^-19-7.684720431039378*^-19*I,2.454719633485289*^-19-1.5451180033089348*^-35*I,-3.3622141897468995*^-20+5.823525802570657*^-20*I,-9.122421458666212*^-21-1.5800497454466465*^-20*I,4.9038285548092065*^-21-1.3506939537922625*^-36*I,-6.52960592114889*^-22+1.1309609208832466*^-21*I,-1.7231716547446175*^-22-2.9846208561802127*^-22*I,9.014272528230475*^-23-1.855428726093196*^-38*I,-1.1686153730888712*^-23+2.0241012006959836*^-23*I,-3.0040494131212936*^-24-5.203166211973548*^-24*I,1.5314424134766824*^-24+0.*I,-1.9356365834520954*^-25+3.3526209075280645*^-25*I,-4.8531743878013966*^-26-8.405944617664005*^-26*I,2.4141505487897934*^-26+3.6109316144799756*^-42*I,-2.9785493938130044*^-27+5.158998882937603*^-27*I,-7.292746485206901*^-28-1.2631407439097708*^-27*I,3.543851150941821*^-28+0.*I,-4.272858252994537*^-29+7.40080758772653*^-29*I,-1.0227258250179028*^-29-1.771413091143805*^-29*I,4.860101146332209*^-30+3.9618935898014664*^-46*I,-5.73235384530626*^-31+9.92872810703327*^-31*I,-1.342632530031662*^-31-2.325507757909584*^-31*I,6.245417369586972*^-32-6.070905553203431*^-48*I,-7.212707561420877*^-33+1.249277595651718*^-32*I,-1.654622677384872*^-33-2.8658905445862405*^-33*I,7.540558935125665*^-34-6.030261257791568*^-49*I,-8.534166047038117*^-35+1.4781609193699297*^-34*I,-1.9191089412480568*^-35-3.3239941915013434*^-35*I,8.575435553509485*^-36-7.723812111543431*^-51*I,-9.51868273976283*^-37+1.648684212639817*^-36*I,-2.0998427192764947*^-37-3.6370342776904725*^-37*I,9.207043759856461*^-38-8.025745383580151*^-53*I,-1.0030454502227397*^-38+1.7373256820865902*^-38*I,-2.1722538544877407*^-39-3.762454042910085*^-39*I,9.352375149079724*^-40-1.486407092273895*^-54*I,-1.0006811356692878*^-40+1.7332305691549376*^-40*I,-2.1288853352412028*^-41-3.6873375641260475*^-41*I,9.005777458682465*^-42-1.8540056958878298*^-56*I
0.11676276580766376+0.20223904281113972*I,0.3687757085438798+0.*I,0.05719679896985705-0.09906776184609561*I,0.13190427707143212+0.2284649096233629*I,0.10664739201739458+0.*I,-0.12870450665113678+0.2229227446828554*I,-0.0016066842363724081-0.0027828587291170146*I,-0.23653606121512083+0.*I,0.08393828779453494-0.14538537916047306*I,-0.042151297356794425-0.07300818862691168*I,0.2388634444476633+0.*I,-0.08559973055823929+0.14826308244107667*I,0.015494914655684281+0.026837979442588793*I,-0.20322649476236107+0.*I,0.12125928634588655-0.21002724484061855*I,0.07472428420312419+0.12942625679902756*I,0.009548142511371961+0.*I,-0.08006180048944284+0.13867110619315784*I,-0.12828257692566175-0.22219194096110895*I,0.28860280231409857+0.*I,-0.13498058842151114+0.23379323718160064*I,-0.11147526874309031-0.1930808292504272*I,0.16750298497358734-1.1534113933494924*^-17*I,-0.05827420548090873+0.10093388466364266*I,-0.03800119230344729-0.0658199958177661*I,0.04684720462292863+0.*I,-0.013735138206276856+0.023789957222251967*I,-0.007700476915747691-0.013337617260586281*I,0.008288901759876148-1.8664334716539317*^-18*I,-0.0021484881653957397+0.0037212906619258695*I,-0.0010758109742239055-0.0018633592666959739*I,0.0010431524700831069+0.*I,-0.00024534611544112597+0.0004249519373836893*I,-0.00011217793542871544-0.00019429788365071595*I,0.00009986818093867065+0.*I,-0.000021670355440409155+0.000037534156640865294*I,-9.180523015348241*^-6-0.000015901132302638584*I,7.6020373512670185*^-6-1.0469397300594253*^-21*I,-1.5396277923455008*^-6+2.6667135610875135*^-6*I,-6.106977214631086*^-7-1.0577594816406506*^-6*I,4.748301619274809*^-7+0.*I,-9.053316901640421*^-8+1.5680804850663253*^-7*I,-3.3887813210795976*^-8-5.8695414238502445*^-8*I,2.4919588007514812*^-8+0.*I,-4.502808861411033*^-9+7.799093724735275*^-9*I,-1.6003549899130623*^-9-2.7718961526758022*^-9*I,1.1193788090242166*^-9-5.440503512972405*^-26*I,-1.9270730645887667*^-10+3.337788457765208*^-10*I,-6.535489230563501*^-11-1.1319799399655199*^-10*I,4.368302529746004*^-11-1.9672439828627697*^-26*I,-7.196086418173792*^-12+1.2463987291933357*^-11*I,-2.33826072942097*^-12-4.049986384700176*^-12*I,1.4992244115801995*^-12-1.1913860183967525*^-27*I,-2.371826503516496*^-13+4.1081240108290237*^-13*I,-7.409331320918117*^-14-1.283333829794157*^-13*I,4.571878814575115*^-14+0.*I,-6.967433757440893*^-15+1.2067949266258156*^-14*I,-2.0986007380596705*^-15-3.634883103120894*^-15*I,1.2496432963074554*^-15-1.4432555465145763*^-31*I,-1.8393588713237611*^-16+3.1858630184852986*^-16*I,-5.3551388919754145*^-17-9.275372642489518*^-17*I,3.084634749859933*^-17+0.*I,-4.395171957880867*^-18+7.61266113905164*^-18*I,-1.2395762206413735*^-18-2.147008994005067*^-18*I,6.921305443806596*^-19-4.35660085239213*^-35*I,-9.565742209559949*^-20+1.656835151906401*^-19*I,-2.6184250481709894*^-20-4.5352452192431373*^-20*I,1.4198226333393728*^-20-3.910711446932942*^-36*I,-1.906729483336591*^-21+3.3025523414285333*^-21*I,-5.074236633814469*^-22-8.78883565939393*^-22*I,2.67640511377653*^-22-5.508907030724662*^-38*I,-3.497943040912493*^-23+6.058615068842416*^-23*I,-9.063816528106303*^-24-1.5698990737162664*^-23*I,4.657065806654285*^-24+0.*I,-5.931844130240947*^-25+1.0274255416156537*^-24*I,-1.498629309043909*^-25-2.5957021049758927*^-25*I,7.510777543850316*^-26+1.1234139517939755*^-41*I,-9.335313623374342*^-27+1.616923750027427*^-26*I,-2.302351174334301*^-27-3.98778921081288*^-27*I,1.126850864973356*^-27+0.*I,-1.3682815801892356*^-28+2.3699332159483857*^-28*I,-3.2979116516584124*^-29-5.712150539545764*^-29*I,1.5779959845446438*^-29+1.2863625648239823*^-45*I,-1.873844398810194*^-30+3.245593704217614*^-30*I,-4.418327678423542*^-31-7.652768023517417*^-31*I,2.0688251617465927*^-31-2.0110172659101211*^-47*I,-2.4048311362785072*^-32+4.1652897116579697*^-32*I,-5.5522950101061935*^-33-9.616857056115062*^-33*I,2.546412203473454*^-33-2.0363915976366185*^-48*I,-2.9000339605205115*^-34+5.0230061632967325*^-34*I,-6.561823541699485*^-35-1.136541176452504*^-34*I,2.950060818758455*^-35-2.6570913325086166*^-50*I,-3.294346301508596*^-36+5.705975171939519*^-36*I,-7.310806958625243*^-37-1.266268909666699*^-36*I,3.2244392407564694*^-37-2.810731547075798*^-52*I,-3.533296310726165*^-38+6.119848728373411*^-38*I,-7.696020202415264*^-39-1.3329898006659709*^-38*I,3.3323078129670895*^-39-5.296158342537602*^-54*I,-3.5855726178930243*^-40+6.2103939484184896*^-40*I,-7.670565400960168*^-41-1.3285808997242883*^-40*I
-0.08138617022506173+0.1409649818632563*I,0.16980418955380264+0.29410948364524264*I,0.26412266331127654+0.*I,-0.05691438758283366+0.09857861097513512*I,0.13043817686878428+0.22592554958338984*I,-0.09510747682418248+0.*I,-0.11034147871904891+0.19111704732367274*I,-0.08393828779453494-0.14538537916047306*I,-0.11952246134717646+0.*I,0.11841036361444136-0.20509276592291759*I,0.03611990739050702+0.06256151476504074*I,0.16076249320502778+0.*I,-0.11563812124948436+0.20029110129591712*I,-0.051074410555025124-0.08846347404793564*I,-0.0998026981208222+0.*I,0.11395667571836465-0.19737875220585818*I,0.10900372695942527+0.18879999330808991*I,-0.09769091915783687+0.*I,-0.030676973294311682+0.05313407636818144*I,-0.0971155343963178-0.16820903977862528*I,0.268152324907159+0.*I,-0.14099287767573426+0.2442068276397155*I,-0.12648422034334508-0.21907709599041064*I,0.20277836904559268-1.396314705788049*^-17*I,-0.07444623267826417+0.12894465743084801*I,-0.05085049508994575-0.08807564108581777*I,0.06530762308281556+0.*I,-0.01986566134825892+0.03440833478114169*I,-0.011517501369752051-0.019948897548654684*I,0.012786513443717808-2.8791723401321244*^-18*I,-0.0034106659519857023+0.005907446716484515*I,-0.001754186116922579-0.0030383394804418627*I,0.0017442818546863476+0.*I,-0.0004201098716643657+0.000727651642483922*I,-0.00019645559852157692-0.00034027107807072454*I,0.00017867987550029536+0.*I,-0.000039570742976927264+0.00006853853732928736*I,-0.00001709406914356395-0.000029607796264748164*I,0.000014421948625089305-1.9861663791964124*^-21*I,-2.9737366163616406*^-6+5.1506629078663215*^-6*I,-1.200078178522795*^-6-2.078596378256195*^-6*I,9.487353486311922*^-7+0.*I,-1.8381701206557446*^-7+3.1838040419307624*^-7*I,-6.988091724801886*^-8-1.2103729915308498*^-7*I,5.216450405581206*^-8+0.*I,-9.563866901971836*^-9+1.6565103391041577*^-8*I,-3.4474008484937332*^-9-5.971073423647203*^-9*I,2.4445527412444895*^-9-1.1881230615738095*^-25*I,-4.2648079871423165*^-10+7.386864118256053*^-10*I,-1.4652110020142925*^-10-2.5378198992976565*^-10*I,9.917590785877528*^-11-4.466339193578529*^-26*I,-1.653940933683111*^-11+2.864709729857058*^-11*I,-5.438922642084773*^-12-9.420490354527567*^-12*I,3.5282221475620977*^-12-2.8037660699326104*^-27*I,-5.645739616599735*^-13+9.778707862255199*^-13*I,-1.7834081470370709*^-13-3.0889535213004664*^-13*I,1.1124763998038058*^-13+0.*I,-1.713518880995237*^-14+2.967901761612319*^-14*I,-5.215141232461101*^-15-9.032889583269998*^-15*I,3.1372356311275616*^-15-3.623300135908549*^-31*I,-4.664026976236472*^-16+8.078331690713411*^-16*I,-1.371233206034317*^-16-2.3750455818769993*^-16*I,7.974553755366069*^-17+0.*I,-1.1469909312077788*^-17+1.9866465686726118*^-17*I,-3.2648360347955362*^-18-5.654861890647579*^-18*I,1.8395250147315562*^-18-1.157885071283394*^-34*I,-2.565040386661617*^-19+4.442780273164039*^-19*I,-7.082791800829878*^-20-1.2267755258469611*^-19*I,3.873652408813161*^-20-1.0669457198999357*^-35*I,-5.246064686142442*^-21+9.086450576191592*^-21*I,-1.4077038290289592*^-21-2.4382145538874087*^-21*I,7.485633566193608*^-22-1.5407854053919464*^-37*I,-9.862061529924306*^-23+1.7081591637199348*^-22*I,-2.5756590213798115*^-23-4.461172288002967*^-23*I,1.3336987993727855*^-23+0.*I,-1.711791218732566*^-24+2.964909362795053*^-24*I,-4.357327038695439*^-25-7.547111816214144*^-25*I,2.200019148295325*^-25+3.2906475940463866*^-41*I,-2.754471893938115*^-26+4.7708852683212863*^-26*I,-6.84230667924231*^-27-1.1851222809415566*^-26*I,3.372670952497932*^-27+0.*I,-4.12397376097325*^-28+7.142932083086579*^-28*I,-1.000852036927517*^-28-1.7335265788172616*^-28*I,4.8215420083865174*^-29+3.9304606634372494*^-45*I,-5.763982844709263*^-30+9.983511140991835*^-30*I,-1.368097829851709*^-30-2.36961495102788*^-30*I,6.447853057002551*^-31-6.267684706007925*^-47*I,-7.543468384068805*^-32+1.3065670506496667*^-31*I,-1.7527427115564162*^-32-3.035839429011749*^-32*I,8.089066782745893*^-33-6.468908532026258*^-48*I,-9.269636332634231*^-34+1.6055481095808957*^-33*I,-2.1102831773513786*^-34-3.6551176815304644*^-34*I,9.544896863395881*^-35-8.59699656500351*^-50*I,-1.072264431944505*^-35+1.8572164752768668*^-35*I,-2.3936431774658522*^-36-4.1459115985614547*^-36*I,1.0618900151321444*^-36-9.256455284784626*^-52*I,-1.1703268222721063*^-37+2.027065517635927*^-37*I,-2.563694412488768*^-38-4.4404489775109745*^-38*I,1.1163233030434442*^-38-1.7742133398890361*^-53*I,-1.2078714756844271*^-39+2.0920947648986316*^-39*I
-0.10696718961132043+0.*I,-0.1387169508097031+0.24026480667343847*I,0.16683165881496423+0.2889609093785142*I,0.0776877698276415+0.*I,-0.12366145167402187+0.21418791723712927*I,0.06597254432547615+0.11426779867631452*I,-0.2226785601181744+0.*I,-0.042151297356794425+0.07300818862691168*I,-0.11841036361444136-0.20509276592291759*I,0.03610623799652426+0.*I,0.10107898668629793-0.17507394051824615*I,0.09275526102888083+0.16065682477133508*I,0.03364744210303187+0.*I,-0.1054157539195785+0.18258544170688795*I,-0.09649406604888333-0.16713262502557297*I,0.020930414437390677+0.*I,0.08030953368756218-0.13910019267902202*I,0.11771209557848579+0.20388333020734117*I,-0.17847507617545202+0.*I,0.01924766772064652-0.03333793841936322*I,-0.05666203212322329-0.09814151849752252*I,0.22430017114443235+0.*I,-0.13731825376778353+0.2378421923324375*I,-0.13557026263698835-0.23481458288272045*I,0.23328977511301363-1.606413668447284*^-17*I,-0.09066023109517168+0.15702812648277317*I,-0.06497049995361108-0.11253220691280579*I,0.08700635402336977+0.*I,-0.027470911766369066+0.04758101490959292*I,-0.01647316615551335-0.028532360742873186*I,0.018862178145238863-4.247245492640404*^-18*I,-0.005177150200266937+0.008967087185277731*I,-0.002734590440524606-0.00473644958088077*I,0.0027878881097632845+0.*I,-0.0006874443962035127+0.0011906886216029933*I,-0.00032870518598640487-0.0005693340828398306*I,0.0003053512690267056+0.*I,-0.00006899963532421475+0.00011951087408526422*I,-0.00003038622166308224-0.0000526304797705085*I,0.000026113248879969495-3.596272481983177*^-21*I,-5.480545946749023*^-6+9.492584032984983*^-6*I,-2.2496819171652546*^-6-3.896563381399179*^-6*I,1.8079088561028135*^-6+0.*I,-3.558667627805895*^-7+6.16379313861042*^-7*I,-1.3737235406485356*^-7-2.3793589679566743*^-7*I,1.0407342863076141*^-7+0.*I,-1.9356279104600037*^-8+3.352605885465108*^-8*I,-7.07483413727509*^-9-1.2253972180883179*^-8*I,5.084921965304477*^-9-2.471418575410164*^-25*I,-8.988343109781287*^-10+1.5568266942002848*^-9*I,-3.12766411127093*^-10-5.417273149731004*^-10*I,2.1434786335852425*^-10-9.653052680306606*^-26*I,-3.618155929384603*^-11+6.26682989940073*^-11*I,-1.2039351323687134*^-11-2.0852768182797693*^-11*I,7.900315065147087*^-12-6.278129436022704*^-27*I,-1.2784660455578313*^-12+2.2143681466578362*^-12*I,-4.083064978319993*^-13-7.072075993055328*^-13*I,2.5744602566221645*^-13+0.*I,-4.007206351215072*^-14+6.940684996717199*^-14*I,-1.2321923131195807*^-14-2.134219691018932*^-14*I,7.487306788781131*^-15-8.64734527308338*^-31*I,-1.1241287818772912*^-15+1.9470481644619806*^-15*I,-3.337006489749995*^-16-5.779864785434063*^-16*I,1.9591176901900604*^-16+0.*I,-2.8440910832604434*^-17+4.9261102575606947*^-17*I,-8.169553668241843*^-18-1.4150082028555566*^-17*I,4.644329788194777*^-18-2.9233634143606675*^-34*I,-6.533135292500569*^-19+1.1315722259332346*^-18*I,-1.8195931122116757*^-19-3.151627719452999*^-19*I,1.0036158886817208*^-19-2.764325664368562*^-35*I,-1.3705491185770747*^-20+2.3738607076442366*^-20*I,-3.7078787997782014*^-21-6.422234469523351*^-21*I,1.987638196632261*^-21-4.091202030515403*^-37*I,-2.639454792348436*^-22+4.571669804628652*^-22*I,-6.947326628627312*^-23-1.20331226975587*^-22*I,3.625073253087962*^-23+0.*I,-4.688004606854077*^-24+8.119862165188221*^-24*I,-1.202224947448284*^-24-2.0823146911072522*^-24*I,6.114656209590125*^-25+9.145910734503992*^-41*I,-7.711112728283237*^-26+1.3356039028277628*^-25*I,-1.929162783981294*^-26-3.341407957926624*^-26*I,9.575992165253333*^-27+0.*I,-1.1790338708877573*^-27+2.0421465682221996*^-27*I,-2.8809728581417515*^-28-4.989991365528438*^-28*I,1.3972484347954982*^-28+1.1390194258311068*^-44*I,-1.6814708559926636*^-29+2.9123929540256245*^-29*I,-4.0172094482637225*^-30-6.958010869038503*^-30*I,1.9055739320874185*^-30-1.852327663909877*^-46*I,-2.2436172627289643*^-31+3.886059091785177*^-31*I,-5.245990700187278*^-32-9.086322428758178*^-32*I,2.4361551543997675*^-32-1.948217920174817*^-47*I,-2.808877489377677*^-33+4.865118523838656*^-33*I,-6.4334163279935365*^-34-1.1143003946327985*^-33*I,2.927325575583421*^-34-2.636613918213042*^-49*I,-3.3080295514870227*^-35+5.729675256114819*^-35*I,-7.427867692706927*^-36-1.2865444235667782*^-35*I,3.314300276796392*^-36-2.889063073890696*^-51*I,-3.6736521863039318*^-37+6.362952236014919*^-37*I,-8.09295940666947*^-38-1.401741687594395*^-37*I,3.543672995120169*^-38-5.632088735410066*^-53*I
-0.03334354892159197-0.05775272083685575*I,-0.20678802058155432+0.*I,-0.16604481399997728+0.2875980541812847*I,0.11559410313090378+0.20021485967808197*I,-0.10505571291894933+0.*I,-0.12857144914817284+0.22269228232739363*I,-0.018310699282076442-0.03171506147867136*I,-0.2388634444476633+0.*I,0.03611990739050702-0.06256151476504074*I,-0.10107898668629793-0.17507394051824615*I,0.16213860922235812+0.*I,0.0481856525145573-0.08345999835107228*I,0.1120967953756709+0.19415734495631395*I,-0.09307577023037351+0.*I,-0.0645718168438164+0.11184166751052181*I,-0.1116562352692071-0.1933942724681307*I,0.12661067306072352+0.*I,0.03132497193812444-0.05425644294250085*I,0.10229353727087086+0.17717760383908893*I,-0.2220115727780354+0.*I,0.06254541096260793-0.1083318295675124*I,-0.012192788496629997-0.021118529162104493*I,0.16147288639521762+0.*I,-0.12373418609225618+0.21431389694497008*I,-0.13730403358927873-0.23781756226077447*I,0.25582198620692387-1.7615685691027557*^-17*I,-0.1056803416316193+0.18304372106720104*I,-0.07963601878203272-0.13793363064299008*I,0.11133681707469938+0.*I,-0.036511327457069746+0.06323947420742937*I,-0.022652689022611413-0.03923560831522072*I,0.026755057578099144-6.024505591502942*^-18*I,-0.007556328226522864+0.01308794440700444*I,-0.004098596613390698-0.007098977574122416*I,0.004283457777019136+0.*I,-0.0010811643593538812+0.001872631601733578*I,-0.0005284908942517889-0.0009153730801816091*I,0.0005013213077428452+0.*I,-0.00011556121470275174+0.0002001578952495416*I,-0.00005186802201275658-0.00008983804941419533*I,0.000045392968616788646-6.251442884891375*^-21*I,-9.694729132649562*^-6+0.0000167917634233672*I,-4.046919072496751*^-6-7.009469447683889*^-6*I,3.3052399530163652*^-6+0.*I,-6.608296753330984*^-7+1.144590572826172*^-6*I,-2.589692564453652*^-7-4.4854790976170657*^-7*I,1.9907787038091152*^-7+0.*I,-3.755271338279037*^-8+6.504320754106465*^-8*I,-1.3915125637793012*^-8-2.4101704598361774*^-8*I,1.0135224922635663*^-8-4.9260113155467*^-25*I,-1.8148650689792222*^-9+3.1434385083540105*^-9*I,-6.395100148475694*^-10-1.107663837665116*^-9*I,4.436746262073017*^-10-1.9980672877204616*^-25*I,-7.579045091127476*^-11+1.3127291170688292*^-10*I,-2.5514257549167047*^-11-4.4191990392555035*^-11*I,1.6933799995402585*^-11-1.3456752969747387*^-26*I,-2.7708502582351394*^-12+4.799253427428617*^-12*I,-8.945679615507798*^-13-1.549437160229269*^-12*I,5.700474735729311*^-13+0.*I,-8.965278500730375*^-14+1.5528317867269942*^-13*I,-2.7848499487734647*^-14-4.823501602731225*^-14*I,1.7090641011596212*^-14-1.9738562601312906*^-30*I,-2.5910174049032696*^-15+4.4877737885877245*^-15*I,-7.765128473034716*^-16-1.3449597042595863*^-15*I,4.601598056887516*^-16+0.*I,-6.741719335867506*^-17+1.167700042009203*^-16*I,-1.9540244342329426*^-17-3.384469599322486*^-17*I,1.1206952451017093*^-17-7.054192160311116*^-34*I,-1.5901934357162388*^-18+2.7542958245230397*^-18*I,-4.4668354152734285*^-19-7.7367858883016*^-19*I,2.4844283748675785*^-19-6.843025499479631*^-35*I,-3.420779053004391*^-20+5.924963121270959*^-20*I,-9.329701174588359*^-21-1.6159516453822066*^-20*I,5.041196941852078*^-21-1.037641317201406*^-36*I,-6.746972593902116*^-22+1.1686099329913242*^-21*I,-1.7896038637155452*^-22-3.0996848173768936*^-22*I,9.40910398966162*^-23+0.*I,-1.2259175644971443*^-23+2.1233515076001497*^-23*I,-3.1670269930230084*^-24-5.4854516608579375*^-24*I,1.6224951063971088*^-24+2.42682415848727*^-40*I,-2.0607612658358838*^-25+3.5693432146977043*^-25*I,-5.191993067619425*^-26-8.992795785662239*^-26*I,2.5951366326402005*^-26+0.*I,-3.217153684777432*^-27+5.57227363779194*^-27*I,-7.914305775432063*^-28-1.3707979709684137*^-27*I,3.8639866224861666*^-28+3.149873504640873*^-44*I,-4.680593577581243*^-29+8.107025885951293*^-29*I,-1.1255064729391728*^-29-1.9494343953782926*^-29*I,5.373095865731836*^-30-5.222958787031878*^-46*I,-6.3663002544791704*^-31+1.1026755496996597*^-30*I,-1.4978579815259883*^-31-2.594366126525572*^-31*I,6.998725336941455*^-32-5.596951448344985*^-47*I,-8.118665516934354*^-33+1.4061941164987774*^-32*I,-1.8706784257767955*^-33-3.240110078068368*^-33*I,8.562541933933988*^-34-7.712198952722817*^-49*I,-9.732952519742591*^-35+1.6857968271849727*^-34*I,-2.1981280777068136*^-35-3.8072695121319023*^-35*I,9.864272825536629*^-36-8.598649485854077*^-51*I,-1.0995806944768539*^-36+1.9045296298557883*^-36*I,-2.4359277281621954*^-37-4.219150588742736*^-37*I
0.019820139721507517-0.03432948901076507*I,-0.07151313477575802-0.12386438284013368*I,-0.28557609591522487+0.*I,-0.15542575635820488+0.2692053068172323*I,0.03848215234993533+0.06665304305469406*I,-0.22367994837036936+0.*I,-0.08407202537362155+0.14561701944233232*I,-0.08559973055823929-0.14826308244107667*I,-0.16076249320502778+0.*I,0.09275526102888083-0.16065682477133508*I,-0.0481856525145573-0.08345999835107228*I,0.21942383507857074+0.*I,-0.016304530959208134+0.028240276014928206*I,0.09419892062318201+0.163157316537499*I,-0.18176944993915664+0.*I,-0.00903271188011359+0.015645115906487733*I,-0.09703240045553117-0.16806504756934945*I,0.1946382257009324+0.*I,-0.020734492369221046+0.03591319425264004*I,0.06845576281601266+0.11856885926821827*I,-0.22500360454625115+0.*I,0.09366656619910943-0.16223525162737124*I,0.03074831284059042+0.053257640086925094*I,0.0863887581522934+0.*I,-0.10115096434189964+0.175198609474758*I,-0.13096050794911793-0.22683025355290007*I,0.26766640578256273-1.8431282409396954*^-17*I,-0.11823187217533868+0.20478360968167564*I,-0.09396460462063053-0.16275146931605336*I,0.13737001113568556+0.*I,-0.04683121564115909+0.08111404487070184*I,-0.030076170791255758-0.05209345590757399*I,0.03665028374994349-8.252639290241847*^-18*I,-0.010651648326748381+0.018449196086284234*I,-0.005932644293806161-0.010275641340105841*I,0.006355346983930607+0.*I,-0.0016417532929988937+0.002843600116967598*I,-0.0008202656665600189-0.0014207418101863042*I,0.0007943919522284783+0.*I,-0.00018676307838939182+0.0003234831407483957*I,-0.0000854171470732089-0.00014794683856838103*I,0.00007611080691398507-1.0481851635713402*^-20*I,-0.00001653808619026099+0.00002864480554148525*I,-7.018980394023151*^-6-0.000012157230659777915*I,5.82485648436151*^-6+0.*I,-1.1826567999930282*^-6+2.048421665504748*^-6*I,-4.7041089904717647*^-7-8.147755775838638*^-7*I,3.6686111270399735*^-7+0.*I,-7.017360274792702*^-8+1.2154424530956458*^-7*I,-2.6356677248632594*^-8-4.5651104113326334*^-8*I,1.9450780616739706*^-8-9.45363977076491*^-25*I,-3.527667991594845*^-9+6.110100193676736*^-9*I,-1.2585763807297538*^-9-2.1799182366300824*^-9*I,8.837786272651395*^-10-3.9800544372350423*^-25*I,-1.5275863635934544*^-10+2.6458571946932504*^-10*I,-5.2018702471142114*^-11-9.009903562382668*^-11*I,3.4913696914468575*^-11-2.77448059364224*^-26*I,-5.775703826667763*^-12+1.0003812477258577*^-11*I,-1.8847201299409006*^-12-3.264431023105449*^-12*I,1.2136197392564902*^-12+0.*I,-1.9283003407383895*^-13+3.3399141624112686*^-13*I,-6.050031663763837*^-14-1.047896222903943*^-13*I,3.7494621390650945*^-14-4.330381353336773*^-30*I,-5.739174243015257*^-15+9.940541382393076*^-15*I,-1.7362549006476604*^-15-3.0072817028122007*^-15*I,1.0384365370651112*^-15+0.*I,-1.535225720957495*^-16+2.6590889497849404*^-16*I,-4.4894038481808826*^-17-7.775875560744523*^-17*I,2.597364798199736*^-17-1.6349056959963983*^-33*I,-3.7171866488533676*^-18+6.4383561370307255*^-18*I,-1.052975075566096*^-18-1.8238063299841555*^-18*I,5.905211134566945*^-19-1.6265113851715086*^-34*I,-8.197172552826584*^-20+1.419791933990473*^-19*I,-2.2536075110502903*^-20-3.903362709457942*^-20*I,1.2273235925250929*^-20-2.5262287585063514*^-36*I,-1.6553677664544989*^-21+2.867181076711003*^-21*I,-4.424351602821965*^-22-7.6632017666364415*^-22*I,2.3436724425214774*^-22+0.*I,-3.076211517038276*^-23+5.328154642338827*^-23*I,-8.005065149640733*^-24-1.3865179557076713*^-23*I,4.13055153522842*^-24+6.178214167824792*^-40*I,-5.283462600062103*^-25+9.151225663197524*^-25*I,-1.3404402494443649*^-25-2.32171061654794*^-25*I,6.746109025101829*^-26+0.*I,-8.419829460340331*^-27+1.45835724163747*^-26*I,-2.0851746028561655*^-27-3.6116283547991354*^-27*I,1.0247647982791763*^-27+8.353754300814178*^-44*I,-1.24942570992802*^-28+2.164068809878145*^-28*I,-3.023718712088932*^-29-5.23723443713476*^-29*I,1.4526661273904325*^-29-1.4120751805428696*^-45*I,-1.7319727605810686*^-30+2.999864818651738*^-30*I,-4.10018159785639*^-31-7.101722847746198*^-31*I,1.9275097521887376*^-31-1.5414490467669113*^-46*I,-2.2494428587468014*^-32+3.896149320072449*^-32*I,-5.213993006592402*^-33-9.030900797726829*^-33*I,2.400623712033963*^-33-2.1622186286127473*^-48*I,-2.744643156154028*^-34+4.753861395104984*^-34*I,-6.234257386683936*^-35-1.0798050541198126*^-34*I,2.813575050195507*^-35-2.4525827789499856*^-50*I,-3.1539451752274244*^-36+5.462793287780645*^-36*I
0.022559907599285632+0.*I,0.046420833256454686-0.0804032417298625*I,-0.11045804286474993-0.19131894234636784*I,-0.3196985415897676+0.*I,-0.11163590149569039+0.19335905333929018*I,-0.03880976891861493-0.0672204915970485*I,-0.25385903684919475+0.*I,-0.015494914655684281+0.026837979442588793*I,-0.11563812124948436-0.20029110129591712*I,-0.03364744210303187+0.*I,0.1120967953756709-0.19415734495631395*I,0.016304530959208134+0.028240276014928206*I,0.2008655041556921+0.*I,-0.07058038378290857+0.1222488107297081*I,0.050022534153996046+0.08664157067807061*I,-0.21350574044729917+0.*I,0.04479259066101732-0.0775830428275172*I,-0.060105816710435606-0.10410632837289689*I,0.2147815161081665+0.*I,-0.0650495839485575+0.11266918441011851*I,0.02434946153870194+0.04217450452197601*I,-0.19103755361138527+0.*I,0.10932578086707884-0.18935780703892205*I,0.06715171322955776+0.11631017912888914*I,0.007038938352701233+0.*I,-0.0714671527544982+0.12378473964307693*I,-0.11660206376196067-0.2019606987031017*I,0.26692436606484093-1.8380186181776107*^-17*I,-0.127125430946794+0.22018770533393608*I,-0.10698419528232546-0.1853020618358583*I,0.1638962933170924+0.*I,-0.058153825384915016+0.10072538022116154*I,-0.038685054266773884-0.06700447948361152*I,0.04865357805120165-1.0955452148083689*^-17*I,-0.014553034471195317+0.02520659510841158*I,-0.008323454947048248-0.014416646862798067*I,0.00913908854320577+0.*I,-0.0024159979255775036+0.004184631158081248*I,-0.0012336229633660987-0.0021366976499337625*I,0.0012195308372244006+0.*I,-0.0002923689255865546+0.0005063978336702369*I,-0.00013622906827696828-0.0002359556677234786*I,0.00012356611060491065-1.701731581990149*^-20*I,-0.000027311479563889813+0.000047304870234536253*I,-0.000011782815395543732-0.00002040843492128652*I,9.933648841594391*^-6+0.*I,-2.0477936922780234*^-6+3.5468827184446026*^-6*I,-8.265767697261726*^-7-1.4316729615218911*^-6*I,6.538484194638244*^-7+0.*I,-1.26801619232465*^-7+2.1962684699263228*^-7*I,-4.8265469288543993*^-8-8.359824505891348*^-8*I,3.6083508620568084*^-8-1.7537624781525027*^-24*I,-6.627150867231399*^-9+1.1478562011468943*^-8*I,-2.3935212146336454*^-9-4.145700352739441*^-9*I,1.700902887617004*^-9-7.659934146761169*^-25*I,-2.974320388948015*^-10+5.151674031645993*^-10*I,-1.0243827322233602*^-10-1.7742829386070804*^-10*I,6.951855019945575*^-11-5.524418365063007*^-26*I,-1.1625170415324692*^-11+2.0135385805989*^-11*I,-3.833750021081936*^-12-6.6402498200321516*^-12*I,2.494251014608914*^-12+0.*I,-4.00327708306748*^-13+6.933879304649007*^-13*I,-1.2684966194075739*^-13-2.1971005940432784*^-13*I,7.937846136307816*^-14-9.167688489553503*^-30*I,-1.2265925156307433*^-14+2.1245205572561694*^-14*I,-3.745418070929629*^-15-6.4872543944367295*^-15*I,2.260605320181438*^-15+0.*I,-3.372097804503161*^-16+5.840644725490938*^-16*I,-9.947818140965528*^-17-1.7230126444607664*^-16*I,5.805160090478056*^-17-3.6540455559695686*^-33*I,-8.378593987999081*^-18+1.451215048320555*^-17*I,-2.393240114022468*^-18-4.145213472198847*^-18*I,1.353172609236236*^-18-3.7271328744562823*^-34*I,-1.893528246049091*^-19+3.2796871277238104*^-19*I,-5.2470880132870386*^-20-9.088223030798788*^-20*I,2.879889805773233*^-20-5.9277443153402654*^-36*I,-3.914120701391125*^-21+6.779455921766556*^-21*I,-1.0540476642419095*^-21-1.8256641080662887*^-21*I,5.625071670378149*^-22+0.*I,-7.437364854071919*^-23+1.2881893801679652*^-22*I,-1.9493608360281726*^-23-3.3763920102857394*^-23*I,1.0130107321165843*^-23+1.515196506796554*^-39*I,-1.3048446478575344*^-24+2.2600572260735688*^-24*I,-3.3333325468157783*^-25-5.773501329607892*^-25*I,1.6890155276173917*^-25+0.*I,-2.1222276652865624*^-26+3.6758061415046037*^-26*I,-5.2905390219243344*^-27-9.163482385398703*^-27*I,2.6170500921723667*^-27+2.133386460936487*^-43*I,-3.2113762210191304*^-28+5.562266777023675*^-28*I,-7.821294220101212*^-29-1.3546878970160094*^-28*I,3.7811514351099487*^-29-3.6754970703311366*^-45*I,-4.5361332874999176*^-30+7.856813323854299*^-30*I,-1.0804400682873326*^-30-1.871377092806844*^-30*I,5.109921379040246*^-31-4.086455816802622*^-46*I,-5.999024969680331*^-32+1.0390616043360699*^-31*I,-1.3987272414716516*^-32-2.4226666481595574*^-32*I,6.477585290527835*^-33-5.834298608897958*^-48*I,-7.448549404463231*^-34+1.2901266011217245*^-33*I,-1.7015249497241586*^-34-2.9471276632683157*^-34*I,7.722387089799258*^-35-6.731575753599069*^-50*I
0.006167751632436204+0.01068285919584539*I,0.057021769673301054+0.*I,0.07860496198718561-0.13614778788882567*I,-0.1404661074815188-0.24329443489942146*I,-0.2994193497485484+0.*I,-0.04801290273625449+0.08316078695805555*I,-0.09576967643070086-0.16587794540240552*I,-0.20322649476236107+0.*I,0.051074410555025124-0.08846347404793564*I,-0.1054157539195785-0.18258544170688795*I,0.09307577023037351+0.*I,0.09419892062318201-0.163157316537499*I,0.07058038378290857+0.1222488107297081*I,0.12368038708388439+0.*I,-0.10059648375782777+0.17423822093133504*I,-0.004638445404267382-0.008034023108325466*I,-0.18787918456295022+0.*I,0.0840874703780697-0.14564377097475967*I,-0.012006266436139034-0.020795463476601717*I,0.18852143251237535+0.*I,-0.093998089995802+0.1628094676871609*I,-0.021280965318351296-0.036859713165495626*I,-0.1289621116713371+0.*I,0.10869908239348212-0.1882723334416267*I,0.0931656173193611+0.1613675827156523*I,-0.06839361642083824+0.*I,-0.037313122124412665+0.0646282233085051*I,-0.09506584100215917-0.16465886668000426*I,0.25271636537224623-1.7401835265931814*^-17*I,-0.13137373861991897+0.22754599006997325*I,-0.1177123361456255-0.20388374688184982*I,0.1894962199453184+0.*I,-0.07008667606326396+0.12139368387519468*I,-0.04833354254399927-0.0837161513959986*I,0.06276842960288015-1.4133729819439857*^-17*I,-0.01932781589830584+0.033476759135203246*I,-0.011352490960200266-0.019663091135533228*I,0.012776062170129797+0.*I,-0.0034561025194762038+0.005986145159899591*I,-0.0018032847900187026-0.0031233808768285675*I,0.0018194705331037854+0.*I,-0.0004447315416693388+0.0007702976258997301*I,-0.00021108048999409257-0.0003656021331563023*I,0.0001948632351548886-2.683623525969172*^-20*I,-0.00004380310376019362+0.0000758692012418667*I,-0.000019206372078568275-0.00003326641226915252*I,0.000016446566001192524+0.*I,-3.4417458024212294*^-6+5.961278596530482*^-6*I,-1.4095400713516318*^-6-2.441395018885287*^-6*I,1.1307470698925972*^-6+0.*I,-2.2228742019118693*^-7+3.850131056545477*^-7*I,-8.573322267277016*^-8-1.4849429756585393*^-7*I,6.491971440536249*^-8-3.155285158483814*^-24*I,-1.207238961834441*^-8+2.0909992187739586*^-8*I,-4.413215117336641*^-9-7.643912807958099*^-9*I,3.1732939024981627*^-9-1.4290776092166875*^-24*I,-5.613075341358115*^-10+9.722131677944285*^-10*I,-1.9549436786955065*^-10-3.3860617774362177*^-10*I,1.3412651957146426*^-10-1.0658608469777625*^-25*I,-2.2669622609103187*^-11+3.926493814737895*^-11*I,-7.55430206585075*^-12-1.3084434993775997*^-11*I,4.965191125027725*^-12+0.*I,-8.048984448142852*^-13+1.394125001351516*^-12*I,-2.5754498791822435*^-13-4.4608100430907707*^-13*I,1.6271125305642303*^-13-1.8792076038652402*^-29*I,-2.5379490059508096*^-14+4.395856625325728*^-14*I,-7.821149908585293*^-15-1.3546629015282404*^-14*I,4.763280157842284*^-15+0.*I,-7.168347249556195*^-16+1.2415941642527947*^-15*I,-2.1331112564168278*^-16-3.6946570743110286*^-16*I,1.2554478663106403*^-16-7.902389641533717*^-33*I,-1.82721226800044*^-17+3.1648244843899226*^-17*I,-5.262286252007679*^-18-9.1145471524485*^-18*I,2.999514461893252*^-18-8.261761198846187*^-34*I,-4.2307804064976896*^-19+7.327926619720911*^-19*I,-1.1815752099050995*^-19-2.0465482965194925*^-19*I,6.535194590503393*^-20-1.3451543356221495*^-35*I,-8.94959990292942*^-21+1.5501161739287244*^-20*I,-2.4280926517294864*^-21-4.205579838280114*^-21*I,1.3053264682875403*^-21+0.*I,-1.7383942975080459*^-22+3.0109872468719424*^-22*I,-4.588947345426465*^-23-7.94828995553697*^-23*I,2.401493695754007*^-23+3.5920003051671993*^-39*I,-3.114792031153699*^-24+5.394978052968867*^-24*I,-8.011416128934633*^-25-1.387617977589156*^-24*I,4.0868008645155987*^-25+0.*I,-5.1691716089013437*^-26+8.953267859659687*^-26*I,-1.2970870503303205*^-26-2.246620673011765*^-26*I,6.457785439654*^-27+5.2643058173772365*^-43*I,-7.974956401165806*^-28+1.3813029674965822*^-27*I,-1.9545440952397639*^-28-3.3853696785890125*^-28*I,9.507925053300978*^-29-9.242251012176026*^-45*I,-1.1476470167648238*^-29+1.987782942191526*^-29*I,-2.7501155483301312*^-30-4.7633398563929205*^-30*I,1.3084584563764576*^-30-1.046387463422858*^-45*I,-1.5452202137981717*^-31+2.676399919180882*^-31*I,-3.6238986258276125*^-32-6.276776541412449*^-32*I,1.6879496718395334*^-32-1.520319992807177*^-47*I,-1.9520555432927716*^-33+3.381059380179555*^-33*I,-4.4844002131639565*^-34-7.76720901067266*^-34*I
-0.0032497809702749314+0.005628785753986665*I,0.016670752136937125+0.028874589701562536*I,0.10438592434378949+0.*I,0.11039845117751743-0.19121572651637223*I,-0.15396414158853383-0.26667371577506904*I,-0.22953316874381377+0.*I,0.01902910513600922-0.03295937691813784*I,-0.12125928634588655-0.21002724484061855*I,-0.0998026981208222+0.*I,0.09649406604888333-0.16713262502557297*I,-0.0645718168438164-0.11184166751052181*I,0.18176944993915664+0.*I,0.050022534153996046-0.08664157067807061*I,0.10059648375782777+0.17423822093133504*I,0.01767205274256429+0.*I,-0.10168326190354586+0.17612057589627428*I,-0.05445536571785285-0.0943194601680656*I,-0.11842160245154824+0.*I,0.10167231673300776-0.17610161830480475*I,0.035678981722091704+0.06179780910498415*I,0.12627124685843308+0.*I,-0.10391076342812962+0.17997872171079046*I,-0.06065209315184159-0.10505250692439*I,-0.050749049255839715+0.*I,0.09323165406560255-0.16148196171530912*I,0.10647953552957642+0.18442796550356172*I,-0.13252526731349348+0.*I,-0.0017277795652855328+0.002992601991353811*I,-0.06786542608948791-0.11754636606430348*I,0.22527964409747717-1.5512565834735523*^-17*I,-0.1302889722981425+0.22566711968631684*I,-0.1252388954375984-0.21692012998172652*I,0.21263418377973836+0.*I,-0.08213711411790395+0.14226565483929257*I,-0.05878608056715151-0.1018204783201438*I,0.07887799511322001-1.7761162397763637*^-17*I,-0.025011842551591407+0.043321782090269545*I,-0.01508974725295855-0.026136208915497075*I,0.017406644088837877+0.*I,-0.004818245209397616+0.008345445506002016*I,-0.0025687691999034066-0.004449238767150754*I,0.00264501550630166+0.*I,-0.0006590795677711228+0.0011415592976101198*I,-0.0003185923332678141-0.0005518181081217704*I,0.00029929598727786844-4.1218537301232296*^-20*I,-0.00006841226967369481+0.00011849352693594292*I,-0.000030481667919137965-0.00005279579753538925*I,0.000026507329591183344+0.*I,-5.630189903902537*^-6+9.751774969820526*^-6*I,-2.3391133695074755*^-6-4.051463200650581*^-6*I,1.9026651493587059*^-6+0.*I,-3.7909104613979577*^-7+6.566049526085638*^-7*I,-1.4812614107541872*^-7-2.565620022717404*^-7*I,1.1359186234287332*^-7-5.520891776218271*^-24*I,-2.138438475805273*^-8+3.703884088954885*^-8*I,-7.911265442301829*^-9-1.370271369823062*^-8*I,5.755083266028365*^-9-2.5917740011992294*^-24*I,-1.0295883161336872*^-9+1.7832992744228354*^-9*I,-3.6257387613119013*^-10-6.279963749564049*^-10*I,2.514554563419244*^-10-1.9982366390337952*^-25*I,-4.295022467951792*^-11+7.439197134142391*^-11*I,-1.4460599957604302*^-11-2.5046493834498946*^-11*I,9.60063316474915*^-12+0.*I,-1.5717472988820419*^-12+2.722346178322842*^-12*I,-5.077881640830456*^-13-8.795148996739565*^-13*I,3.2385381257164*^-13-3.740297832469738*^-29*I,-5.098402450849303*^-14+8.830692082304678*^-14*I,-1.5854879677909722*^-14-2.746145715003092*^-14*I,9.742359456533934*^-15+0.*I,-1.4790073887894498*^-15+2.561715942153103*^-15*I,-4.439034782097899*^-16-7.688633779159*^-16*I,2.6346963774143003*^-16-1.6584039783865863*^-32*I,-3.866458697451145*^-17+6.696902909351968*^-17*I,-1.1226110651877823*^-17-1.944419402044255*^-17*I,6.450249488574682*^-18-1.7766349062357108*^-33*I,-9.169783277957654*^-19+1.5882530531818155*^-18*I,-2.5808176149554323*^-19-4.470107234171539*^-19*I,1.4383283149961157*^-19-2.960544697133638*^-35*I,-1.984516352489654*^-20+3.437283150963347*^-20*I,-5.423973477248608*^-21-9.394597641500624*^-21*I,2.9371355029260185*^-21+0.*I,-3.939657682300873*^-22+6.823687270174158*^-22*I,-1.0473284798110461*^-22-1.814026139246608*^-22*I,5.519078810857025*^-23+8.255084245230909*^-39*I,-7.207530572015849*^-24+1.248380914783742*^-23*I,-1.8663679613238457*^-24-3.232644134631646*^-24*I,9.58432321704636*^-25+0.*I,-1.220251985203023*^-25+2.113538436408422*^-25*I,-3.0818393635788987*^-26-5.337902358484387*^-26*I,1.5441857682348668*^-26+1.2588008999050134*^-42*I,-1.9190358051280433*^-27+3.323867516025619*^-27*I,-4.732643523039462*^-28-8.197179036016116*^-28*I,2.3163985917940793*^-28-2.2516729054547217*^-44*I,-2.8130124129443217*^-29+4.87228042154149*^-29*I,-6.781369973980566*^-30-1.1745677339856356*^-29*I,3.245621306941745*^-30-2.595556190608498*^-45*I,-3.855393554192063*^-31+6.677737519034221*^-31*I,-9.09420174213585*^-32-1.5751619471660657*^-31*I,4.260187910314543*^-32-3.8371101705349637*^-47*I,-4.9546543949131406*^-33+8.581713145934009*^-33*I
-0.0033084889583265-2.2781975257972335*^-19*I,-0.009325046257747566+0.016151453901348804*I,0.03265521759367495+0.0565604960044621*I,0.1590756273472931+0.*I,0.13538228341009714-0.2344889933109773*I,-0.14731117221988996-0.2551504348073785*I,-0.12579665236841114+0.*I,0.07472428420312419-0.12942625679902756*I,-0.11395667571836465-0.19737875220585818*I,0.020930414437390677+0.*I,0.1116562352692071-0.1933942724681307*I,-0.00903271188011359-0.015645115906487733*I,0.21350574044729917+0.*I,-0.004638445404267382+0.008034023108325466*I,0.10168326190354586+0.17612057589627428*I,-0.08584813902778828+0.*I,-0.07729846454623913+0.13388486794114773*I,-0.0881123922519356-0.15261514015679073*I,-0.026215317044276265+0.*I,0.09626665208268613-0.16673873248176863*I,0.07333663038595145+0.12702276988436748*I,0.04361822055895924+0.*I,-0.09496829078387388+0.16448990474564476*I,-0.08802063575254182-0.15245621323791606*I,0.030722869935199196+0.*I,0.06615999229269462-0.11459246807931245*I,0.10645698149490046+0.18438890076958728*I,-0.17956029614212346+0.*I,0.032185118475602445-0.055746260447367205*I,-0.037025703365202875-0.06413039941450534*I,0.1859508575699281-1.2804418844122906*^-17*I,-0.12355151741385986+0.2139975055130362*I,-0.12880424851214822-0.2230955026537687*I,0.23176652376455062+0.*I,-0.09373711472009183+0.16235744525011156*I,-0.06972148559636017-0.12076115543207742*I,0.09673357774731849-2.178175017279139*^-17*I,-0.031601489384094905+0.05473538520810093*I,-0.01958724381674712-0.0339261014708453*I,0.02316208239614514+0.*I,-0.006560574196729761+0.011363247835561323*I,-0.003573694066487797-0.006189819693864295*I,0.003754971506292532+0.*I,-0.0009537291174913311+0.0016519072881528128*I,-0.00046947664082743515-0.0008131573948798828*I,0.0004487477045144341-6.180077509758955*^-20*I,-0.00010428672454058208+0.00018062990545922826*I,-0.000047209735823555456-0.00008176966105830258*I,0.00004168585220601654+0.*I,-8.98527649945078*^-6+0.000015562955417103374*I,-3.786357889616374*^-6-6.5581642404548305*^-6*I,3.122401779430548*^-6+0.*I,-6.304280798231532*^-7+1.0919334647717892*^-6*I,-2.4952413954483627*^-7-4.321884874065628*^-7*I,1.937547069574504*^-7-9.417036979428318*^-24*I,-3.6920887228104726*^-8+6.394885253959831*^-8*I,-1.3821254556208662*^-8-2.3939115115696214*^-8*I,1.0170534557049111*^-8-4.580251201378237*^-24*I,-1.8400042313194719*^-9+3.1869808147870458*^-9*I,-6.550799503202792*^-10-1.1346317569744178*^-9*I,4.591847830124666*^-10-3.6489956147724756*^-25*I,-7.925241148826106*^-11+1.3726920332002387*^-10*I,-2.6955751000826883*^-11-4.668873028960767*^-11*I,1.8075301822358998*^-11+0.*I,-2.988106527357795*^-12+5.175552323811902*^-12*I,-9.746192808686069*^-13-1.6880901125006686*^-12*I,6.274164264656012*^-13-7.2462457098481*^-29*I,-9.968148477110225*^-14+1.7265339619745239*^-13*I,-3.12780273584605*^-14-5.417513254538294*^-14*I,1.9389307211204884*^-14+0.*I,-2.969059781198144*^-15+5.14256239174452*^-15*I,-8.98709083977424*^-16-1.556609794672583*^-15*I,5.378699842298492*^-16-3.385611068311901*^-32*I,-7.958164391994915*^-17+1.378394506192068*^-16*I,-2.3292742327352492*^-17-4.0344213158584637*^-17*I,1.3489652590943203*^-17-3.715544291505928*^-33*I,-1.9326780850688488*^-18+3.347496638014173*^-18*I,-5.481244493906873*^-19-9.493793952153858*^-19*I,3.077856489495787*^-19-6.335223754904467*^-35*I,-4.278212162691675*^-20+7.410080831341107*^-20*I,-1.177858131772616*^-20-2.0401101283383286*^-20*I,6.424203288966965*^-21+0.*I,-8.67815141618139*^-22+1.5030999168601973*^-21*I,-2.3231652460868095*^-22-4.02384024060061*^-22*I,1.2326750614416087*^-22+1.8437563274468847*^-38*I,-1.620731242673536*^-23+2.807188857724807*^-23*I,-4.22496571596908*^-24-7.317855280295066*^-24*I,2.183981080014185*^-24+0.*I,-2.7987214115405753*^-25+4.847527681019163*^-25*I,-7.113857787073259*^-26-1.2321563125030385*^-25*I,3.5870968405181136*^-26+2.9241564219647985*^-42*I,-4.485794162448529*^-27+7.769623401656733*^-27*I,-1.1131099052903333*^-27-1.927962910371038*^-27*I,5.481402970989453*^-28-5.328239534154043*^-44*I,-6.696707653963277*^-29+1.159903790009978*^-28*I,-1.6240009978509735*^-29-2.8128522398204367*^-29*I,7.818340395541034*^-30-6.252405901615328*^-45*I,-9.341203069250013*^-31+1.6179438319759392*^-30*I,-2.2160843425520023*^-31-3.8383706751579323*^-31*I,1.0440204778772332*^-31-9.403391771077363*^-47*I
-0.0008153253297372557-0.001412184895802775*I,-0.010019169135526428-6.899115161818762*^-19*I,-0.019391636440685634+0.033587299557171615*I,0.053341823010471266+0.0923907476224829*I,0.21298919435197608+0.*I,0.14828606345029513-0.2568389959502933*I,-0.12120991774094296-0.20994173590855747*I,-0.009548142511371961+0.*I,0.10900372695942527-0.18879999330808991*I,-0.08030953368756218-0.13910019267902202*I,0.12661067306072352+0.*I,0.09703240045553117-0.16806504756934945*I,0.04479259066101732+0.0775830428275172*I,0.18787918456295022+0.*I,-0.05445536571785285+0.0943194601680656*I,0.07729846454623913+0.13388486794114773*I,-0.16204412684964206+0.*I,-0.03624959307951836+0.06278613696742295*I,-0.09991765974790788-0.17306246325675614*I,0.06632616033189472+0.*I,0.07148405916199778-0.12381402239983964*I,0.0947666928709873+0.1641407269178253*I,-0.04246689919588285+0.*I,-0.07048036414485849+0.12207557163485071*I,-0.10023165169655861-0.17360631326498674*I,0.10361996651036572+0.*I,0.03186845860940294-0.05519778947039171*I,0.09404185050482583+0.16288526311215515*I,-0.20580986931350165+0.*I,0.06157935220153441-0.106658566710236*I,-0.004874853420222166-0.008443493803275706*I,0.1370432873931861-9.436684909602925*^-18*I,-0.11124464876314723+0.19268138372792526*I,-0.12786578577700577-0.22147003751549194*I,0.24545468254719877+0.*I,-0.10427552420188335+0.18061050590354008*I,-0.0807437519278117-0.1398522807327073*I,0.11595107540860114-2.610900388088517*^-17*I,-0.039047226476842896+0.06763178015254064*I,-0.02487264186081911-0.04308067942140315*I,0.03015546448074346+0.*I,-0.00874068095566116+0.015139303507954822*I,-0.004864692178340828-0.008425894016069232*I,0.005215622238281485+0.*I,-0.001350190474451511+0.0023385985016455457*I,-0.0006767494126610411-0.0011721643667213196*I,0.0006580894276132006-9.063096323586137*^-20*I,-0.00015547023948292077+0.0002692823538493197*I,-0.00007149683511771425-0.00012383615100425584*I,0.00006409311822429042+0.*I,-0.000014017697559484223+0.000024279364378160924*I,-5.990533911837539*^-6-0.000010375909099766955*I,5.007553319972593*^-6+0.*I,-1.0244137857494207*^-6+1.774336724891975*^-6*I,-4.1065729980227863*^-7-7.112793077565912*^-7*I,3.228365415993811*^-7-1.569078603710906*^-23*I,-6.226059141432334*^-8+1.0783850763889475*^-7*I,-2.3580676812345953*^-8-4.0842930315844466*^-8*I,1.7550359892513157*^-8-7.903719959988692*^-24*I,-3.2104667643458237*^-9+5.56069155185823*^-9*I,-1.155397964952062*^-9-2.001207978258653*^-9*I,8.184648842668833*^-10-6.504080457418022*^-25*I,-1.427228820078642*^-10+2.472032830402794*^-10*I,-4.903428488691488*^-11-8.49298727369431*^-11*I,3.3205115271753406*^-11+0.*I,-5.5423619105318365*^-12+9.599652422975652*^-12*I,-1.8248441569609212*^-12-3.16072279575151*^-12*I,1.1856464282865292*^-12-1.36934338693777*^-28*I,-1.900826845600585*^-13+3.292328672971095*^-13*I,-6.017551076832599*^-14-1.0422704202214868*^-13*I,3.762893243167134*^-14+0.*I,-5.811490020504451*^-15+1.0065795983193206*^-14*I,-1.7739002222155638*^-15-3.0724853124350775*^-15*I,1.0704441868064585*^-15-6.737887952701558*^-32*I,-1.5966653288737976*^-16+2.765505472293089*^-16*I,-4.7105952664721994*^-17-8.158990335423304*^-17*I,2.7494903134181006*^-17-7.573103139387203*^-33*I,-3.9696419561212495*^-18+6.875621555859112*^-18*I,-1.1343770588089048*^-18-1.9647987007975705*^-18*I,6.417427341448011*^-19-1.320914028242268*^-34*I,-8.985843809040708*^-20+1.5563938026136751*^-19*I,-2.491866359570225*^-20-4.3160391404473274*^-20*I,1.3687970901443885*^-20+0.*I,-1.8620415076645862*^-21+3.225150497077216*^-21*I,-5.019266817094615*^-22-8.693625143952399*^-22*I,2.6814140917175917*^-22+4.0106872871490637*^-38*I,-3.549275470100806*^-23+6.147525444272507*^-23*I,-9.313756219406376*^-24-1.6131898981322467*^-23*I,4.8460092003846755*^-24+0.*I,-6.250151462000789*^-25+1.0825579887186268*^-24*I,-1.5988011285846795*^-25-2.769204785907127*^-25*I,8.112499229093564*^-26+6.61320777598857*^-42*I,-1.0207939491140228*^-26+1.768066983924367*^-26*I,-2.5485301978499495*^-27-4.414183787299675*^-27*I,1.2625923864201575*^-27-1.2273125519964118*^-43*I,-1.5517438808272148*^-28+2.6876992419268417*^-28*I,-3.785303022259896*^-29-6.556337156598153*^-29*I,1.8329633373492294*^-29-1.465839322424869*^-44*I,-2.2026059507367492*^-30+3.815025415729609*^-30*I,-5.255157691965333*^-31-9.102200124270334*^-31*I
0.00038985015055222825-0.0006752402680948354*I,-0.002593092702566872-0.004491368309581914*I,-0.021980880095941787-1.5135848201455106*^-18*I,-0.03365166272668459+0.05828638960178952*I,0.07679528259070253+0.13301333122870648*I,0.25731642375376956+0.*I,0.14605191948774227-0.2529693450957285*I,-0.08006180048944284-0.13867110619315784*I,0.09769091915783687+0.*I,0.11771209557848579-0.20388333020734117*I,-0.03132497193812444-0.05425644294250085*I,0.1946382257009324+0.*I,0.060105816710435606-0.10410632837289689*I,0.0840874703780697+0.14564377097475967*I,0.11842160245154824+0.*I,-0.0881123922519356+0.15261514015679073*I,0.03624959307951836+0.06278613696742295*I,-0.19670982115368477+0.*I,0.010475392730522642-0.018143912438502892*I,-0.08977475669634483-0.15549443983520353*I,0.14030143845439996+0.*I,0.03413712311189004-0.05912723165402733*I,0.09765308369782291+0.16914010248040534*I,-0.11679657580933965+0.*I,-0.035817098829058175+0.062037034951644504*I,-0.09677563901111806-0.1676203237022012*I,0.15862216914463417+0.*I,-0.004804090088727757+0.008320928117814555*I,0.07148694185407413+0.12381901536897841*I,-0.2099184111472978+0.*I,0.08413431160594201-0.14572490236132343*I,0.02618091048064184+0.04534666714088418*I,0.08163794183945326-5.621519656027416*^-18*I,-0.09385344772353166+0.16255893992266643*I,-0.12214709732651124-0.2115649785665781*I,0.2524738489001979+0.*I,-0.11313531949947239+0.1959561215036241*I,-0.09139900620206946-0.15830772250328717*I,0.1360162064940233-3.062712140186243*^-17*I,-0.0472493508566233+0.08183827630831969*I,-0.030943429954118338-0.05359559284098159*I,0.038472242836377714+0.*I,-0.011412627516650484+0.019767250706697263*I,-0.006489934627019023-0.01124089651179752*I,0.007099694663971127+0.*I,-0.0018731411058554547+0.0032443755650874008*I,-0.0009558897651545735-0.0016556496396828034*I,0.000945554842501058-1.302202141113459*^-19*I,-0.00022705583873662308+0.00039327224884699695*I,-0.00010606055277736339-0.0001837022660892338*I,0.00009651358614779576+0.*I,-0.000021414973364857474+0.000037091821910667375*I,-9.279951869843977*^-6-0.000016073348130363573*I,7.862114009108483*^-6+0.*I,-1.6294204587326531*^-6+2.822239021417142*^-6*I,-6.614635273797187*^-7-1.1456884367753997*^-6*I,5.263986138377499*^-7-2.5584489224917296*^-23*I,-1.0273043796616661*^-7+1.779343380412035*^-7*I,-3.935990314360975*^-8-6.817335202572199*^-8*I,2.9625281195700563*^-8-1.334160255064756*^-23*I,-5.478959961843165*^-9+9.489837026548008*^-9*I,-1.9929528556039827*^-9-3.451895602995573*^-9*I,1.426558120078486*^-9-1.1336404247183286*^-24*I,-2.5130520370216517*^-10+4.3527338101859744*^-10*I,-8.720192679852292*^-11-1.510381677329434*^-10*I,5.96285825361831*^-11+0.*I,-1.0047942131280862*^-11+1.7403546282890365*^-11*I,-3.339292852424189*^-12-5.783824881750294*^-12*I,2.1895156923164466*^-12-2.528746144162836*^-28*I,-3.5417740714903575*^-13+6.134532640751383*^-13*I,-1.1311187258224492*^-13-1.9591551025170524*^-13*I,7.134248666528031*^-14+0.*I,-1.111175230165059*^-14+1.9246119547579235*^-14*I,-3.42000291730058*^-15-5.923618814798385*^-15*I,2.080652973549661*^-15-1.3096625472886683*^-31*I,-3.12842952431247*^-16+5.418598884007734*^-16*I,-9.302633863439153*^-17-1.6112634495687365*^-16*I,5.471960170005704*^-17-1.5071782046234984*^-32*I,-7.960633480229673*^-18+1.378822164819166*^-17*I,-2.291955356501377*^-18-3.969783126140023*^-18*I,1.3062033101491672*^-18-2.688588719920295*^-34*I,-1.8422992138158838*^-19+3.1909558410733083*^-19*I,-5.1455230678031175*^-20-8.912307384952677*^-20*I,2.846432387022665*^-20+0.*I,-3.899089172757956*^-21+6.7534205504584825*^-21*I,-1.058235887159416*^-21-1.832918322952835*^-21*I,5.691571356595519*^-22+8.513087536277318*^-38*I,-7.583908086808911*^-23+1.313571412628551*^-22*I,-2.0031959614194398*^-23-3.4696371826952545*^-23*I,1.0490334242529334*^-23+0.*I,-1.361647068270452*^-24+2.3584419042216307*^-24*I,-3.505103346122686*^-25-6.071017081264173*^-25*I,1.7896078019653112*^-25+1.4588658682990318*^-41*I,-2.2657057286116478*^-26+3.924317436955237*^-26*I,-5.6909365417212165*^-27-9.856991232911465*^-27*I,2.836304620676983*^-27-2.757051523264839*^-43*I,-3.50649758591216*^-28+6.073431975417475*^-28*I,-8.603730755681414*^-29-1.4902098803483152*^-28*I,4.190272192019196*^-29-3.351003059127156*^-44*I,-5.064049600924602*^-30+8.771191200850325*^-30*I
0.00036231196929534894+0.*I,0.0012968496503415138-0.0022462094841694353*I,-0.005971413662747976-0.01034279185689046*I,-0.04024823793049882-2.7714596368893785*^-18*I,-0.05154885993793277+0.0892852444847514*I,0.10025970316768155+0.1736548998381988*I,0.28429683062976807+0.*I,0.12828257692566175-0.22219194096110895*I,-0.030676973294311682-0.05313407636818144*I,0.17847507617545202+0.*I,0.10229353727087086-0.17717760383908893*I,0.020734492369221046+0.03591319425264004*I,0.2147815161081665+0.*I,0.012006266436139034-0.020795463476601717*I,0.10167231673300776+0.17610161830480475*I,0.026215317044276265+0.*I,-0.09991765974790788+0.17306246325675614*I,-0.010475392730522642-0.018143912438502892*I,-0.18697438777252112+0.*I,0.05247907283598888-0.09089642048604046*I,-0.06203319132528384-0.10744463913103257*I,0.1832686234158945+0.*I,-0.007637529713864588+0.013228589508730453*I,0.08324932740918477+0.14419206476864435*I,-0.16815212450146563+0.*I,0.0027589515996717614-0.00477864434625492*I,-0.07945548333987053-0.13762093408459825*I,0.1898069487143908+0.*I,-0.03921038160489125+0.06791437312383576*I,0.04196549903445377+0.07268637649265655*I,-0.1928122597915641+0.*I,0.09824659854449935-0.1701681003498954*I,0.05387568367695322+0.09331542142099221*I,0.02331445499076221-1.6054136599607099*^-18*I,-0.07222978235560519+0.12510565285955022*I,-0.11166608050269004-0.19341132491273555*I,0.25190825888110924+0.*I,-0.11973308169426791+0.2073837808412671*I,-0.10119759908473613-0.1752793832187486*I,0.1562986772335466-3.519417785550936*^-17*I,-0.05605634750064674+0.09709244195785688*I,-0.03776211782723289-0.06540590667816976*I,0.0481608577452923+0.*I,-0.014623642510890083+0.025328891820585734*I,-0.008497283699137156-0.014717727093232368*I,0.009484776492616443+0.*I,-0.002550239176588873+0.004417143825304546*I,-0.0013249251360513115-0.0022948376518659784*I,0.0013330674923006521-1.8358780101332056*^-19*I,-0.0003253386899567568+0.0005635031406730013*I,-0.00015434356977770165-0.00026733090467653147*I,0.0001425543078948784+0.*I,-0.00003208623773645697+0.000055574993983277265*I,-0.000014097137592448752-0.00002441695855141044*I,0.000012103259237953733+0.*I,-2.5408814119428537*^-6+4.400935701492369*^-6*I,-1.0444082612660962*^-6-1.8089681723575484*^-6*I,8.412594191838557*^-7-4.0887631501445325*^-23*I,-1.6611697785659412*^-7+2.877230456474154*^-7*I,-6.437651100190824*^-8-1.1150338786932176*^-7*I,4.899617800194806*^-8-2.206519253216878*^-23*I,-9.160094333113846*^-9+1.586574878707695*^-8*I,-3.367316686074147*^-9-5.832363585454872*^-9*I,2.435292322502148*^-9-1.93524945386924*^-24*I,-4.333445519440284*^-10+7.505747811502295*^-10*I,-1.5185501986166275*^-10-2.6302060978478024*^-10*I,1.048418656559567*^-10+0.*I,-1.7833850381548012*^-11+3.088913495542276*^-11*I,-5.981705415683679*^-12-1.036061769587404*^-11*I,3.9576718520222525*^-12-4.570849832583265*^-28*I,-6.458863201712087*^-13+1.1187079224502325*^-12*I,-2.080715023874076*^-13-3.60390413742179*^-13*I,1.3235813145803485*^-13+0.*I,-2.078809170694483*^-14+3.600603102882967*^-14*I,-6.45093517580083*^-15-1.1173347480820301*^-14*I,3.9563707024687614*^-15-2.4903290448159992*^-31*I,-5.996035804318085*^-16+1.0385438657081044*^-15*I,-1.7969083565334909*^-16-3.112336570061096*^-16*I,1.065096230148001*^-16-2.9336650378141315*^-32*I,-1.5612240275069107*^-17+2.7041193376392815*^-17*I,-4.528382172834277*^-18-7.843387999438114*^-18*I,2.599659341083111*^-18-5.350939417902175*^-34*I,-3.6930542003049106*^-19+6.396557510033754*^-19*I,-1.0387896245706248*^-19-1.7992364081317216*^-19*I,5.786630153751359*^-20+0.*I,-7.981241654579943*^-21+1.3823916053217553*^-20*I,-2.180867318350071*^-21-3.777372999948815*^-21*I,1.1808010716782737*^-21+1.766166539312281*^-37*I,-1.5837804471868304*^-22+2.7431882025617466*^-22*I,-4.2105949422278696*^-23-7.292964370031213*^-23*I,2.219163724284458*^-23+0.*I,-2.8987283583681745*^-24+5.0207447940344035*^-24*I,-7.5084574063389185*^-25-1.3005029714245842*^-24*I,3.857266616326285*^-25+3.144395439776245*^-41*I,-4.9131849196773923*^-26+8.509885907862458*^-26*I,-1.241503592467071*^-26-2.150347299932252*^-26*I,6.224284335782269*^-27-6.050363026629343*^-43*I,-7.740177564572427*^-28+1.3406380801444179*^-27*I,-1.9101801682788647*^-28-3.3085291030694555*^-28*I,9.356425767451013*^-29-7.482428332207221*^-44*I
0.00008193455845086722+0.00014191481813262397*I,0.001256217424213986+0.*I,0.003121548389078669-0.005406680408169037*I,-0.011474683424031136-0.01987473469119034*I,-0.0650969515831482-4.482521051201741*^-18*I,-0.07179020165671553+0.12434427675504668*I,0.1206330179472696+0.2089425161550392*I,0.28860280231409857+0.*I,0.0971155343963178-0.16820903977862528*I,0.01924766772064652+0.03333793841936322*I,0.2220115727780354+0.*I,0.06845576281601266-0.11856885926821827*I,0.0650495839485575+0.11266918441011851*I,0.18852143251237535+0.*I,-0.035678981722091704+0.06179780910498415*I,0.09626665208268613+0.16673873248176863*I,-0.06632616033189472+0.*I,-0.08977475669634483+0.15549443983520353*I,-0.05247907283598888-0.09089642048604046*I,-0.13950314723812396+0.*I,0.08189921977354638-0.141853609748032*I,-0.023771383323672454-0.041173243682796214*I,0.1902984344037779+0.*I,-0.04605572651106325+0.07977085829665845*I,0.055537628083449184+0.0961939935723981*I,-0.1903880374606825+0.*I,0.03916411784565642-0.06783424194229187*I,-0.05179358277768748-0.0897091168769791*I,0.1949481781155943+0.*I,-0.06742259802350622+0.11677936535500577*I,0.009128967786025595+0.01581183602605589*I,-0.15741402804449417+0.*I,0.10313433302751616-0.17863390480838692*I,0.07627480578608292+0.13211183895894418*I,-0.03414920354894874+2.351485285672926*^-18*I,-0.04752812420304951+0.0823211259081258*I,-0.09674027665465566-0.167559074304133*I,0.24322578319612387+0.*I,-0.12355775507586467+0.21400830946054897*I,-0.10963992454918445-0.1899019198572056*I,0.17607480389248026-3.964721950145751*^-17*I,-0.0652661823523176+0.11304434385026942*I,-0.04525283506190735-0.07838020951375774*I,0.05922403378189424+0.*I,-0.01841063324332545+0.03188815217695627*I,-0.01093212152431914-0.018934989914638073*I,0.012451176341520223+0.*I,-0.0034117566399020772+0.005909335843370874*I,-0.0018044226808914847-0.0031253517616336942*I,0.0018464934578508194-2.5429595685906943*^-19*I,-0.0004579614036900776+0.0007932124190967758*I,-0.0002206319659965215-0.00038214577487978417*I,0.00020680895018287078+0.*I,-0.000047213571058912326+0.00008177630388079964*I,-0.000021028646831386778-0.000036422684726384185*I,0.0000182939789356491+0.*I,-3.889787547227115*^-6+6.737309662446088*^-6*I,-1.618722679812797*^-6-2.803709924799812*^-6*I,1.3195648854729786*^-6-6.413465519566983*^-23*I,-2.6361061893152653*^-7+4.565869854040825*^-7*I,-1.0331988662475623*^-7-1.789552930663337*^-7*I,7.95050762574907*^-8-3.5804727765429864*^-23*I,-1.502399475937362*^-8+2.602232225588369*^-8*I,-5.580925181451944*^-9-9.666445967515306*^-9*I,4.077562493303794*^-9-3.2403093934021568*^-24*I,-7.328357841417069*^-10+1.269308811738018*^-9*I,-2.5931536367048*^-10-4.4914738506047097*^-10*I,1.8074511299826544*^-10+0.*I,-3.10328176629261*^-11+5.375041689420887*^-11*I,-1.0504155375067541*^-11-1.8193730800214694*^-11*I,7.0122206418414435*^-12-8.09865212307088*^-28*I,-1.1544491418397299*^-12+1.9995645684207014*^-12*I,-3.751119041561434*^-13-6.497128765223474*^-13*I,2.406346158107958*^-13+0.*I,-3.8107804861007636*^-14+6.600465418418546*^-14*I,-1.1922000369657156*^-14-2.0649510368101124*^-14*I,7.370355187846333*^-15-4.639254249722047*^-31*I,-1.1257990085264398*^-15+1.949941081878462*^-15*I,-3.3999319328129084*^-16-5.888854849907812*^-16*I,2.030604451490729*^-16-5.593028231956393*^-32*I,-2.998751117135324*^-17+5.193989294132315*^-17*I,-8.762042570490739*^-18-1.517630291017136*^-17*I,5.066592316667173*^-18-1.042868506394351*^-33*I,-7.248935528998873*^-19+1.255552463701722*^-18*I,-2.053329179793165*^-19-3.556470464065492*^-19*I,1.1517388046164676*^-19+0.*I,-1.5993824621210917*^-20+2.7702116851283356*^-20*I,-4.3996928140328915*^-21-7.62049149160066*^-21*I,2.397949435403046*^-21+3.586699027764409*^-37*I,-3.2373420106359745*^-22+5.607240843898692*^-22*I,-8.662210059138015*^-23-1.500338792826125*^-22*I,4.5943984895074684*^-23+0.*I,-6.0389911660854746*^-24+1.0459839526119664*^-23*I,-1.5739453904738724*^-24-2.7261533846395834*^-24*I,8.1351606816710515*^-25+6.631681108332711*^-41*I,-1.0424699108785772*^-25+1.8056108510034956*^-25*I,-2.649900909025236*^-26-4.589763009454661*^-26*I,1.3363507408197168*^-26-1.2990099225356437*^-42*I,-1.671476615306848*^-27+2.8950824213747203*^-27*I,-4.14869788207295*^-28-7.185755517003731*^-28*I
-0.00003611963491611688+0.00006256104282555323*I,0.00029521353445006396+0.0005113248407494959*I,0.0031494274525530005+0.*I,0.006267414498210611-0.01085548034299458*I,-0.01948014725536625-0.033740604785217766*I,-0.09584376714168016-6.599720776330119*^-18*I,-0.09250038970087762+0.1602153746818409*I,0.13498058842151114+0.23379323718160064*I,0.268152324907159+0.*I,0.05666203212322329-0.09814151849752252*I,0.06254541096260793+0.1083318295675124*I,0.22500360454625115+0.*I,0.02434946153870194-0.04217450452197601*I,0.093998089995802+0.1628094676871609*I,0.12627124685843308+0.*I,-0.07333663038595145+0.12702276988436748*I,0.07148405916199778+0.12381402239983964*I,-0.14030143845439996+0.*I,-0.06203319132528384+0.10744463913103257*I,-0.08189921977354638-0.141853609748032*I,-0.0672950344694629+0.*I,0.09440098906225938-0.16350730934058713*I,0.017013484075899945+0.029468218833222735*I,0.1634663678907969+0.*I,-0.07493446028308706+0.1297902924480589*I,0.02012808452347114+0.0348628650536928*I,-0.18254592053234192+0.*I,0.06833702566897305-0.1183632004967999*I,-0.01831298707671644-0.03171902405522513*I,0.17530418769506745+0.*I,-0.08659985120132023+0.14999534220859137*I,-0.023331346585759177-0.04041107769553353*I,-0.10818426346698885+0.*I,0.09885383256437644-0.1712198605244068*I,0.0919230945096904+0.15921547007973946*I,-0.08707928735493607+5.9962061079553436*^-18*I,-0.02111915373498862+0.036579447281858316*I,-0.07796976238049112-0.13504758989708315*I,0.22632639767043483+0.*I,-0.12420588045444664+0.21513089554592774*I,-0.11624428531564947-0.20134100825623755*I,0.19455749654264506-4.380901526257354*^-17*I,-0.07463064253609297+0.12926406467402418*I,-0.0532996628494461-0.0923177240815319*I,0.07161132871463703+0.*I,-0.02279668622602188+0.0394850187876755*I,-0.013834924958666714-0.023962792947313502*I,0.016079247265347162+0.*I,-0.004490017681704551+0.007776938751594908*I,-0.0024173686145185945-0.004187005260968589*I,0.002515791520183619-3.4647055431631693*^-19*I,-0.0006340433861919201+0.001098195359087421*I,-0.0003101740262302225-0.0005372371726189471*I,0.00029503377462212506+0.*I,-0.00006830964658967617+0.0001183157785403932*I,-0.00003083975104702848-0.0000534160157062288*I,0.00002718217150243987+0.*I,-5.85312728570524*^-6+0.000010137913842009192*I,-2.4657300887793654*^-6-4.270769791517179*^-6*I,2.0340094557254507*^-6-9.885871967631647*^-23*I,-4.1103994572974103*^-7+7.119420699442661*^-7*I,-1.62916107836151*^-7-2.8217897614358335*^-7*I,1.267369211882033*^-7-5.707536140555332*^-23*I,-2.4204677402030994*^-8+4.192373104113198*^-8*I,-9.084695991168744*^-9-1.5735155028021535*^-8*I,6.704810750853833*^-9-5.328100131550037*^-24*I,-1.2169469806606224*^-9+2.1078140006217433*^-9*I,-4.3478564421847205*^-10-7.530708261879573*^-10*I,3.0591680611139946*^-10+0.*I,-5.301029941932367*^-11+9.181653191870755*^-11*I,-1.8105858539851917*^-11-3.136026690567836*^-11*I,1.2194192465558216*^-11-1.408348763458105*^-27*I,-2.025050718986868*^-12+3.5074907331891394*^-12*I,-6.636101858794697*^-13-1.1494065583634684*^-12*I,4.292714041782333*^-13+0.*I,-6.853980974662799*^-14+1.1871443282226422*^-13*I,-2.1615701269192777*^-14-3.7439492839472945*^-14*I,1.3469097570110919*^-14-8.478094548970709*^-31*I,-2.0733939451529724*^-15+3.591223657110627*^-15*I,-6.309650141816677*^-16-1.0928634623610654*^-15*I,3.7968179119194754*^-16-1.0457826859078125*^-31*I,-5.648608559290667*^-17+9.783677016759878*^-17*I,-1.662501794673739*^-17-2.879537576049356*^-17*I,9.682316112816184*^-18-1.992933694269027*^-33*I,-1.3950717378404573*^-18+2.4163351301430804*^-18*I,-3.979183060975367*^-19-6.892147234226783*^-19*I,2.247283610052669*^-19+0.*I,-3.141822668482221*^-20+5.441796490182834*^-20*I,-8.700323282952991*^-21-1.5069401968349042*^-20*I,4.773053033148494*^-21+7.13922671625652*^-37*I,-6.485578782747298*^-22+1.123335196820903*^-21*I,-1.7464439320792165*^-22-3.0249296229315727*^-22*I,9.321447031429816*^-23+0.*I,-1.2328544709026144*^-23+2.1353665819417747*^-23*I,-3.2329190480767364*^-24-5.599580048026118*^-24*I,1.6811056851896073*^-24+1.3704163015121417*^-40*I,-2.1671201913459186*^-25+3.7535622775195182*^-25*I,-5.541246192043246*^-26-9.597719941866469*^-26*I,2.8107693304754154*^-26-2.7322297498086306*^-42*I,-3.535911510527037*^-27+6.1243783873004436*^-27*I
-0.00003107813382480688-6.99794386367857*^-21*I,-0.00013488608210080583+0.00023362954743250247*I,0.0007685641573072596+0.0013311921693325325*I,0.006582993926321625+0.*I,0.011115899001121555-0.019253301841746666*I,-0.030121863539878745-0.0521725980697265*I,-0.1308200323801175-9.008156830719761*^-18*I,-0.11147526874309031+0.1930808292504272*I,0.14099287767573426+0.2442068276397155*I,0.22430017114443235+0.*I,0.012192788496629997-0.021118529162104493*I,0.09366656619910943+0.16223525162737124*I,0.19103755361138527+0.*I,-0.021280965318351296+0.036859713165495626*I,0.10391076342812962+0.17997872171079046*I,0.04361822055895924+0.*I,-0.0947666928709873+0.1641407269178253*I,0.03413712311189004+0.05912723165402733*I,-0.1832686234158945+0.*I,-0.023771383323672454+0.041173243682796214*I,-0.09440098906225938-0.16350730934058713*I,0.013929667222135863+0.*I,0.08930310349667124-0.15467751252981643*I,0.052967748409444494+0.09174283140768347*I,0.11027762876961375+0.*I,-0.09041952399547894+0.15661120955636276*I,-0.01687017330792194-0.02921999730181311*I,-0.14818892761358343+0.*I,0.0867872501608275-0.15031992672774344*I,0.016188590525138085+0.0280394612924673*I,0.13501615056533284+0.*I,-0.09518018518851105+0.1648569166203159*I,-0.05207187356051154-0.09019113065210844*I,-0.05056012445603332+0.*I,0.08623706478613416-0.14936697770519328*I,0.09994096787547645+0.17310283411793417*I,-0.1321849378194035+9.102143065339126*^-18*I,0.0055105746382791-0.009544595252399889*I,-0.056199726166317715-0.09734078109152036*I,0.2015613997406127+0.*I,-0.12141082196263461+0.21028971222798246*I,-0.12057498574159338-0.2088420014263326*I,0.2109319925861265-4.7496102935027177*^-17*I,-0.08386264262593876+0.1452543578851175*I,-0.06174693442642045-0.10694882763818395*I,0.08521347766685512+0.*I,-0.027787744478167016+0.048129785263926785*I,-0.017238679015968435-0.029858267911028784*I,0.020446226222190937+0.*I,-0.005818636552622081+0.010078174139918865*I,-0.0031889200678094295-0.005523371578721921*I,0.0033750329474972747-4.648038308316847*^-19*I,-0.0008642850361953103+0.001496985594911784*I,-0.0004292946367814227-0.0007435601223222512*I,0.0004143314252875163+0.*I,-0.00009728112202739994+0.0001684958459687645*I,-0.00004451406698179145-0.00007710062566398699*I,0.00003974671026979033+0.*I,-8.666515788280728*^-6+0.00001501084566990006*I,-3.6954398819050004*^-6-6.400689631775792*^-6*I,3.084435618705*^-6-1.4991245755071933*^-22*I,-6.304619481761573*^-7+1.0919921264799618*^-6*I,-2.526686887943572*^-7-4.376350064736353*^-7*I,1.9868854619416736*^-7-8.947842881819688*^-23*I,-3.8346812277151356*^-8+6.64186271723322*^-8*I,-1.4540726074893478*^-8-2.5185276340657036*^-8*I,1.0839270905527837*^-8-8.61362428914116*^-24*I,-1.986649430888645*^-9+3.4409777511269368*^-9*I,-7.165796816761341*^-10-1.241152416334594*^-9*I,5.089100665400072*^-10+0.*I,-8.899378173412959*^-11+1.5414175152120757*^-10*I,-3.066886693244726*^-11-5.312003573756771*^-11*I,2.0836858482722868*^-11-2.4065196577288008*^-27*I,-3.4901224175059447*^-12+6.045069351755414*^-12*I,-1.1533779562985388*^-12-1.9977092206390254*^-12*I,7.522735300309146*^-13+0.*I,-1.210894123724416*^-13+2.097330144877283*^-13*I,-3.8493639234086254*^-14-6.667293892166411*^-14*I,2.417430029175774*^-14-1.5216461419326144*^-30*I,-3.750030114323382*^-15+6.4952426879214246*^-15*I,-1.149845951243387*^-15-1.9915916084309117*^-15*I,6.970783558706775*^-16-1.9200090502156793*^-31*I,-1.0446689542559881*^-16+1.80941970586122*^-16*I,-3.0968806637810153*^-17-5.3639546546463465*^-17*I,1.8164281605685033*^-17-3.738796422505117*^-33*I,-2.6355134744050296*^-18+4.564843241701888*^-18*I,-7.569148100754066*^-19-1.3110149080519516*^-18*I,4.3037938780320483*^-19+0.*I,-6.057218504815558*^-20+1.0491410202886935*^-19*I,-1.688432749084621*^-20-2.924451306577759*^-20*I,9.323124971166471*^-21+1.3944932606215868*^-36*I,-1.274946932004164*^-21+2.208272863185274*^-21*I,-3.454924234718218*^-22-5.9841043108329755*^-22*I,1.8555437455442907*^-22+0.*I,-2.4692676080714414*^-23+4.27689695466381*^-23*I,-6.5145608773886135*^-24-1.1283550428637564*^-23*I,3.407891324885399*^-24+2.778070329872223*^-40*I,-4.419177603183319*^-25+7.654240136383965*^-25*I,-1.1365847860017085*^-25-1.9686225964647584*^-25*I,5.798618811557005*^-26-5.636591609620377*^-42*I
-6.5313781432506835*^-6-0.000011312678787555072*I,-0.00012001647372005828-2.702442014517714*^-20*I,-0.00036371244883873+0.0006299684407339759*I,0.0016672926062950117+0.0028878355051868932*I,0.012151463856523805+0.*I,0.01796011383351346-0.031107829669365955*I,-0.04322375783825105-0.07486574466990432*I,-0.16750298497358734-1.1534113933494924*^-17*I,-0.12648422034334508+0.21907709599041064*I,0.13731825376778353+0.2378421923324375*I,0.16147288639521762+0.*I,-0.03074831284059042+0.053257640086925094*I,0.10932578086707884+0.18935780703892205*I,0.1289621116713371+0.*I,-0.06065209315184159+0.10505250692439*I,0.09496829078387388+0.16448990474564476*I,-0.04246689919588285+0.*I,-0.09765308369782291+0.16914010248040534*I,-0.007637529713864588-0.013228589508730453*I,-0.1902984344037779+0.*I,0.017013484075899945-0.029468218833222735*I,-0.08930310349667124-0.15467751252981643*I,0.08900139985455441+0.*I,0.06904676979024632-0.11959251337521849*I,0.07849894663449886+0.13596416391158994*I,0.04154610725154135+0.*I,-0.09120551726425298+0.15797258983228657*I,-0.049832546360757186-0.086312502167363*I,-0.09422285075825618+0.*I,0.09283787816572912-0.1607999218499322*I,0.04727918445653153+0.08188994961913333*I,0.08025886316476166+0.*I,-0.09290478080656511+0.16091580062302066*I,-0.07440047183833409-0.128865397331092*I,0.009639816704380943+0.*I,0.06676471148734105-0.11563987244875215*I,0.10006493960279429+0.1733175594483508*I,-0.1667915401810373+1.1485124446555588*^-17*I,0.030864173945124248-0.05345831740659875*I,-0.03246632583714076-0.05623332588501396*I,0.16972258105404386+0.*I,-0.11506400656585168+0.19929670549449402*I,-0.12226883324450029-0.211775831361641*I,0.22439533153232205-5.0527677826050723*^-17*I,-0.09264622488058184+0.16046796862261975*I,-0.07040163024668177-0.1219392005229305*I,0.09985900441304124+0.*I,-0.0333696552410366+0.05779793830853247*I,-0.021166239147550406-0.036661001608710664*I,0.02562267375311408+0.*I,-0.007431558275171762+0.012871836512006424*I,-0.0041460180091179325-0.007181113840887824*I,0.004462264629665672-6.145355397467591*^-19*I,-0.0011610370499913014+0.002010975160054821*I,-0.0005854995772437441-0.001014115015596263*I,0.0005733371334435369+0.*I,-0.0001364968328455518+0.000236419449560732*I,-0.00006329801704855211-0.00010963538154645325*I,0.00005725085061731638+0.*I,-0.000012639242936128446+0.0000218918109345805*I,-5.4545933639288335*^-6-9.447632840952775*^-6*I,4.606059185287708*^-6-2.238677467939671*^-22*I,-9.52182624709832*^-7+1.6492286840817189*^-6*I,-3.858167174812722*^-7-6.682541570870104*^-7*I,3.0664847091752284*^-7-1.380976603975371*^-22*I,-5.980177954422218*^-8+1.035797205536261*^-7*I,-2.2907296025614868*^-8-3.9676600580385497*^-8*I,1.7245805420714808*^-8-1.370469377067733*^-23*I,-3.191532022866928*^-9+5.527895617588608*^-9*I,-1.1620944654870561*^-9-2.012806657418174*^-9*I,8.329643468886375*^-10+0.*I,-1.4698313976641812*^-10+2.5458226593143367*^-10*I,-5.110299530441046*^-11-8.851298428619266*^-11*I,3.5022230112252616*^-11-4.04483647535067*^-27*I,-5.916173339798941*^-12+1.0247112810916216*^-11*I,-1.971467439060582*^-12-3.414681769920627*^-12*I,1.2964136762431263*^-12+0.*I,-2.1035790678620827*^-13+3.6435058232755066*^-13*I,-6.740065715928852*^-14-1.167413626634187*^-13*I,4.265713560004099*^-14-2.6850442423696373*^-30*I,-6.667723777010919*^-15+1.1548836352617969*^-14*I,-2.0598338924716975*^-15-3.567736956913347*^-15*I,1.2579706321458518*^-15-3.464911768216865*^-31*I,-1.8989457127998863*^-16+3.2890704553845027*^-16*I,-5.669616575821685*^-17-9.82006396875784*^-17*I,3.3488439616716503*^-17-6.893003585403088*^-33*I,-4.8926383492816654*^-18+8.474298204015766*^-18*I,-1.414755242079149*^-18-2.450427959555493*^-18*I,8.098393931566826*^-19+0.*I,-1.147339281013562*^-19+1.9872499282350352*^-19*I,-3.219088661078512*^-20-5.575625115056856*^-20*I,1.7889649164309657*^-20+2.6758190275972617*^-36*I,-2.4619846844662594*^-21+4.2642825609519915*^-21*I,-6.713478178026963*^-22-1.162808529984764*^-21*I,3.627939435159458*^-22+0.*I,-4.85737628784172*^-23+8.413222522022167*^-23*I,-1.2892271674463331*^-23-2.2330069565151578*^-23*I,6.784340499390338*^-24+5.530509412514966*^-40*I,-8.849296130227722*^-25+1.5327430508777069*^-24*I,-2.2891967017069356*^-25-3.965004995875507*^-25*I
2.684924901191003*^-6-4.6504263433696595*^-6*I,-0.000026030127382752095-0.000045085503154416555*I,-0.0003344214196040531-7.530253696677369*^-20*I,-0.0008167496699143817+0.0014146519253568184*I,0.0031929265200935303+0.005530310957636084*I,0.02043176928124271+0.*I,0.026941660424044132-0.04666432469471211*I,-0.05827420548090873-0.10093388466364266*I,-0.20277836904559268-1.396314705788049*^-17*I,-0.13557026263698835+0.23481458288272045*I,0.12373418609225618+0.21431389694497008*I,0.0863887581522934+0.*I,-0.06715171322955776+0.11631017912888914*I,0.10869908239348212+0.1882723334416267*I,0.050749049255839715+0.*I,-0.08802063575254182+0.15245621323791606*I,0.07048036414485849+0.12207557163485071*I,-0.11679657580933965+0.*I,-0.08324932740918477+0.14419206476864435*I,-0.04605572651106325-0.07977085829665845*I,-0.1634663678907969+0.*I,0.052967748409444494-0.09174283140768347*I,-0.06904676979024632-0.11959251337521849*I,0.1457690184154877+0.*I,0.038262397670856055-0.06627241678532776*I,0.09038021519294677+0.15654312471319234*I,-0.03081308156626382+0.*I,-0.07833347727949813+0.13567756258163305*I,-0.07434957553514378-0.12877724234804902*I,-0.029473617443651536+0.*I,0.08659275820011444-0.14998305677012475*I,0.07138564399713093+0.12364356233405499*I,0.018285425727663902+0.*I,-0.08069897276459699+0.1397747209468991*I,-0.08847751266519989-0.15324754726344497*I,0.06678295866815478+0.*I,0.042393641274400005-0.07342794060510983*I,0.09263432277062883+0.1604473535634637*I,-0.18901335849318657+1.3015300068573123*^-17*I,0.05353675307338015-0.09272837639536367*I,-0.007930465669804368-0.013735969467781913*I,0.13200280045831883+0.*I,-0.10522681272824895+0.18225818596386262*I,-0.12105835722258604-0.20967922539034167*I,0.23419730995533894-5.2734814687740545*^-17*I,-0.10064880869353368+0.17432885037848062*I,-0.07903787487189858-0.13689761500039965*I,0.1153134698139108+0.*I,-0.0395057760115186+0.06842601124438598*I,-0.02562776559412754-0.044388592093494494*I,0.031668627854399355+0.*I,-0.009361915916544606+0.016215314023643013*I,-0.005316854806737969-0.009209062661736966*I,0.00581919238199146-8.014093354264568*^-19*I,-0.0015383249665113627+0.0026644570005493725*I,-0.000787563366791548-0.0013640997654629648*I,0.0007824007344080388+0.*I,-0.00018885943729165895+0.0003271141408780216*I,-0.00008874978800336635-0.00015371914198279737*I,0.00008130315416075051+0.*I,-0.000018171939728380722+0.00003147472288163479*I,-7.936344519410726*^-6-0.000013746151933990183*I,6.779583064646713*^-6-3.2950726940999925*^-22*I,-1.4172906847475037*^-6+2.454819475076763*^-6*I,-5.805581072785988*^-7-1.005556138552555*^-6*I,4.6633906882510807*^-7-2.100135512302449*^-22*I,-9.18862129495254*^-8+1.5915158934367148*^-7*I,-3.555263830991105*^-8-6.157897589588553*^-8*I,2.702941170786146*^-8-2.1479414919807683*^-23*I,-5.0501807617818365*^-9+8.74716966681306*^-9*I,-1.8561318733971817*^-9-3.2149147102719134*^-9*I,1.3426525090470715*^-9+0.*I,-2.390503137352174*^-10+4.1404728895467677*^-10*I,-8.38439505451391*^-11-1.4522198225147313*^-10*I,5.7955630892999087*^-11-6.693492933962249*^-27*I,-9.872920979631193*^-12+1.710040075583392*^-11*I,-3.31724147206635*^-12-5.745630770593493*^-12*I,2.1991083633357495*^-12+0.*I,-3.5967736209626203*^-13+6.229794654830741*^-13*I,-1.161469930385518*^-13-2.0117249308912037*^-13*I,7.407402012753552*^-14-4.6625732941248115*^-30*I,-1.1666090247533156*^-14+2.020626103441121*^-14*I,-3.630769852167215*^-15-6.288677854542957*^-15*I,2.233588296260879*^-15-6.152120069658732*^-31*I,-3.3959437970565047*^-16+5.881947196150244*^-16*I,-1.0210992834785322*^-16-1.7685958385569928*^-16*I,6.073349013338391*^-17-1.2500915839461412*^-32*I,-8.934079090182836*^-18+1.54742789030354*^-17*I,-2.6008610864019435*^-18-4.5048235450769544*^-18*I,1.4987222595433957*^-18+0.*I,-2.137268763660551*^-19+3.7018580880899927*^-19*I,-6.035386958870329*^-20-1.045359685610203*^-19*I,3.375514849662546*^-20+5.0488787005861316*^-36*I,-4.67467947026692*^-21+8.096782351601467*^-21*I,-1.2826428528973592*^-21-2.22160258918332*^-21*I,6.973877295161878*^-22+0.*I,-9.393719206494277*^-23+1.6270398937683688*^-22*I,-2.508148413541254*^-23-4.3442404851767283*^-23*I,1.3276594732831878*^-23+1.0822913758923455*^-39*I,-1.741852079901258*^-24+3.016976301658503*^-24*I
2.1609650838181443*^-6+0.*I,0.000011023247898053513-0.000019092825423855493*I,-0.00007480412246262774-0.0001295645407208757*I,-0.0007755977955053124-1.7464336386268697*^-19*I,-0.0016183520598969847+0.0028030679922753272*I,0.005568498510612172+0.009644922342251904*I,0.03189991291665206+0.*I,0.03800119230344729-0.0658199958177661*I,-0.07444623267826417-0.12894465743084801*I,-0.23328977511301363-1.606413668447284*^-17*I,-0.13730403358927873+0.23781756226077447*I,0.10115096434189964+0.175198609474758*I,0.007038938352701233+0.*I,-0.0931656173193611+0.1613675827156523*I,0.09323165406560255+0.16148196171530912*I,-0.030722869935199196+0.*I,-0.10023165169655861+0.17360631326498674*I,0.035817098829058175+0.062037034951644504*I,-0.16815212450146563+0.*I,-0.055537628083449184+0.0961939935723981*I,-0.07493446028308706-0.1297902924480589*I,-0.11027762876961375+0.*I,0.07849894663449886-0.13596416391158994*I,-0.038262397670856055-0.06627241678532776*I,0.17656455588218056+0.*I,0.002680082839471836-0.004642039646458683*I,0.08787072391888893+0.15219655832537343*I,-0.095729003185745+0.*I,-0.05468965240029315+0.09472525660558892*I,-0.08765865748687897-0.15182924849055232*I,0.0367417810550445+0.*I,0.06968656948081468-0.12070067894594978*I,0.08610830335984883+0.14914395637281203*I,-0.0435091044749728+0.*I,-0.060445372679153446+0.10469445656272951*I,-0.093409161017369-0.16178941277446518*I,0.11591266004858829+0.*I,0.015359161857641657-0.026602848699109335*I,0.07853039191923916+0.1360186287424186*I,-0.19785657976603319+1.3624236809110627*^-17*I,0.07230707350802287-0.1252395250625132*I,0.016195279284968545+0.028051046564333285*I,0.08993136252910838+0.*I,-0.09213242374143+0.15957803894462186*I,-0.1167902928544271-0.20228672105471607*I,0.23968055739966998-5.39694917125064*^-17*I,-0.10753510098102785+0.18625625849619024*I,-0.08740342172946494-0.15138716719080272*I,0.13128160089335011+0.*I,-0.04613531011128054+0.07990870113568406*I,-0.030618359965778646-0.05303255510516148*I,0.038629611946539744+0.*I,-0.011640728563910446+0.020162333309811185*I,-0.0067301959030477655-0.011657041248970632*I,0.007490665846082459-1.0316018346786824*^-18*I,-0.002011819396274847+0.00348457341000058*I,-0.0010455938677862845-0.0018110217030883002*I,0.001053756762162302+0.*I,-0.0002578787389628697+0.0004466590780754821*I,-0.00012279220567261594-0.00021268233899841816*I,0.00011392586618167012+0.*I,-0.000025777018142041418+0.000044647105089640435*I,-0.000011391750217913432-0.00001973109016455989*I,9.843471833824973*^-6-4.784210908767624*^-22*I,-2.0807945459313814*^-6+3.604041873665368*^-6*I,-8.615919392621097*^-7-1.4923210141937705*^-6*I,6.993811275438284*^-7-3.1496291878126285*^-22*I,-1.3921877791969724*^-7+2.4113399672456403*^-7*I,-5.4405343946145414*^-8-9.423281991798352*^-8*I,4.1765953212980366*^-8-3.319007636122386*^-23*I,-7.877870602289928*^-9+1.364487213861942*^-8*I,-2.9223519728211316*^-9-5.0616620945253315*^-9*I,2.133142425795868*^-9+0.*I,-3.8317174934064965*^-10+6.636729378830517*^-10*I,-1.3556372363693936*^-10-2.348032570024049*^-10*I,9.450581653007577*^-11-1.0914798189847822*^-26*I,-1.623404872210887*^-11+2.8118197199241167*^-11*I,-5.499294800195619*^-12-9.525057999738148*^-12*I,3.675012218265797*^-12+0.*I,-6.058203467929807*^-13+1.0493116209044396*^-12*I,-1.9714978553429062*^-13-3.41473445246699*^-13*I,1.2669319740702475*^-13-7.974676111276557*^-30*I,-2.010275185602184*^-14+3.4818987586579383*^-14*I,-6.302568961593938*^-15-1.0916369659687317*^-14*I,3.905338122858883*^-15-1.075673125824675*^-30*I,-5.980017549095958*^-16+1.035769422518772*^-15*I,-1.8107061884564886*^-16-3.1362351159860233*^-16*I,1.0844251573551146*^-16-2.2320975785383646*^-32*I,-1.6060805897620147*^-17+2.7818131825179957*^-17*I,-4.706924757249207*^-18-8.152632826959432*^-18*I,2.730244838592673*^-18+0.*I,-3.9188535688777377*^-19+6.787653488718863*^-19*I,-1.1137427086420553*^-19-1.9290589579274217*^-19*I,6.268465478537556*^-20+9.37596877795151*^-36*I,-8.735288863355954*^-21+1.5129964130123094*^-20*I,-2.4115665250975922*^-21-4.176955747301355*^-21*I,1.3191699953434947*^-21+0.*I,-1.7875692996410611*^-22+3.096160849028633*^-22*I,-4.801138479151479*^-23-8.315815780064332*^-23*I,2.556295960054602*^-23+2.0838604532786066*^-39*I
4.2602882263350195*^-7+7.379035662899751*^-7*I,9.125015235450005*^-6+0.*I,0.000032612733947827554-0.00005648691217136358*I,-0.00017882005973611384-0.0003097254288754511*I,-0.0015864552456116762-3.5722623544941554*^-19*I,-0.0029193799512530184+0.005056514402168178*I,0.009016983470014447+0.015617873501073739*I,0.04684720462292863+0.*I,0.05085049508994575-0.08807564108581777*I,-0.09066023109517168-0.15702812648277317*I,-0.25582198620692387-1.7615685691027557*^-17*I,-0.13096050794911793+0.22683025355290007*I,0.0714671527544982+0.12378473964307693*I,-0.06839361642083824+0.*I,-0.10647953552957642+0.18442796550356172*I,0.06615999229269462+0.11459246807931245*I,-0.10361996651036572+0.*I,-0.09677563901111806+0.1676203237022012*I,-0.0027589515996717614-0.00477864434625492*I,-0.1903880374606825+0.*I,-0.02012808452347114+0.0348628650536928*I,-0.09041952399547894-0.15661120955636276*I,-0.04154610725154135+0.*I,0.09038021519294677-0.15654312471319234*I,-0.002680082839471836-0.004642039646458683*I,0.17867804220402886+0.*I,-0.031913824795366794+0.05527636600942672*I,0.07244520316605282+0.12547877264825316*I,-0.1444377630869404+0.*I,-0.024339191275144136+0.042156715903686776*I,-0.08878169855280356-0.15377441267572*I,0.09586804234577799+0.*I,0.04488928315242601-0.07775051913534747*I,0.09035319826317083+0.1564963300181559*I,-0.09840651086443544+0.*I,-0.034689167878730436+0.06008340123824742*I,-0.08923910428538359-0.15456666264422184*I,0.15312591734333209+0.*I,-0.012028091399448538+0.020833265421927108*I,0.05907750178525222+0.10232523467629788*I,-0.19325034726500465+1.3307055533329734*^-17*I,0.08621251795571722-0.14932446134774632*I,0.038721222695263895+0.06706712503938618*I,0.04528917523110488+0.*I,-0.07617764816593282+0.13194355702450175*I,-0.10943820224362115-0.18955252657495003*I,0.24031742908870796-5.411289775977351*^-17*I,-0.11298197311331354+0.1956905177716401*I,-0.09522789684521242-0.1649395556338357*I,0.14741240057085236+0.*I,-0.05317251618927637+0.09209749960610535*I,-0.03611603457476874-0.0625548068514137*I,0.04653265739995814+0.*I,-0.014295474290526498+0.024760487789486547*I,-0.008414561596884107-0.01457444820922118*I,0.009523952438834839-1.3116226262359393*^-18*I,-0.002598743167769254+0.00450115520239884*I,-0.0013710666265001666-0.00237475705766035*I,0.0014016739068008657+0.*I,-0.00034774448779984054+0.0006023111209213393*I,-0.00016776866951615914-0.0002905838595202196*I,0.000157630395115098+0.*I,-0.00003610197904630496+0.00006253046196198719*I,-0.000016143227169061117-0.000027960889654940147*I,0.000014108661321939802-6.857215883179257*^-22*I,-3.0154590292954757*^-6+5.222928246882097*^-6*I,-1.262039973238896*^-6-2.185917354832632*^-6*I,1.035149724732001*^-6-4.661746876445134*^-22*I,-2.0815373755765528*^-7+3.605328492352173*^-7*I,-8.215089319444995*^-8-1.4228952089995138*^-7*I,6.36753976697276*^-8-5.060081593762686*^-23*I,-1.2123754858105886*^-8+2.099895939274945*^-8*I,-4.53885209709783*^-9-7.86152244021397*^-9*I,3.342949994488317*^-9+0.*I,-6.057815109553575*^-10+1.0492443552605214*^-9*I,-2.1617167334109583*^-10-3.744203213839605*^-10*I,1.5197451428969212*^-10-1.755205356004984*^-26*I,-2.6322295646535132*^-11+4.559155343164792*^-11*I,-8.989171920567899*^-12-1.5569702484395106*^-11*I,6.055100795347036*^-12+0.*I,-1.0059892149007598*^-12+1.7424244320744419*^-12*I,-3.298923692430836*^-13-5.713903445582931*^-13*I,2.1359831182852978*^-13-1.344489988105336*^-29*I,-3.4143885920242276*^-14+5.913894518169526*^-14*I,-1.0782872162605874*^-14-1.867648243715347*^-14*I,6.7295095306240655*^-15-1.853553347840273*^-30*I,-1.0377327941851707*^-15+1.7974059242091335*^-15*I,-3.1640369066812283*^-16-5.480272679394951*^-16*I,1.9079080423917752*^-16-3.927091595590847*^-32*I,-2.8447551243199356*^-17+4.9272604104140445*^-17*I,-8.392500912538791*^-18-1.4536237983085354*^-17*I,4.899938318318074*^-18+0.*I,-7.0785214535416835*^-19+1.2260358800000497*^-18*I,-2.0245279261157378*^-19-3.5065852293745093*^-19*I,1.1466149457074785*^-19+1.7150331238314523*^-35*I,-1.6077344287732208*^-20+2.784677715712944*^-20*I,-4.465614932323865*^-21-7.734671949823188*^-21*I,2.457497626348303*^-21+0.*I,-3.3499001747841015*^-22+5.802197303009926*^-22*I,-9.05017763211624*^-23-1.5675367476348728*^-22*I
-1.647189404906911*^-7+2.8530157389879135*^-7*I,1.847590038183632*^-6+3.2001198176921727*^-6*I,0.000027749469638430936+0.*I,0.00008021662875237091-0.00013893927661099667*I,-0.00037683095557551556-0.000652690360921524*I,-0.0029531932162912412-6.649781631903018*^-19*I,-0.004888733401715296+0.008467534636429918*I,0.013735138206276856+0.023789957222251967*I,0.06530762308281556+0.*I,0.06497049995361108-0.11253220691280579*I,-0.1056803416316193-0.18304372106720104*I,-0.26766640578256273-1.8431282409396954*^-17*I,-0.11660206376196067+0.2019606987031017*I,0.037313122124412665+0.0646282233085051*I,-0.13252526731349348+0.*I,-0.10645698149490046+0.18438890076958728*I,0.03186845860940294+0.05519778947039171*I,-0.15862216914463417+0.*I,-0.07945548333987053+0.13762093408459825*I,-0.03916411784565642-0.06783424194229187*I,-0.18254592053234192+0.*I,0.01687017330792194-0.02921999730181311*I,-0.09120551726425298-0.15797258983228657*I,0.03081308156626382+0.*I,0.08787072391888893-0.15219655832537343*I,0.031913824795366794+0.05527636600942672*I,0.15399984613831033+0.*I,-0.060531831716986055+0.10484420800902906*I,0.04725737490492942+0.0818521743676682*I,-0.17136419290391208+0.*I,0.0081818948086847-0.014171457510825937*I,-0.0784101455115833-0.13581035585493104*I,0.14106785092583848+0.*I,0.015638348648620314-0.02708641440588648*I,0.0842989858846889+0.1460101265788128*I,-0.14099934483184384+0.*I,-0.006315402616371137+0.010938598201808232*I,-0.07685366459176947-0.1331144518208019*I,0.17581917235362665+0.*I,-0.037572951577104705+0.06507826112187053*I,0.035917656715697556+0.06221120632040565*I,-0.1760092043765436+1.2119845010182742*^-17*I,0.09460310112881529-0.1638573777086847*I,0.05855150596368336+0.10141418318877171*I,9.761453935555316*^-6+0.*I,-0.05790535598449514+0.10029501859550813*I,-0.0991084894257683-0.17166093914683345*I,0.23574160822647205-5.3082548328089924*^-17*I,-0.11669354661925979+0.20211915165996555*I,-0.10223247025852199-0.17707183267103407*I,0.16330718603986308+0.*I,-0.06050690050037943+0.10480102587517191*I,-0.04208013865110022-0.07288493813324848*I,0.05538251494431518+0.*I,-0.017348581717319535+0.030048624973657963*I,-0.010397281807690034-0.018008620351530717*I,0.01196779507191235-1.6481845014752728*^-18*I,-0.00331770790354014+0.005746438653604347*I,-0.0017768219786767512-0.0030775459430731978*I,0.001842574351519252+0.*I,-0.0004633960525044784+0.0008026255069646114*I,-0.00022650100025491002-0.0003923112404066754*I,0.00021549921213002515+0.*I,-0.00004995560593544089+0.000086525647603073*I,-0.000022600106128508177-0.000039144532071024924*I,0.000019975970039037188-9.70889696108783*^-22*I,-4.3164425802784915*^-6+7.476297856996056*^-6*I,-1.8258130931467405*^-6-3.1624010424546383*^-6*I,1.5130994470906096*^-6-6.814170407137672*^-22*I,-3.073328868201684*^-7+5.323161748093477*^-7*I,-1.224855998094394*^-7-2.1215128206549748*^-7*I,9.584883559225324*^-8-7.616802509496151*^-23*I,-1.8420254807962233*^-8+3.1904817215755555*^-8*I,-6.959121919646821*^-9-1.2053552740894522*^-8*I,5.1713034547690035*^-9+0.*I,-9.452885510628503*^-10+1.6372877982540235*^-9*I,-3.4020932636033786*^-10-5.892598384648868*^-10*I,2.411803802337634*^-10-2.7854742430213664*^-26*I,-4.211599779789658*^-11+7.294704799741583*^-11*I,-1.4498624321983859*^-11-2.5112353965529907*^-11*I,9.843442063950196*^-12+0.*I,-1.6480675188614501*^-12+2.854536676972011*^-12*I,-5.445655982873468*^-13-9.432152842878277*^-13*I,3.5523410054460477*^-13-2.2360134194283109*^-29*I,-5.720231544158903*^-14+9.907731665541397*^-14*I,-1.8195584420520892*^-14-3.1515676689750886*^-14*I,1.1436546922108481*^-14-3.1500438090977354*^-30*I,-1.7759385304080283*^-15+3.0760157657859127*^-15*I,-5.452146387649064*^-16-9.443394553711296*^-16*I,3.3099492589578423*^-16-6.81294571220029*^-32*I,-4.9682407085894424*^-17+8.605245331508913*^-17*I,-1.4753680291438*^-17-2.5554123863398216*^-17*I,8.669810310449578*^-18+0.*I,-1.2604674844631547*^-18+2.1831937243787184*^-18*I,-3.6278082887189884*^-19-6.283548276180794*^-19*I,2.0674363875538365*^-19+3.0923388006960837*^-35*I,-2.9166648990614136*^-20+5.0518117938271175*^-20*I,-8.15034322250109*^-21-1.411680856049654*^-20*I,4.5120707002288115*^-21+0.*I,-6.186849469502252*^-22+1.0715937619958458*^-21*I
-1.2499219243780284*^-7+0.*I,-7.326952423266931*^-7+1.2690653861738233*^-6*I,5.7670704460745245*^-6+9.988859023429986*^-6*I,0.00007011988629031501+0.*I,0.00017384901755494646-0.0003011153312511006*I,-0.0007223984871223857-0.0012512308830068646*I,-0.005101822240007966-1.1487905238873994*^-18*I,-0.007700476915747691+0.013337617260586281*I,0.01986566134825892+0.03440833478114169*I,0.08700635402336977+0.*I,0.07963601878203272-0.13793363064299008*I,-0.11823187217533868-0.20478360968167564*I,-0.26692436606484093-1.8380186181776107*^-17*I,-0.09506584100215917+0.16465886668000426*I,0.0017277795652855328+0.002992601991353811*I,-0.17956029614212346+0.*I,-0.09404185050482583+0.16288526311215515*I,-0.004804090088727757-0.008320928117814555*I,-0.1898069487143908+0.*I,-0.05179358277768748+0.0897091168769791*I,-0.06833702566897305-0.1183632004967999*I,-0.14818892761358343+0.*I,0.049832546360757186-0.086312502167363*I,-0.07833347727949813-0.13567756258163305*I,0.095729003185745+0.*I,0.07244520316605282-0.12547877264825316*I,0.060531831716986055+0.10484420800902906*I,0.10806702058683791+0.*I,-0.07957254460443948+0.13782369014242993*I,0.016467695806251872+0.028522885820017167*I,-0.17442512599262747+0.*I,0.03851667016625606-0.0667128296663279*I,-0.05860084208940398-0.10149963586516841*I,0.16782308465050935+0.*I,-0.01443507855949699+0.025002289476296947*I,0.06923030131496977+0.11991039930083007*I,-0.16760427956688823+0.*I,0.021766099247875755-0.03769998977990755*I,-0.05782091191940309-0.100148757184371*I,0.18279720205929997+0.*I,-0.059359876525331666+0.10281432207288957*I,0.010870805427551042+0.018828787319713918*I,-0.14773522601939598+1.0172922764134805*^-17*I,0.09717213040272506-0.1683070669372282*I,0.07474691714519463+0.12946545820461833*I,-0.043927198606165195+0.*I,-0.037978743836077376+0.06578111393172935*I,-0.08603947960919048-0.14902475013990424*I,0.22577262964485573-5.083780760827618*^-17*I,-0.11841571156530371+0.20510202884552772*I,-0.10814053983415783-0.18730490935068722*I,0.17853035193435746+0.*I,-0.06800445839195675+0.1177871770760728*I,-0.04845035259055458-0.08391847233146692*I,0.06515823548879443+0.*I,-0.020815891744137116+0.03605418210569902*I,-0.012703443612379437-0.0220030097677275*I,0.014871256643320169-2.0480443197516184*^-18*I,-0.004188474294628216+0.007254650284492288*I,-0.0022770182944342934-0.003943911375724026*I,0.0023951130094603964+0.*I,-0.0006105859864235732+0.0010575659508751892*I,-0.000302347756111562-0.000523681675139669*I,0.0002912731206852275+0.*I,-0.0000683369691031273+0.00011836310252188104*I,-0.00003127637656970675-0.000054172273295388885*I,0.000027956460920456145-1.3587645453160166*^-21*I,-6.106837932808838*^-6+0.000010577353573213812*I,-2.6104934278289897*^-6-4.521507249824443*^-6*I,2.185646024494097*^-6-9.842951492198854*^-22*I,-4.483806378967694*^-7+7.766180459673486*^-7*I,-1.8044124774385858*^-7-3.125334088734855*^-7*I,1.4254281677542778*^-7-1.132742487498178*^-22*I,-2.7647955799433225*^-8+4.7887664170037064*^-8*I,-1.0539930052965342*^-8-1.8255694359958056*^-8*I,7.901534280239711*^-9+0.*I,-1.4568703533943289*^-9+2.5233734721198026*^-9*I,-5.287728260261258*^-10-9.158614003390285*^-10*I,3.7796931780628223*^-10-4.365296208511281*^-26*I,-6.653990794746879*^-11+1.1525050129597209*^-10*I,-2.3089505361689162*^-11-3.999219640807963*^-11*I,1.5798753520429084*^-11+0.*I,-2.665489314253573*^-12+4.616762919319115*^-12*I,-8.87399136375577*^-13-1.5370203907952425*^-12*I,5.831677395114849*^-13-3.670736816443728*^-29*I,-9.459059588052897*^-14+1.6383571798329159*^-13*I,-3.030424501208522*^-14-5.248849204594731*^-14*I,1.9181610534474105*^-14-5.2833179388997145*^-30*I,-2.9993160225562564*^-15+5.19496773902284*^-15*I,-9.270841468752771*^-16-1.6057568452796268*^-15*I,5.666112368914453*^-16-1.1662691161856396*^-31*I,-8.561208605393798*^-17+1.4828448278737946*^-16*I,-2.5589352067158776*^-17-4.432205791308667*^-17*I,1.5134017752729802*^-17+0.*I,-2.214229196791288*^-18+3.835157468444936*^-18*I,-6.412735659575793*^-19-1.1107183977893995*^-18*I,3.6770727783317267*^-19+5.499929716760125*^-35*I,-5.2190536391657255*^-20+9.03966607046228*^-20*I,-1.4671733698228126*^-20-2.541218820045154*^-20*I,8.170486466028308*^-21+0.*I
-2.328440296985081*^-8-4.032976896768927*^-8*I,-5.695872862250874*^-7+0.*I,-2.344479922261105*^-6+4.060758342681366*^-6*I,0.000014950130311887707+0.00002589438527996506*I,0.0001560459757799722+0.*I,0.00034261130913318177-0.0005934201946663571*I,-0.0012848079616561545-0.002225352667557468*I,-0.008288901759876148-1.8664334716539317*^-18*I,-0.011517501369752051+0.019948897548654684*I,0.027470911766369066+0.04758101490959292*I,0.11133681707469938+0.*I,0.09396460462063053-0.16275146931605336*I,-0.127125430946794-0.22018770533393608*I,-0.25271636537224623-1.7401835265931814*^-17*I,-0.06786542608948791+0.11754636606430348*I,-0.032185118475602445-0.055746260447367205*I,-0.20580986931350165+0.*I,-0.07148694185407413+0.12381901536897841*I,-0.03921038160489125-0.06791437312383576*I,-0.1949481781155943+0.*I,-0.01831298707671644+0.03171902405522513*I,-0.0867872501608275-0.15031992672774344*I,-0.09422285075825618+0.*I,0.07434957553514378-0.12877724234804902*I,-0.05468965240029315-0.09472525660558892*I,0.1444377630869404+0.*I,0.04725737490492942-0.0818521743676682*I,0.07957254460443948+0.13782369014242993*I,0.04877374289421202+0.*I,-0.0871164482349405+0.150890114517861*I,-0.015447424332753566-0.026755723790404938*I,-0.15483101286250328+0.*I,0.06300918606556709-0.1091351116091231*I,-0.032355028212605504-0.056040552744557166*I,0.17417577043035148+0.*I,-0.04193229926448738+0.07262887280427521*I,0.047277308207777244+0.08188669986096328*I,-0.17644787607936538+0.*I,0.04689929043039054-0.08123195386436527*I,-0.0341871586566921-0.059213895759808864*I,0.1742525857353729+0.*I,-0.07588018221657358+0.13142833088668984*I,-0.014207168072084487-0.024607536932520706*I,-0.11067174861711886+7.620763044731667*^-18*I,0.0939629750825948-0.1627486468733826*I,0.08657595271219973+0.1499539488112105*I,-0.08460300630407148+0.*I,-0.01714909539503934+0.029703104528053612*I,-0.0705936482049933-0.1222717853826918*I,0.21043195143197574-4.7383507373594755*^-17*I,-0.11794932761079632+0.204294228140486*I,-0.11268895099790842-0.1951829885800167*I,0.19262251117887935+0.*I,-0.07550998439531019+0.13078712945141036*I,-0.055146342355493524-0.09551626681130235*I,0.07581029883014329+0.*I,-0.024705147191029408+0.04279057014333047*I,-0.015354757978320978-0.026595220956375513*I,0.018282363287176046-2.5178161590503523*^-18*I,-0.005231632541364736+0.00906145336817441*I,-0.002887035399195559-0.005000491994656605*I,0.0030802065098770146+0.*I,-0.0007959341950340029+0.0013785984652803288*I,-0.0003992612793080083-0.0006915408212564189*I,0.00038944244884511536+0.*I,-0.00009246705615718774+0.00016015763929057378*I,-0.00004281066671555306-0.00007415024985723572*I,0.00003869497101518147-1.880687074342371*^-21*I,-8.544218318884026*^-6+0.000014799020239267886*I,-3.690806819285638*^-6-6.3926649319244015*^-6*I,3.1217001148763707*^-6-1.4058425957163813*^-21*I,-6.467703562175618*^-7+1.1202391177982394*^-6*I,-2.6279585812853885*^-7-4.5517577829729095*^-7*I,2.095570847854096*^-7-1.6652835889069587*^-22*I,-4.1020012209296173*^-8+7.104874527359681*^-8*I,-1.5778057740503366*^-8-2.7328397651307164*^-8*I,1.1932265172639776*^-8+0.*I,-2.218939307083139*^-9+3.843315618779675*^-9*I,-8.121354111681135*^-10-1.406659794769013*^-9*I,5.852971257802455*^-10-6.759795580366522*^-26*I,-1.038704297475244*^-10+1.7990886172672595*^-10*I,-3.6328457092707094*^-11-6.292273344515463*^-11*I,2.505033394504767*^-11+0.*I,-4.258578313106592*^-12+7.37607400631158*^-12*I,-1.4283839041397708*^-12-2.474033494683675*^-12*I,9.455867839177384*^-13-5.951975710757067*^-29*I,-1.5448410445560328*^-13+2.675743178788825*^-13*I,-4.984428204910161*^-14-8.633282897583732*^-14*I,3.177042831456967*^-14-8.750739336471223*^-30*I,-5.001937939820134*^-15+8.663610648074876*^-15*I,-1.5565640156276746*^-15-2.696047960300567*^-15*I,9.576793074067753*^-16-1.9712136412369804*^-31*I,-1.4565116455587715*^-16+2.522752171923544*^-16*I,-4.3816780168511367*^-17-7.589288947593809*^-17*I,2.6079388357414886*^-17+0.*I,-3.839624277483843*^-18+6.650424330576957*^-18*I,-1.1189088796928195*^-18-1.938007028667937*^-18*I,6.455088999160573*^-19+9.655108275262904*^-35*I,-9.217325062166672*^-20+1.596487531755063*^-19*I,-2.6065933030610156*^-20-4.5147520355704596*^-20*I
8.524272802532418*^-9-1.4764473591563692*^-8*I,-1.085849583313326*^-7-1.8807466476761754*^-7*I,-1.8661795209507052*^-6+0.*I,-6.227212137051539*^-6+0.000010785847810882834*I,0.00003411606187891719+0.0000590907525284483*I,0.000315650235592046+0.*I,0.0006261998544773018-0.001084609963646923*I,-0.0021484881653957397-0.0037212906619258695*I,-0.012786513443717808-2.8791723401321244*^-18*I,-0.01647316615551335+0.028532360742873186*I,0.036511327457069746+0.06323947420742937*I,0.13737001113568556+0.*I,0.10698419528232546-0.1853020618358583*I,-0.13137373861991897-0.22754599006997325*I,-0.22527964409747717-1.5512565834735523*^-17*I,-0.037025703365202875+0.06413039941450534*I,-0.06157935220153441-0.106658566710236*I,-0.2099184111472978+0.*I,-0.04196549903445377+0.07268637649265655*I,-0.06742259802350622-0.11677936535500577*I,-0.17530418769506745+0.*I,0.016188590525138085-0.0280394612924673*I,-0.09283787816572912-0.1607999218499322*I,-0.029473617443651536+0.*I,0.08765865748687897-0.15182924849055232*I,-0.024339191275144136-0.042156715903686776*I,0.17136419290391208+0.*I,0.016467695806251872-0.028522885820017167*I,0.0871164482349405+0.150890114517861*I,-0.015011819596169002+0.*I,-0.08295052172758531+0.14367451814652385*I,-0.04431254158700984-0.07675157344120985*I,-0.11650793418220777+0.*I,0.07905929622979757-0.13693471788064798*I,-0.0031510718394886224-0.005457816524293816*I,0.16064518761210103+0.*I,-0.06402771876342932+0.11089926199099072*I,0.02110341494735969+0.03655218690203547*I,-0.16764133524657063+0.*I,0.0669032629190819-0.11587985056798877*I,-0.008254396318898443-0.01429703381014161*I,0.1516330973861452+0.*I,-0.08611634513298311+0.14915788513246356*I,-0.037557980252383175-0.06505233002679621*I,-0.06752292016788605+4.649571196963967*^-18*I,0.08535309606379785-0.14783589896580504*I,0.09355151607878011+0.1620359789735439*I,-0.12026131635979967+0.*I,0.003780976394140098-0.006548843216869218*I,-0.05324347574364056-0.0922204051595465*I,0.18994968189405156-4.2771461707174574*^-17*I,-0.11516142502021194+0.199465439207041*I,-0.11563924040712269-0.20029303973380816*I,0.20511553943702232+0.*I,-0.08285042110446206+0.14350113878140508*I,-0.062068141924197906-0.10750517534410668*I,0.08725845825742384+0.*I,-0.02901457207557508+0.05025471299476522*I,-0.018368378139611754-0.03181496419044505*I,0.02224656770631255-3.063759688751562*^-18*I,-0.006468202013687364+0.01120325452132584*I,-0.003623323188614442-0.006275779854922683*I,0.003921001981922457+0.*I,-0.0010269691761931668+0.0017787627909737187*I,-0.0005218414563604224-0.0009038559159119889*I,0.0005153403017952959+0.*I,-0.00012382272191668048+0.00021446724549116294*I,-0.00005798844424451299-0.00010043893168337154*I,0.00005299698211897286-2.5758060191129615*^-21*I,-0.00001182828704208705+0.00002048719412340338*I,-5.162762838293471*^-6-8.942167543352786*^-6*I,4.4109568855095386*^-6-1.986453166326439*^-21*I,-9.228933970920133*^-7+1.598498253733208*^-6*I,-3.7858832779451423*^-7-6.55734218892638*^-7*I,3.0471460440262134*^-7-2.421470171393087*^-22*I,-6.019085665954876*^-8+1.0425362188543422*^-7*I,-2.3358215177259917*^-8-4.045761546114055*^-8*I,1.7818588565671098*^-8+0.*I,-3.341780145414398*^-9+5.788132999582649*^-9*I,-1.233289675584235*^-9-2.136120378562033*^-9*I,8.960729973180516*^-10-1.034905182368963*^-25*I,-1.6029467261025997*^-10+2.7763851714358953*^-10*I,-5.650247117379218*^-11-9.786515082620394*^-11*I,3.92612020948639*^-11+0.*I,-6.724862350088348*^-12+1.1647803264260062*^-11*I,-2.2723443167193563*^-12-3.9358158088483095*^-12*I,1.515253170508229*^-12-9.537728551097436*^-29*I,-2.4932664116656873*^-13+4.3184641018099105*^-13*I,-8.10121005010602*^-14-1.4031707409571234*^-13*I,5.1994552072918966*^-14-1.4321203592273833*^-29*I,-8.241869034237822*^-15+1.427533591662855*^-14*I,-2.58202943146177*^-15-4.472206161929966*^-15*I,1.599104638033318*^-15-3.2914743504191737*^-31*I,-2.4478829020039556*^-16+4.2398575572499974*^-16*I,-7.411324090908959*^-17-1.2836789876813536*^-16*I,4.4390654407014346*^-17+0.*I,-6.576322495889847*^-18+1.1390524689839382*^-17*I,-1.9281995172833436*^-18-3.3397395310645363*^-18*I,1.1191445050863543*^-18+1.6739445999395857*^-34*I,-1.6076089863823304*^-19+2.784460443118499*^-19*I
6.136460464069329*^-9+8.451029592353053*^-25*I,4.064042639142758*^-8-7.039128335121564*^-8*I,-3.6389322494432205*^-7-6.302815541336562*^-7*I,-5.072988337842305*^-6+0.*I,-0.000014553605610294326+0.00002520758435034923*I,0.0000707354612609749+0.00012251741280082861*I,0.0005919523392330174+0.*I,0.0010758109742239055-0.0018633592666959739*I,-0.0034106659519857023-0.005907446716484515*I,-0.018862178145238863-4.247245492640404*^-18*I,-0.022652689022611413+0.03923560831522072*I,0.04683121564115909+0.08111404487070184*I,0.1638962933170924+0.*I,0.1177123361456255-0.20388374688184982*I,-0.1302889722981425-0.22566711968631684*I,-0.1859508575699281-1.2804418844122906*^-17*I,-0.004874853420222166+0.008443493803275706*I,-0.08413431160594201-0.14572490236132343*I,-0.1928122597915641+0.*I,-0.009128967786025595+0.01581183602605589*I,-0.08659985120132023-0.14999534220859137*I,-0.13501615056533284+0.*I,0.04727918445653153-0.08188994961913333*I,-0.08659275820011444-0.14998305677012475*I,0.0367417810550445+0.*I,0.08878169855280356-0.15377441267572*I,0.0081818948086847+0.014171457510825937*I,0.17442512599262747+0.*I,-0.015447424332753566+0.026755723790404938*I,0.08295052172758531+0.14367451814652385*I,-0.07472630889595186+0.*I,-0.06837182331649876+0.11842347179029827*I,-0.06673375285180493-0.1155862505190706*I,-0.06528128154057994+0.*I,0.08529924603396319-0.14774262797814228*I,0.025507800615499995+0.044180806655382675*I,0.12988565956570536+0.*I,-0.07870230167536425+0.13631638517434408*I,-0.006419335412960561-0.011118615086073832*I,-0.14297815515076967+0.*I,0.08022432449234781-0.1389526060236387*I,0.017639677134164953+0.030552817025484652*I,0.11742119554163849+0.*I,-0.08958148983849641+0.15515969181799089*I,-0.057637086607704474-0.09983036240479186*I,-0.02125429370267084+1.4635526953816699*^-18*I,0.07201792218853457-0.12473870028608389*I,0.09545175683439247+0.16532729250887762*I,-0.14939801726951787+0.*I,0.02399663920017372-0.04156339830559987*I,-0.03455174859854117-0.05984538406302002*I,0.16476158395605955-3.709979247514978*^-17*I,-0.10999382589915727+0.190514894976226*I,-0.11678838299109218-0.2022834130743843*I,0.21554894487213994+0.*I,-0.08983916814259191+0.15560600373269248*I,-0.06909730338280613-0.11968004012502109*I,0.09939045043279233+0.*I,-0.03373160377847651+0.05842485156510364*I,-0.021755707172783863-0.03768199017785231*I,0.02680506322044243-3.69154798319408*^-18*I,-0.007919152077044633+0.01371637375030591*I,-0.004503191745921699-0.0077997569001611805*I,0.0049427762853119905+0.*I,-0.001312152662958432+0.0022727150795308045*I,-0.0006753839261604238-0.0011697992747252012*I,0.000675235591163885+0.*I,-0.00016417251593650275+0.00028435513880843396*I,-0.00007776635231255672-0.0001346952733246497*I,0.00007185894593161262-3.492551803086481*^-21*I,-0.00001620971994062563+0.00002807605851362598*I,-7.148540294751052*^-6-0.000012381634990462207*I,6.1690517712434775*^-6-2.7782027216080418*^-21*I,-1.3033655802841003*^-6+2.2574954058885568*^-6*I,-5.397570931112985*^-7-9.348867090144527*^-7*I,4.384658500844911*^-7-3.484348835972545*^-22*I,-8.739490160464662*^-8+1.5137240990173112*^-7*I,-3.4214960570664195*^-8-5.9262050087356064*^-8*I,2.6325927326247025*^-8+0.*I,-4.978979180391841*^-9+8.623844910266316*^-9*I,-1.8526871666062415*^-9-3.2089483030928346*^-9*I,1.3570051216282858*^-9-1.5672513702316944*^-25*I,-2.446743847111799*^-10+4.2378846563041733*^-10*I,-8.69164084459266*^-11-1.5054363543975353*^-10*I,6.08554573743208*^-11+0.*I,-1.0501721544854007*^-11+1.818951528262786*^-11*I,-3.5746587917114137*^-12-6.191490646966941*^-12*I,2.4008977022914768*^-12-1.5112399042682148*^-28*I,-3.9786163065655235*^-13+6.891165586793521*^-13*I,-1.3017788714581498*^-13-2.2547471455851894*^-13*I,8.412404249827873*^-14-2.31708417822958*^-29*I,-1.3425047527930354*^-14+2.3252864412402345*^-14*I,-4.233833116731449*^-15-7.33321406894656*^-15*I,2.6392958562603576*^-15-5.432524180989573*^-31*I,-4.0662888710208487*^-16+7.043018922859998*^-16*I,-1.2389648364953888*^-16-2.1459500456012804*^-16*I,7.467424824875668*^-17+0.*I,-1.1131158925244135*^-17+1.9279732805646618*^-17*I,-3.2836001570248416*^-18-5.687362303708172*^-18*I,1.9172982673141297*^-18+2.8677718261203163*^-34*I
1.086421446227589*^-9+1.8817371432986435*^-9*I,2.9882660858908966*^-8+4.115389526186587*^-24*I,1.3917265852291007*^-7-2.4105411558611403*^-7*I,-1.0113423530398294*^-6-1.7516963393112453*^-6*I,-0.00001212876586773774+0.*I,-0.00003089139917712801+0.00005350547289167713*I,0.00013592086518389513+0.00023542184430722608*I,0.0010431524700831069+0.*I,0.001754186116922579-0.0030383394804418627*I,-0.005177150200266937-0.008967087185277731*I,-0.026755057578099144-6.024505591502942*^-18*I,-0.030076170791255758+0.05209345590757399*I,0.058153825384915016+0.10072538022116154*I,0.1894962199453184+0.*I,0.1252388954375984-0.21692012998172652*I,-0.12355151741385986-0.2139975055130362*I,-0.1370432873931861-9.436684909602925*^-18*I,0.02618091048064184-0.04534666714088418*I,-0.09824659854449935-0.1701681003498954*I,-0.15741402804449417+0.*I,0.023331346585759177-0.04041107769553353*I,-0.09518018518851105-0.1648569166203159*I,-0.08025886316476166+0.*I,0.07138564399713093-0.12364356233405499*I,-0.06968656948081468-0.12070067894594978*I,0.09586804234577799+0.*I,0.0784101455115833-0.13581035585493104*I,0.03851667016625606+0.0667128296663279*I,0.15483101286250328+0.*I,-0.04431254158700984+0.07675157344120985*I,0.06837182331649876+0.11842347179029827*I,-0.12314550142797347+0.*I,-0.045836265684243184+0.07939074099433503*I,-0.0804104476690525-0.13927498082215733*I,-0.007960355325258576+0.*I,0.08160351786014829-0.14134143901013113*I,0.05048345050759182+0.08743990122053787*I,0.08616464016905095+0.*I,-0.0848631482340255+0.14698728443158124*I,-0.03251352618067232-0.05631507927814531*I,-0.10559943702545527+0.*I,0.08601479988505874-0.1489820036037914*I,0.041320828802494554+0.07156977489677598*I,0.07485355752840836+0.*I,-0.0863158503609685+0.14950343832370988*I,-0.073205771076067-0.12679611491100423*I,0.02511051047645129-1.7290885222688833*^-18*I,0.05487826810863317-0.09505194859553945*I,0.0923246608047313+0.15991100330535754*I,-0.17083492036026995+0.*I,0.04271009861787552-0.07397606080243767*I,-0.015147405323555576-0.02623607562323753*I,0.1354964965002285-3.0510096956879*^-17*I,-0.10246873743821419+0.1774810594304223*I,-0.11597853987244555-0.20088072364672832*I,0.22348690857238732+0.*I,-0.09628122640745682+0.1667639759527575*I,-0.07609882319018317-0.13180702816159798*I,0.11206169379291347+0.*I,-0.038831840249467196+0.0672587202634753*I,-0.025521236248737957-0.04420407785478268*I,0.031992988040023186-4.4060202173084285*^-18*I,-0.009604849134604373+0.01663608670016874*I,-0.005544540845927437-0.009603426449787242*I,0.006172757358448932+0.*I,-0.0016608839696324385+0.002876735420880067*I,-0.0008659202618299774-0.0014998178887928662*I,0.0008764231459414908+0.*I,-0.0002156138021007181+0.00037345406005154485*I,-0.00010329851436077642-0.00017891827521924808*I,0.00009650210246519573-4.69028020933137*^-21*I,-0.000022000277473120977+0.000038105598364058594*I,-9.802194772919271*^-6-0.000016977899372382232*I,8.543697886836173*^-6-3.847613150605918*^-21*I,-1.8226089485854541*^-6+3.1568513012797014*^-6*I,-7.619254479090965*^-7-1.3196935873582265*^-6*I,6.246426286836943*^-7-4.963836558157177*^-22*I,-1.2562191407138586*^-7+2.175835377156925*^-7*I,-4.9611995144514504*^-8-8.593049625515936*^-8*I,3.849985061569285*^-8+0.*I,-7.342411582331057*^-9+1.2717429910679584*^-8*I,-2.7545227839042942*^-9-4.770973412328304*^-9*I,2.0337543942283317*^-9-2.3488521231552024*^-25*I,-3.695803354050475*^-10+6.40131918399889*^-10*I,-1.322998771254767*^-10-2.291501090164452*^-10*I,9.333222491284311*^-11+0.*I,-1.6225832040707406*^-11+2.8103965489584226*^-11*I,-5.5633717318852456*^-12-9.6360425010177*^-12*I,3.763389955258542*^-12-2.368857727791025*^-28*I,-6.28039633807593*^-13+1.0877965549217035*^-12*I,-2.0691458594785142*^-13-3.5838657568875584*^-13*I,1.346245789753819*^-13-3.70805387711912*^-29*I,-2.1628364472591677*^-14+3.746142615114646*^-14*I,-6.86594345945288*^-15-1.1892162913667607*^-14*I,4.30794192103358*^-15-8.867137271027098*^-31*I,-6.679645722088584*^-16+1.1569485767217527*^-15*I,-2.0480814012512247*^-16-3.547381045003982*^-16*I,1.2420900177420552*^-16+0.*I,-1.8628539152697605*^-17+3.226557628325833*^-17*I,-5.5285127788143855*^-18-9.57566502320032*^-18*I
-3.7862960913620515*^-10+6.558057202738525*^-10*I,5.399269038398205*^-9+9.351808298239249*^-9*I,1.0447701478919444*^-7+1.4388397821089824*^-23*I,3.9507648412441624*^-7-6.842925433791677*^-7*I,-2.4710664756607395*^-6-4.280012684724564*^-6*I,-0.00002632628825019989+0.*I,-0.000060746257906827545+0.00010521560506430794*I,0.00024534611544112597+0.0004249519373836893*I,0.0017442818546863476+0.*I,0.002734590440524606-0.00473644958088077*I,-0.007556328226522864-0.01308794440700444*I,-0.03665028374994349-8.252639290241847*^-18*I,-0.038685054266773884+0.06700447948361152*I,0.07008667606326396+0.12139368387519468*I,0.21263418377973836+0.*I,0.12880424851214822-0.2230955026537687*I,-0.11124464876314723-0.19268138372792526*I,-0.08163794183945326-5.621519656027416*^-18*I,0.05387568367695322-0.09331542142099221*I,-0.10313433302751616-0.17863390480838692*I,-0.10818426346698885+0.*I,0.05207187356051154-0.09019113065210844*I,-0.09290478080656511-0.16091580062302066*I,-0.018285425727663902+0.*I,0.08610830335984883-0.14914395637281203*I,-0.04488928315242601-0.07775051913534747*I,0.14106785092583848+0.*I,0.05860084208940398-0.10149963586516841*I,0.06300918606556709+0.1091351116091231*I,0.11650793418220777+0.*I,-0.06673375285180493+0.1155862505190706*I,0.045836265684243184+0.07939074099433503*I,-0.1550943688229434+0.*I,-0.01852303826616573+0.03208284338754157*I,-0.08427232719352226-0.14596395237124887*I,0.04855427597898406+0.*I,0.0689595734657755-0.11944148491100176*I,0.0692990366424927+0.1200294523803747*I,0.03474429211055649+0.*I,-0.08235506387268485+0.14264315488807028*I,-0.054752499588975795-0.09483411112950016*I,-0.0595762728589879+0.*I,0.08414157766983787-0.14573748755316213*I,0.06094283694866238+0.10555608995246903*I,0.02760956407162997+0.*I,-0.07684500503120636+0.13309945302193543*I,-0.08339499408597142-0.14444436685380851*I,0.06868326738308989-4.7294717252123746*^-18*I,0.03503573586933788-0.06068367460625656*I,0.08447703149925757+0.14631851062931056*I,-0.1837737890360487+0.*I,0.059197890860620245-0.10253375467151156*I,0.004301767475611071+0.0074508798301056835*I,0.1029548030168838-2.318259957530493*^-17*I,-0.09269102066962902+0.16054555720521457*I,-0.11310534768955702-0.19590420880605566*I,0.22853529588561775+0.*I,-0.10197901169589794+0.17663282956295603*I,-0.08292382075896332-0.14362827071225925*I,0.125096066094603+0.*I,-0.04427826063145898+0.07669219708446379*I,-0.02966145754229603-0.0513751514898038*I,0.03783756732448984-5.210925794018151*^-18*I,-0.011544438142601351+0.019995553407821626*I,-0.00676552855380223-0.011718239195243452*I,0.007639860799151971+0.*I,-0.0020834804384453204+0.003608693975963175*I,-0.0011002474986396785-0.0019056845685444927*I,0.0011273078228518762+0.*I,-0.0002806104355535467+0.000486031531512775*I,-0.00013596455056379237-0.000235497509604756*I,0.00012840973995316548-6.241083319453441*^-21*I,-0.000029584245451607373+0.00005124141622577248*I,-0.000013316260760687592-0.00002306444020434667*I,0.00001172192353258852-5.278911746619136*^-21*I,-2.5247494542800877*^-6+4.372994331194913*^-6*I,-1.0653586234489166*^-6-1.84525526409516*^-6*I,8.813902079658988*^-7-7.004128017203147*^-22*I,-1.7883683428426564*^-7+3.097544832451245*^-7*I,-7.12428317360105*^-8-1.2339620424185033*^-7*I,5.575578926795409*^-8+0.*I,-1.0721724351755331*^-8+1.8570571321988716*^-8*I,-4.054995212915774*^-9-7.0234577332186955*^-9*I,3.0177810722241012*^-9-3.4853380028716235*^-25*I,-5.526806440147057*^-10+9.572709557933582*^-10*I,-1.9935877502981807*^-10-3.4529952728633847*^-10*I,1.416953263372321*^-10+0.*I,-2.4815282925899987*^-11+4.2981330831855245*^-11*I,-8.570017276884079*^-12-1.4843705345306295*^-11*I,5.838478373199533*^-12-3.675017677498249*^-28*I,-9.811425171001281*^-13+1.6993886890834383*^-12*I,-3.2546973715928497*^-13-5.637301210859697*^-13*I,2.131916423318738*^-13-5.872078501078593*^-29*I,-3.447859010170912*^-14+5.971866982950162*^-14*I,-1.1016952069828883*^-14-1.908192072949472*^-14*I,6.957024445541361*^-15-1.4319805579390395*^-30*I,-1.0855707276257563*^-15+1.8802636554573244*^-15*I,-3.3493682285964016*^-16-5.801275945185938*^-16*I,2.043812588781367*^-16+0.*I,-3.0839101188729877*^-17+5.341489011863791*^-17*I
-2.5988357421215347*^-10+0.*I,-1.9188845495734764*^-9+3.3236055337201807*^-9*I,1.9256926542001396*^-8+3.335397516836807*^-8*I,3.0267337605114884*^-7+4.168366557240747*^-23*I,9.855925725373269*^-7-1.7070964111971644*^-6*I,-5.479316983014223*^-6-9.49045540535565*^-6*I,-0.000052920548730039205+0.*I,-0.00011217793542871544+0.00019429788365071595*I,0.0004201098716643657+0.000727651642483922*I,0.0027878881097632845+0.*I,0.004098596613390698-0.007098977574122416*I,-0.010651648326748381-0.018449196086284234*I,-0.04865357805120165-1.0955452148083689*^-17*I,-0.04833354254399927+0.0837161513959986*I,0.08213711411790395+0.14226565483929257*I,0.23176652376455062+0.*I,0.12786578577700577-0.22147003751549194*I,-0.09385344772353166-0.16255893992266643*I,-0.02331445499076221-1.6054136599607099*^-18*I,0.07627480578608292-0.13211183895894418*I,-0.09885383256437644-0.1712198605244068*I,-0.05056012445603332+0.*I,0.07440047183833409-0.128865397331092*I,-0.08069897276459699-0.1397747209468991*I,0.0435091044749728+0.*I,0.09035319826317083-0.1564963300181559*I,-0.015638348648620314-0.02708641440588648*I,0.16782308465050935+0.*I,0.032355028212605504-0.056040552744557166*I,0.07905929622979757+0.13693471788064798*I,0.06528128154057994+0.*I,-0.0804104476690525+0.13927498082215733*I,0.01852303826616573+0.03208284338754157*I,-0.1678082012167219+0.*I,0.010119800005031895-0.01752800777115102*I,-0.07845680740724569-0.13589117662899577*I,0.09804571982463263+0.*I,0.04923671686478353-0.08528049520768848*I,0.08032581914295359+0.13912839991518433*I,-0.01875579388987763+0.*I,-0.07187944654767157+0.12449885344049849*I,-0.07125235513081317-0.12341269924550936*I,-0.009458052414571913+0.*I,0.07513295295362928-0.1301340918383681*I,0.0751083858276552+0.13009154032798495*I,-0.020503805813089665+0.*I,-0.06210691284508183+0.10757232854893388*I,-0.08773924842295427-0.1519688360864643*I,0.10688294550964089-7.359869265912613*^-18*I,0.013700923180804162-0.023730695059751*I,0.07244940059764644+0.12548604281303463*I,-0.18782858272298483+0.*I,0.07283430633896243-0.12615271911311887*I,0.023118163806294608+0.040041834290202145*I,0.06807901686568171-1.532952850406318*^-17*I,-0.08084700125607801+0.14003111381511205*I,-0.10812435482441103-0.18727687609148475*I,0.2303579267424048+0.*I,-0.10673863767431936+0.18487674358260667*I,-0.08941291327212537-0.15486770864007074*I,0.13828781394495387+0.*I,-0.0500207713063369+0.08663851733635897*I,-0.03416389669802379-0.059173604865511806*I,0.044356247425215385-6.1086673953350515*^-18*I,-0.013755170043032219+0.02382465338128119*I,-0.008184180648957312-0.01417541670231609*I,0.009374336647033117+0.*I,-0.002591130616962343+0.004487969877626068*I,-0.0013859442928581874-0.0024005259316905*I,0.0014374791886620304+0.*I,-0.00036203011197565266+0.0006270545478116802*I,-0.0001773989502437901-0.00030726399503162773*I,0.0001693677387201887-8.231760062481622*^-21*I,-0.00003943124050267492+0.00006829691195610079*I,-0.000017929314076896148-0.00003105448292604398*I,0.000015938528542674907-7.177839482900206*^-21*I,-3.465873556279267*^-6+6.003069092085127*^-6*I,-1.4761201515714953*^-6-2.5567151005980973*^-6*I,1.2323101608862563*^-6-9.792777416562234*^-22*I,-2.5225299002780994*^-7+4.3691499508933326*^-7*I,-1.0135753189693383*^-7-1.7555639497527206*^-7*I,7.999336289716099*^-8+0.*I,-1.5509452663039536*^-8+2.68631600099689*^-8*I,-5.913074146677859*^-9-1.0241744850968035*^-8*I,4.435364364852005*^-9-5.122553163211465*^-25*I,-8.185885078729276*^-10+1.4178368861279065*^-9*I,-2.975166161966027*^-10-5.153138953484853*^-10*I,2.1303634127694575*^-10+0.*I,-3.7582045553016224*^-11+6.509401235019209*^-11*I,-1.3072217920424525*^-11-2.2641745605787645*^-11*I,8.968493659732982*^-12-5.645199079839646*^-28*I,-1.5175824933635444*^-12+2.628529983182718*^-12*I,-5.068523495455889*^-13-8.7789402134862*^-13*I,3.342288209325875*^-13-9.2058856171477*^-29*I,-5.441018041725767*^-14+9.424119693167951*^-14*I,-1.749866318736864*^-14-3.030857370505763*^-14*I,1.1120827349809659*^-14-2.2890258152434848*^-30*I,-1.7462273176319453*^-15+3.024554435703245*^-15*I,-5.421194478893598*^-16-9.389784275155595*^-16*I,3.3283139988479537*^-16+0.*I
-4.393398617644876*^-11-7.609589623663794*^-11*I,-1.3421391254612245*^-9+0.*I,-6.976263716221886*^-9+1.2083243203495574*^-8*I,5.6887871706447105*^-8+9.853268413002642*^-8*I,7.702839417833742*^-7+1.0608220202251279*^-22*I,2.230542736171853*^-6-3.863413347503351*^-6*I,-0.000011248128313460566-0.00001948232972896773*I,-0.00009986818093867065+0.*I,-0.00019645559852157692+0.00034027107807072454*I,0.0006874443962035127+0.0011906886216029933*I,0.004283457777019136+0.*I,0.005932644293806161-0.010275641340105841*I,-0.014553034471195317-0.02520659510841158*I,-0.06276842960288015-1.4133729819439857*^-17*I,-0.05878608056715151+0.1018204783201438*I,0.09373711472009183+0.16235744525011156*I,0.24545468254719877+0.*I,0.12214709732651124-0.2115649785665781*I,-0.07222978235560519-0.12510565285955022*I,0.03414920354894874+2.351485285672926*^-18*I,0.0919230945096904-0.15921547007973946*I,-0.08623706478613416-0.14936697770519328*I,0.009639816704380943+0.*I,0.08847751266519989-0.15324754726344497*I,-0.060445372679153446-0.10469445656272951*I,0.09840651086443544+0.*I,0.0842989858846889-0.1460101265788128*I,0.01443507855949699+0.025002289476296947*I,0.17417577043035148+0.*I,0.0031510718394886224-0.005457816524293816*I,0.08529924603396319+0.14774262797814228*I,0.007960355325258576+0.*I,-0.08427232719352226+0.14596395237124887*I,-0.010119800005031895-0.01752800777115102*I,-0.16096508841319326+0.*I,0.03679419201229479-0.06372940998873952*I,-0.06415650785620448-0.111122331243138*I,0.13557421481709014+0.*I,0.02489390764141397-0.04311751283385611*I,0.0828589055252247+0.14351583422923875*I,-0.0689491355136203+0.*I,-0.054841955291707115+0.09498905295165759*I,-0.08079147320867028-0.13993493641575666*I,0.040169230536529994+0.*I,0.06007618385037061-0.10405500275369077*I,0.08294203237614624+0.14365981415850798*I,-0.06584653966666582+0.*I,-0.04335618425209359+0.07509511394694375*I,-0.08618092484809549-0.1492697404801765*I,0.13757662262733866-9.473409922929897*^-18*I,-0.007880704926547688+0.013649781332238957*I,0.05697912714876196+0.09869074319258289*I,-0.18303515289963676+0.*I,0.08311934054991424-0.14396692092407148*I,0.04064364670017635+0.07039686108958455*I,0.03191791880384204-7.187040421856*^-18*I,-0.0671998541857944+0.11639356171101609*I,-0.1010552930522653-0.17503290194028542*I,0.22869141378049257+0.*I,-0.11037644253934961+0.1911776064368603*I,-0.09540020005355324-0.16523799354498936*I,0.15140460577118248+0.*I,-0.0559961205809631+0.09698812587298139*I,-0.0390063089742992-0.06756090895921606*I,0.05155488200733187-7.100051178123408*^-18*I,-0.016251689601300346+0.028148752098290993*I,-0.00981794476419262-0.017005179157486457*I,0.01140732356917853+0.*I,-0.00319581717063157+0.005535317711234894*I,-0.0017313709859359929-0.00299882251439176*I,0.0018177730601377448+0.*I,-0.00046318035768874+0.0008022519125848236*I,-0.00022952134012735453-0.0003975426225218753*I,0.00022150812123985985-1.0765932873143245*^-20*I,-0.00005211038796367902+0.00009025783955521784*I,-0.00002393455020520704-0.00004145585701172665*I,0.000021485875358880594-9.676060375505856*^-21*I,-4.716688429152264*^-6+8.169544002763966*^-6*I,-2.0274572972272717*^-6-3.5116590489739027*^-6*I,1.7078500459619814*^-6-1.3571741832383518*^-21*I,-3.526689208117306*^-7+6.10840489096404*^-7*I,-1.4292097622708398*^-7-2.4754639229265253*^-7*I,1.1374090046174764*^-7+0.*I,-2.223313859353489*^-8+3.850892565572288*^-8*I,-8.544422261590882*^-9-1.4799373478397975*^-8*I,6.459388858031422*^-9-7.460167892706109*^-25*I,-1.2013014579745005*^-9+2.080715160418403*^-9*I,-4.3990285119457074*^-10-7.619340886634079*^-10*I,3.1731935818983883*^-10+0.*I,-5.6384749222718843*^-11+9.766125042577881*^-11*I,-1.9752069732263923*^-11-3.4211588330924496*^-11*I,1.3646181089915835*^-11-8.589559390334855*^-28*I,-2.3249880169078284*^-12+4.026997372273168*^-12*I,-7.817669015492189*^-13-1.3540599931589429*^-12*I,5.189430646077141*^-13-1.4293592279865869*^-28*I,-8.503357154437904*^-14+1.472824662639077*^-13*I,-2.752363102369387*^-14-4.7672327341816754*^-14*I,1.7602985365322344*^-14-3.623263509010934*^-30*I,-2.7813629655064315*^-15+4.817461970547582*^-15*I,-8.688008633368313*^-16-1.5048072369590968*^-15*I
1.4640564392418234*^-11-2.5358201379152153*^-11*I,-2.310534635171605*^-10-4.001963380764838*^-10*I,-4.9703737592801956*^-9+0.*I,-2.0999758924375206*^-8+3.637264940371581*^-8*I,1.4757634599356812*^-7+2.5560972925622373*^-7*I,1.7777523751991403*^-6+2.4482905118761185*^-22*I,4.671859438546572*^-6-8.09189791338287*^-6*I,-0.000021670355440409155-0.000037534156640865294*I,-0.00017867987550029536+0.*I,-0.00032870518598640487+0.0005693340828398306*I,0.0010811643593538812+0.001872631601733578*I,0.006355346983930607+0.*I,0.008323454947048248-0.014416646862798067*I,-0.01932781589830584-0.033476759135203246*I,-0.07887799511322001-1.7761162397763637*^-17*I,-0.06972148559636017+0.12076115543207742*I,0.10427552420188335+0.18061050590354008*I,0.2524738489001979+0.*I,0.11166608050269004-0.19341132491273555*I,-0.04752812420304951-0.0823211259081258*I,0.08707928735493607+5.9962061079553436*^-18*I,0.09994096787547645-0.17310283411793417*I,-0.06676471148734105-0.11563987244875215*I,0.06678295866815478+0.*I,0.093409161017369-0.16178941277446518*I,-0.034689167878730436-0.06008340123824742*I,0.14099934483184384+0.*I,0.06923030131496977-0.11991039930083007*I,0.04193229926448738+0.07262887280427521*I,0.16064518761210103+0.*I,-0.025507800615499995+0.044180806655382675*I,0.08160351786014829+0.14134143901013113*I,-0.04855427597898406+0.*I,-0.07845680740724569+0.13589117662899577*I,-0.03679419201229479-0.06372940998873952*I,-0.13644249056561716+0.*I,0.05869564033793015-0.10166383124808429*I,-0.04337470703999517-0.0751271963566871*I,0.1578563924312938+0.*I,-0.0013339646959275326+0.002310494628849655*I,0.0770915887897052+0.1335265486199767*I,-0.1111764836788275+0.*I,-0.03315339626917918+0.057423366781682805*I,-0.08285703096835521-0.1435125874014991*I,0.08507828093208039+0.*I,0.040480381279558726-0.07011407708595578*I,0.08411530171623897+0.14569197626651142*I,-0.10520013345954879+0.*I,-0.022054627083945733+0.038199734651378645*I,-0.07904762412931651-0.13691450120958373*I,0.15918318210186472-1.0961219341546019*^-17*I,-0.02850069813219439+0.04936465721614408*I,0.0389544666418196+0.06747111540537853*I,-0.1698389290617708+0.*I,0.08969993815901267-0.15536485032719624*I,0.05626767214346489+0.09745846697610915*I,-0.004414038865565461+9.93920560592556*^-19*I,-0.05208175343868335+0.09020824310307472*I,-0.09198396950485567-0.15932090866427603*I,0.22335792906568605+0.*I,-0.11272551770561637+0.1952463239756326*I,-0.10071774219704759-0.17444824670891024*I,0.1641916964170905+0.*I,-0.06212821433403381+0.10760922381007557*I,-0.0441560806796355-0.07648057520023917*I,0.05942603320164107-8.184052811613615*^-18*I,-0.019045300910615598+0.032987428822624024*I,-0.011683195358273998-0.020235887955283433*I,0.013770310214860347+0.*I,-0.003910207051805104+0.006772677281840547*I,-0.00214565092379836-0.003716376415325857*I,0.0022803159758415584+0.*I,-0.0005878419915340685+0.0010181721961594805*I,-0.0002945670804045845-0.000510205149497967*I,0.0002873551973920114-1.3966290484317138*^-20*I,-0.00006830584606568255+0.00011830919583974098*I,-0.000031689420540068224-0.00005488768643781487*I,0.000028725124152252996-1.2936221166163479*^-20*I,-6.3656314112926255*^-6+0.000011025597026615217*I,-2.7614473701770685*^-6-4.782967147574135*^-6*I,2.3469797424822202*^-6-1.8650702516953713*^-21*I,-4.888803547288606*^-7+8.467656132126841*^-7*I,-1.9980897272766723*^-7-3.4607929257246294*^-7*I,1.6033671085114087*^-7+0.*I,-3.159608637608637*^-8+5.4726026923716387*^-8*I,-1.2239256796571863*^-8-2.119901461854516*^-8*I,9.324626928746979*^-9-1.0769328794752458*^-24*I,-1.747396425493987*^-9+3.026579389919829*^-9*I,-6.446601654004577*^-10-1.1165841600893487*^-9*I,4.684288775961414*^-10+0.*I,-8.383456761916604*^-11+1.452057305469642*^-10*I,-2.9575528314670704*^-11-5.122631770170158*^-11*I,2.0574817233080402*^-11-1.2950774535699728*^-27*I,-3.529387613250436*^-12+6.113078665754012*^-12*I,-1.1947049386007605*^-12-2.0692896537099727*^-12*I,7.982901536273227*^-13-2.198783403263315*^-28*I,-1.3165699728467082*^-13+2.2803660846900773*^-13*I,-4.288725242667355*^-14-7.428290020003018*^-14*I,2.7601705256949575*^-14-5.68132333058662*^-30*I,-4.388276362499203*^-15+7.600717617502158*^-15*I
9.621167964101494*^-12+0.*I,7.835944121629576*^-11-1.3572253343933106*^-10*I,-8.71040378522475*^-10-1.508686191044953*^-9*I,-1.5234988553593017*^-8+0.*I,-5.549042773511381*^-8+9.61122401709463*^-8*I,3.470646256456577*^-7+6.011335651281516*^-7*I,3.7959154331350305*^-6+5.22767055101675*^-22*I,9.180523015348241*^-6-0.000015901132302638584*I,-0.000039570742976927264-0.00006853853732928736*I,-0.0003053512690267056+0.*I,-0.0005284908942517889+0.0009153730801816091*I,0.0016417532929988937+0.002843600116967598*I,0.00913908854320577+0.*I,0.011352490960200266-0.019663091135533228*I,-0.025011842551591407-0.043321782090269545*I,-0.09673357774731849-2.178175017279139*^-17*I,-0.0807437519278117+0.1398522807327073*I,0.11313531949947239+0.1959561215036241*I,0.25190825888110924+0.*I,0.09674027665465566-0.167559074304133*I,-0.02111915373498862-0.036579447281858316*I,0.1321849378194035+9.102143065339126*^-18*I,0.10006493960279429-0.1733175594483508*I,-0.042393641274400005-0.07342794060510983*I,0.11591266004858829+0.*I,0.08923910428538359-0.15456666264422184*I,-0.006315402616371137-0.010938598201808232*I,0.16760427956688823+0.*I,0.047277308207777244-0.08188669986096328*I,0.06402771876342932+0.11089926199099072*I,0.12988565956570536+0.*I,-0.05048345050759182+0.08743990122053787*I,0.0689595734657755+0.11944148491100176*I,-0.09804571982463263+0.*I,-0.06415650785620448+0.111122331243138*I,-0.05869564033793015-0.10166383124808429*I,-0.09787016512001045+0.*I,0.07375729733762325-0.12775138641772815*I,-0.01862911681271716-0.0322665768197617*I,0.1634255165298365+0.*I,-0.02673680980263901+0.04630951301047637*I,0.06400603370112641+0.11086170236131677*I,-0.14187135560871716+0.*I,-0.009008468097787166+0.015603124443730732*I,-0.07762442034923903-0.13444943995296546*I,0.12172242710646569+0.*I,0.01812001754630455-0.03138479102423902*I,0.07882762477573554+0.1365334511515491*I,-0.13596803131750243+0.*I,0.00024300168523641369-0.0004208912651543285*I,-0.06700638230053482-0.11605845857591025*I,0.17073641419716606-1.175676513619755*^-17*I,-0.04705320111582399+0.08149853499136375*I,0.019362702116052656+0.03353718383682462*I,-0.14906230117490699+0.*I,0.0923837079105962-0.16001327589275546*I,0.06945293650152823+0.12029601475550189*I,-0.03978016541230385+8.957402848331419*^-18*I,-0.03588312306906195+0.06215139228986221*I,-0.08106166848981318-0.14040292837066137*I,0.21427534033424087+0.*I,-0.11364199109074616+0.19683370244246204*I,-0.10520039973802951-0.18221243732282272*I,0.17637712819708548+0.*I,-0.06832885232313603+0.11834904384654235*I,-0.04956987330994466-0.08585753909757658*I,0.06794745233450017-9.3576082460909*^-18*I,-0.022143230209984065+0.038353199767386464*I,-0.013794697860326721-0.023893117569147564*I,0.016494506337944383+0.*I,-0.004747507101923095+0.008222923509824873*I,-0.0026386305488618595-0.004570242173032093*I,0.0028385485534956137+0.*I,-0.000740298766446843+0.0012822350762664982*I,-0.0003751175120210103-0.0006497225896292189*I,0.00036987374980481123-1.7976929873485015*^-20*I,-0.0000888336110322375+0.00015386432772764662*I,-0.000041626351227892945-0.00007209895526041763*I,0.000038099010570682034-1.7157705719287094*^-20*I,-8.522474274211605*^-6+0.000014761358449133205*I,-3.7309384039995643*^-6-6.462174875637172*^-6*I,3.1991978457011873*^-6-2.542300908398405*^-21*I,-6.721802570252819*^-7+1.1642503570124978*^-6*I,-2.770494135558454*^-7-4.798636604858847*^-7*I,2.2415474193181086*^-7+0.*I,-4.452868942714542*^-8+7.712595248227095*^-8*I,-1.738509410869108*^-8-3.011186629061931*^-8*I,1.3347405637320381*^-8-1.5415372750419674*^-24*I,-2.520183364833795*^-9+4.365085632282025*^-9*I,-9.366606618220276*^-10-1.6223438557268419*^-9*I,6.855585080992182*^-10+0.*I,-1.2357056596934616*^-10+2.1403049857894924*^-10*I,-4.389952251344437*^-11-7.603620342129941*^-11*I,3.075002572069198*^-11-1.935553767327568*^-27*I,-5.310558632107498*^-12+9.198157367383666*^-12*I,-1.8096064791849664*^-12-3.134330363654193*^-12*I,1.2170828775155267*^-12-3.352291919569913*^-28*I,-2.0201998451210902*^-13+3.499088773192508*^-13*I,-6.622568415672433*^-14-1.1470624972545573*^-13*I,4.2888457854132046*^-14-8.827831249962778*^-30*I
1.5591509763818955*^-12+2.7005287077640655*^-12*I,5.2375626242350516*^-11+0.*I,3.0052975756762326*^-10-5.205328092934809*^-10*I,-2.716920837325304*^-9-4.705844930390002*^-9*I,-4.097906777224792*^-8+0.*I,-1.3288526900716742*^-7+2.3016403749787186*^-7*I,7.549048717408872*^-7+1.3075335927364838*^-6*I,7.6020373512670185*^-6+1.0469397300594253*^-21*I,0.00001709406914356395-0.000029607796264748164*I,-0.00006899963532421475-0.00011951087408526422*I,-0.0005013213077428452+0.*I,-0.0008202656665600189+0.0014207418101863042*I,0.0024159979255775036+0.004184631158081248*I,0.012776062170129797+0.*I,0.01508974725295855-0.026136208915497075*I,-0.031601489384094905-0.05473538520810093*I,-0.11595107540860114-2.610900388088517*^-17*I,-0.09139900620206946+0.15830772250328717*I,0.11973308169426791+0.2073837808412671*I,0.24322578319612387+0.*I,0.07796976238049112-0.13504758989708315*I,0.0055105746382791+0.009544595252399889*I,0.1667915401810373+1.1485124446555588*^-17*I,0.09263432277062883-0.1604473535634637*I,-0.015359161857641657-0.026602848699109335*I,0.15312591734333209+0.*I,0.07685366459176947-0.1331144518208019*I,0.021766099247875755+0.03769998977990755*I,0.17644787607936538+0.*I,0.02110341494735969-0.03655218690203547*I,0.07870230167536425+0.13631638517434408*I,0.08616464016905095+0.*I,-0.0692990366424927+0.1200294523803747*I,0.04923671686478353+0.08528049520768848*I,-0.13557421481709014+0.*I,-0.04337470703999517+0.0751271963566871*I,-0.07375729733762325-0.12775138641772815*I,-0.050059436697711276+0.*I,0.08078522687606009-0.13992411745031486*I,0.00735781597263926+0.012744111097353015*I,0.15259050824606815+0.*I,-0.04888985826374206+0.08467971848764237*I,0.04520291632548347+0.07829374772602203*I,-0.15878190605033624+0.*I,0.015335001424290791-0.026561001601012747*I,-0.0658802789802167-0.11410799041054727*I,0.14746720405161595+0.*I,-0.005126304817822739+0.008879020399554103*I,0.06774964964572937+0.117345835381394*I,-0.15631352877650723+0.*I,0.021999819241686404-0.038104804683932264*I,-0.05099985608630329-0.08833434192017814*I,0.1719069888656165-1.1837369918229938*^-17*I,-0.06259089555597594+0.10841061119418739*I,-0.000764466010979069-0.001324093971675255*I,-0.12185438818458127+0.*I,0.09114471405753369-0.15786727558898564*I,0.07975740828366723+0.13814388342732642*I,-0.07306582463035918+1.645242092073441*^-17*I,-0.01903945126657817+0.03297729694194504*I,-0.06850206040856997-0.1186490490507955*I,0.20146426165545733+0.*I,-0.1130108221782938+0.1957404858179366*I,-0.10869087042609367-0.18825810989687972*I,0.18767785158395675+0.*I,-0.07449889097116234+0.1290358642695875*I,-0.0551935419962304-0.09559801898715761*I,0.07708080397110681-1.0615437990294023*^-17*I,-0.02554790754856492+0.044250273901186896*I,-0.016165042457392816-0.027998674842712415*I,0.019610129311075947+0.*I,-0.005721284047959866+0.009909554655599818*I,-0.003220816046688983-0.005578617034698453*I,0.003507223671380785+0.*I,-0.0009253617957770973+0.0016027736456691079*I,-0.00047412907270607185-0.0008212156432724346*I,0.00047251855180863823-2.2965762977954626*^-20*I,-0.00011465949342788418+0.00019859606818720536*I,-0.00005426454811286855-0.00009398895438125406*I,0.00005014624931561968-2.258312160330734*^-20*I,-0.000011322466697205517+0.000019611087586566552*I,-5.00181891093196*^-6-8.66340448399297*^-6*I,4.3269148856090105*^-6-3.438461819117461*^-21*I,-9.169612683918895*^-7+1.5882235054275582*^-6*I,-3.8111665425640603*^-7-6.601134087827551*^-7*I,3.108834547047366*^-7+0.*I,-6.225260329900222*^-8+1.0782467181730175*^-7*I,-2.4495502642434465*^-8-4.242745513363417*^-8*I,1.895073281213654*^-8-2.1886845888302677*^-24*I,-3.605065840459075*^-9+6.244157200306114*^-9*I,-1.3497424160060233*^-9-2.3378224416532005*^-9*I,9.950378321235097*^-10+0.*I,-1.8062523779523398*^-10+3.1285208899055553*^-10*I,-6.461541301189938*^-11-1.1191717828865685*^-10*I,4.557029706316481*^-11-2.86841256524517*^-27*I,-7.922934524379285*^-12+1.3722925141266484*^-11*I,-2.717634600683142*^-12-4.707081204790358*^-12*I,1.8396775341904373*^-12-5.067145587546259*^-28*I,-3.073165418546244*^-13+5.322878644985772*^-13*I,-1.0137835848318255*^-13-1.7559246768080342*^-13*I
-4.986405637608646*^-13+8.636707911486057*^-13*I,8.628194801245316*^-12+1.494447177335854*^-11*I,2.0424390920043272*^-10+0.*I,9.533548194319974*^-10-1.6512589848968726*^-9*I,-7.434354921907474*^-9-1.2876680446243495*^-8*I,-9.986219316595531*^-8+0.*I,-2.9423348926846033*^-7+5.096273527012454*^-7*I,1.5396277923455008*^-6+2.6667135610875135*^-6*I,0.000014421948625089305+1.9861663791964124*^-21*I,0.00003038622166308224-0.0000526304797705085*I,-0.00011556121470275174-0.0002001578952495416*I,-0.0007943919522284783+0.*I,-0.0012336229633660987+0.0021366976499337625*I,0.0034561025194762038+0.005986145159899591*I,0.017406644088837877+0.*I,0.01958724381674712-0.0339261014708453*I,-0.039047226476842896-0.06763178015254064*I,-0.1360162064940233-3.062712140186243*^-17*I,-0.10119759908473613+0.1752793832187486*I,0.12355775507586467+0.21400830946054897*I,0.22632639767043483+0.*I,0.056199726166317715-0.09734078109152036*I,0.030864173945124248+0.05345831740659875*I,0.18901335849318657+1.3015300068573123*^-17*I,0.07853039191923916-0.1360186287424186*I,0.012028091399448538+0.020833265421927108*I,0.17581917235362665+0.*I,0.05782091191940309-0.100148757184371*I,0.04689929043039054+0.08123195386436527*I,0.16764133524657063+0.*I,-0.006419335412960561+0.011118615086073832*I,0.0848631482340255+0.14698728443158124*I,0.03474429211055649+0.*I,-0.08032581914295359+0.13912839991518433*I,0.02489390764141397+0.04311751283385611*I,-0.1578563924312938+0.*I,-0.01862911681271716+0.0322665768197617*I,-0.08078522687606009-0.13992411745031486*I,0.0016132899121344432+0.*I,0.07948814454452222-0.13767750495049136*I,0.031949360576200216+0.05533791578731684*I,0.12722794630422235+0.*I,-0.06585523049430632+0.11406460516029782*I,0.02269446550599345+0.03930796730699998*I,-0.16104935087751157+0.*I,0.03775729974991816-0.06539756152346593*I,-0.04890292123348864-0.0847023442149412*I,0.16072435332250334+0.*I,-0.027428853598460732+0.04750816802590243*I,0.05193737072249036+0.08995816490289356*I,-0.16523215061734767+0.*I,0.041797170984767124-0.07239482375826034*I,-0.03217013704584503-0.05572031184985733*I,0.16298532536001348-1.122303171186212*^-17*I,-0.07436881174171277+0.1288105604351714*I,-0.02040516097108682-0.03534277553854387*I,-0.08962664213380746+0.*I,0.08612137005228246-0.14916658854799397*I,0.08685182539747524+0.15043177431852806*I,-0.10322162738812055+2.324268110986238*^-17*I,-0.0020162287724575663+0.0034922106735787366*I,-0.054575720666682065-0.09452792105438003*I,0.18505168599511043+0.*I,-0.11075088069407611+0.19182615234513892*I,-0.11104476187949382-0.19233516948967097*I,0.19780661045830397+0.*I,-0.08052982383023541+0.13948174639853866*I,-0.0609623526479335-0.10558989213515191*I,0.08677069391884064-1.1949913249678954*^-17*I,-0.029256290120857124+0.05067338093029995*I,-0.018804059961960436-0.032569587242687166*I,0.023145614785762443+0.*I,-0.006845248753150671+0.011856318630904469*I,-0.003903284690986071-0.006760687401193661*I,0.0043023755142259455+0.*I,-0.001148387292252058+0.001989065136947013*I,-0.0005949603994128683-0.0010305016402745602*I,0.0005992843532026557-2.912694614712782*^-20*I,-0.00014691810720944036+0.0002544696262386023*I,-0.00007022286623438119-0.00012162957217106104*I,0.00006551762636442126-2.950554714541558*^-20*I,-0.000014931060802759034+0.00002586135592127882*I,-6.655652063708523*^-6-0.00001152792753184379*I,5.808263132131193*^-6-4.615642216962567*^-21*I,-1.2414362430189434*^-6+2.150230647266239*^-6*I,-5.202883008849356*^-7-9.011657717163896*^-7*I,4.278680302457603*^-7+0.*I,-8.636041663593562*^-8+1.49580629376257*^-7*I,-3.424619712408176*^-8-5.9316153384928755*^-8*I,2.669617302294225*^-8-3.0832318230269324*^-24*I,-5.116410793449009*^-9+8.861883446647475*^-9*I,-1.9296036912157406*^-9-3.3421716316581095*^-9*I,1.4327187284431308*^-9+0.*I,-2.619063307722647*^-10+4.5363507172150255*^-10*I,-9.433975810816458*^-11-1.6340125421709894*^-10*I,6.698521251945966*^-11-4.216369821116372*^-27*I,-1.172387824862842*^-11+2.0306352788376054*^-11*I,-4.047774495594599*^-12-7.0109510839513285*^-12*I,2.7577876477938144*^-12-7.595957036599571*^-28*I,-4.636119673790155*^-13+8.029994824974203*^-13*I
-3.1483030436779137*^-13-1.5301659841106432*^-29*I,-2.8036693154879564*^-12+4.856097702046996*^-12*I,3.419264043372612*^-11+5.922339047614758*^-11*I,6.585736056967862*^-10+0.*I,2.6522591511472964*^-9-4.593847604626621*^-9*I,-1.842460511811925*^-8-3.191235217397611*^-8*I,-2.249415039766182*^-7+0.*I,-6.106977214631086*^-7+1.0577594816406506*^-6*I,2.9737366163616406*^-6+5.1506629078663215*^-6*I,0.000026113248879969495+3.596272481983177*^-21*I,0.00005186802201275658-0.00008983804941419533*I,-0.00018676307838939182-0.0003234831407483957*I,-0.0012195308372244006+0.*I,-0.0018032847900187026+0.0031233808768285675*I,0.004818245209397616+0.008345445506002016*I,0.02316208239614514+0.*I,0.02487264186081911-0.04308067942140315*I,-0.0472493508566233-0.08183827630831969*I,-0.1562986772335466-3.519417785550936*^-17*I,-0.10963992454918445+0.1899019198572056*I,0.12420588045444664+0.21513089554592774*I,0.2015613997406127+0.*I,0.03246632583714076-0.05623332588501396*I,0.05353675307338015+0.09272837639536367*I,0.19785657976603319+1.3624236809110627*^-17*I,0.05907750178525222-0.10232523467629788*I,0.037572951577104705+0.06507826112187053*I,0.18279720205929997+0.*I,0.0341871586566921-0.059213895759808864*I,0.0669032629190819+0.11587985056798877*I,0.14297815515076967+0.*I,-0.03251352618067232+0.05631507927814531*I,0.08235506387268485+0.14264315488807028*I,-0.01875579388987763+0.*I,-0.0828589055252247+0.14351583422923875*I,-0.0013339646959275326-0.002310494628849655*I,-0.1634255165298365+0.*I,0.00735781597263926-0.012744111097353015*I,-0.07948814454452222-0.13767750495049136*I,0.05180029546145545+0.*I,0.07041472359944839-0.12196187887516387*I,0.052840540660522364+0.09152250112343385*I,0.09045118569848899+0.*I,-0.07631438675336422+0.13218039520528813*I,-0.0013153431510357593-0.0022782411669816783*I,-0.14915565360952812+0.*I,0.05644410832074558-0.09776406339945258*I,-0.028315386181329817-0.049043687501996946*I,0.16098970669020018+0.*I,-0.047140958780265425+0.0816505357249299*I,0.032726537157273826+0.05668402511218897*I,-0.16256041052418876+0.*I,0.0584189620554213-0.10118461040542805*I,-0.011776048808430925-0.020396714848613298*I,0.1448295372445041-9.972839491647662*^-18*I,-0.08187442308623613+0.1418106606257512*I,-0.038598343220274035-0.06685429154549635*I,-0.053978253635965964+0.*I,0.0776068508113825-0.13441900862073242*I,0.09053199222972608+0.1568060102523163*I,-0.1293036725330169+2.911564274915569*^-17*I,0.014707355934444145-0.02547388772345693*I,-0.03960246034537258-0.06859347342291693*I,0.16527100248880944+0.*I,-0.1068191046631682+0.18501611649562494*I,-0.11213552306076298-0.194224423274553*I,0.20647940355490352+0.*I,-0.08630575610908249+0.14948595456657893*I,-0.06680151375464274-0.11570361584555243*I,0.09694405649047586-1.3350971541344578*^-17*I,-0.033259250717998165+0.057606712065244495*I,-0.021718233916347182-0.03761708459377892*I,0.027126763390655683+0.*I,-0.008133005576000345+0.014086778875873576*I,-0.0046975694878076376-0.008136429024968138*I,0.0052412557525243495+0.*I,-0.0014152861013392488+0.0024513474347656536*I,-0.000741396444802194-0.0012841363109483343*I,0.0007547553105486255-3.668328259719217*^-20*I,-0.00018693266015283363+0.00032377686497871426*I,-0.00009023369344167603-0.0001562893415955773*I,0.00008499381695895149-3.8276555676824664*^-20*I,-0.000019549254577623642+0.000033860302178542637*I,-8.79270959594542*^-6-0.000015229419756375852*I,7.740385244336418*^-6-6.151038287448291*^-21*I,-1.668493946252265*^-6+2.8899162870300256*^-6*I,-7.050746356615951*^-7-1.2212250920939948*^-6*I,5.84527414086456*^-7+0.*I,-1.1891388975260378*^-7+2.0596489877715382*^-7*I,-4.7520041044181385*^-8-8.230712546628053*^-8*I,3.7324012715674966*^-8-4.310677177179452*^-24*I,-7.206292653221471*^-9+1.2481665009589916*^-8*I,-2.7375227314955225*^-9-4.741528457824979*^-9*I,2.0470712067700812*^-9+0.*I,-3.7682760385434215*^-10+6.526845555701583*^-10*I,-1.3666623936504808*^-10-2.36712870259633*^-10*I,9.769285800056986*^-11-6.149255973361994*^-27*I,-1.7211650721495795*^-11+2.9811453531760246*^-11*I,-5.981181850638249*^-12-1.0359710854614288*^-11*I,4.101144950618265*^-12-1.12960549630008*^-27*I
-4.906906357842708*^-14-8.499011119766328*^-14*I,-1.7976848309795267*^-12-8.737266204536244*^-29*I,-1.1285365188665905*^-11+1.9546825888738475*^-11*I,1.1200851149486334*^-10+1.940044327892659*^-10*I,1.8617706420419816*^-9+0.*I,6.6809877494627146*^-9-1.1571810226814671*^-8*I,-4.21949247106244*^-8-7.308375342034497*^-8*I,-4.748301619274809*^-7+0.*I,-1.200078178522795*^-6+2.078596378256195*^-6*I,5.480545946749023*^-6+9.492584032984983*^-6*I,0.000045392968616788646+6.251442884891375*^-21*I,0.0000854171470732089-0.00014794683856838103*I,-0.0002923689255865546-0.0005063978336702369*I,-0.0018194705331037854+0.*I,-0.0025687691999034066+0.004449238767150754*I,0.006560574196729761+0.011363247835561323*I,0.03015546448074346+0.*I,0.030943429954118338-0.05359559284098159*I,-0.05605634750064674-0.09709244195785688*I,-0.17607480389248026-3.964721950145751*^-17*I,-0.11624428531564947+0.20134100825623755*I,0.12141082196263461+0.21028971222798246*I,0.16972258105404386+0.*I,0.007930465669804368-0.013735969467781913*I,0.07230707350802287+0.1252395250625132*I,0.19325034726500465+1.3307055533329734*^-17*I,0.035917656715697556-0.06221120632040565*I,0.059359876525331666+0.10281432207288957*I,0.1742525857353729+0.*I,0.008254396318898443-0.01429703381014161*I,0.08022432449234781+0.1389526060236387*I,0.10559943702545527+0.*I,-0.054752499588975795+0.09483411112950016*I,0.07187944654767157+0.12449885344049849*I,-0.0689491355136203+0.*I,-0.0770915887897052+0.1335265486199767*I,-0.02673680980263901-0.04630951301047637*I,-0.15259050824606815+0.*I,0.031949360576200216-0.05533791578731684*I,-0.07041472359944839-0.12196187887516387*I,0.09569930392694705+0.*I,0.05481815099625407-0.09494782270249452*I,0.0682430522871173+0.11820043382486664*I,0.04620471997436972+0.*I,-0.07962918854181218+0.13792180031990015*I,-0.024642348604117133-0.04268179980015488*I,-0.12476238190623076+0.*I,0.07001035788563412-0.12126149691399869*I,-0.005926294018862973-0.01026464234126222*I,0.14879362638675775+0.*I,-0.06290662974685647+0.10895747885447914*I,0.011616997866179738+0.020121230535642534*I,-0.14892695520220695+0.*I,0.07091607618908095-0.1228302470329137*I,0.008890421066065328+0.01539866098710581*I,0.1187842989240908-8.179386400289052*^-18*I,-0.08484334334074112+0.14695298135017418*I,-0.05448912484408012-0.09437793268991035*I,-0.01661559180461105+0.*I,0.06603278315294724-0.11437213538608282*I,0.09072548199485343+0.15714114435626145*I,-0.1505091749239547+3.389054062974961*^-17*I,0.030655291884951228-0.05309652306558948*I,-0.023941758340475926-0.04146834186824017*I,0.14245834312512293+0.*I,-0.10121356567891172+0.1753070381710847*I,-0.11185906181101397-0.19374557834366374*I,0.21342330673654758+0.*I,-0.09170573520379484+0.1588389927184305*I,-0.07262702946394492-0.12579370503435444*I,0.10750994882476712-1.4806088368211548*^-17*I,-0.03754105463562851+0.06502301399862771*I,-0.024910124492875624-0.043145601244526495*I,0.03157583840454627+0.*I,-0.009597768756722374+0.016623823125940324*I,-0.005615516266933179-0.00972635948505778*I,0.006342233485220998+0.*I,-0.0017325235004936996+0.0030008187281621705*I,-0.0009176685589330595-0.0015894485685805735*I,0.0009441526833413665-4.588854058242138*^-20*I,-0.00023623527853407553+0.0004091715049612046*I,-0.00011515776517860357-0.00019945910017542725*I,0.00010950493528285414-4.931501963567016*^-20*I,-0.00002541958631639389+0.00004402801500737686*I,-0.000011535439824262494-0.000019979967863276005*I,0.000010243255853846427-8.139990059440476*^-21*I,-2.2267082385195304*^-6+3.856771802748035*^-6*I,-9.487319736388789*^-7-1.6432519811076312*^-6*I,7.928591750649109*^-7+0.*I,-1.625642873433578*^-7+2.815696051749219*^-7*I,-6.546278690262484*^-8-1.1338487292040066*^-7*I,5.1803537699459955*^-8-5.982966766176096*^-24*I,-1.0075550076284316*^-8+1.745136464632891*^-8*I,-3.855107162398776*^-9-6.677241473897364*^-9*I,2.903173191582721*^-9+0.*I,-5.381290759041386*^-10+9.32066900496057*^-10*I,-1.9649613906413547*^-10-3.403412963502022*^-10*I,1.4140099181016851*^-10-8.900455072395539*^-27*I,-2.5076055435922732*^-11+4.3433002068431915*^-11*I,-8.770475269060308*^-12-1.519090877253877*^-11*I
1.5108003401054613*^-14-2.616782949154996*^-14*I,-2.8441026218448663*^-13-4.926130242975167*^-13*I,-7.346403863020728*^-12-3.5705639326261045*^-28*I,-3.7539297350039863*^-11+6.501997029070475*^-11*I,3.2159831783520084*^-10+5.570246261192521*^-10*I,4.764212387638212*^-9+0.*I,1.554729198062398*^-8-2.6928699630548894*^-8*I,-9.053316901640421*^-8-1.5680804850663253*^-7*I,-9.487353486311922*^-7+0.*I,-2.2496819171652546*^-6+3.896563381399179*^-6*I,9.694729132649562*^-6+0.0000167917634233672*I,0.00007611080691398507+1.0481851635713402*^-20*I,0.00013622906827696828-0.0002359556677234786*I,-0.0004447315416693388-0.0007702976258997301*I,-0.00264501550630166+0.*I,-0.003573694066487797+0.006189819693864295*I,0.00874068095566116+0.015139303507954822*I,0.038472242836377714+0.*I,0.03776211782723289-0.06540590667816976*I,-0.0652661823523176-0.11304434385026942*I,-0.19455749654264506-4.380901526257354*^-17*I,-0.12057498574159338+0.2088420014263326*I,0.11506400656585168+0.19929670549449402*I,0.13200280045831883+0.*I,-0.016195279284968545+0.028051046564333285*I,0.08621251795571722+0.14932446134774632*I,0.1760092043765436+1.2119845010182742*^-17*I,0.010870805427551042-0.018828787319713918*I,0.07588018221657358+0.13142833088668984*I,0.1516330973861452+0.*I,-0.017639677134164953+0.030552817025484652*I,0.08601479988505874+0.1489820036037914*I,0.0595762728589879+0.*I,-0.07125235513081317+0.12341269924550936*I,0.054841955291707115+0.09498905295165759*I,-0.1111764836788275+0.*I,-0.06400603370112641+0.11086170236131677*I,-0.04888985826374206-0.08467971848764237*I,-0.12722794630422235+0.*I,0.052840540660522364-0.09152250112343385*I,-0.05481815099625407-0.09494782270249452*I,0.12945551410476008+0.*I,0.03447110433914806-0.05970570410841242*I,0.07700074565931941+0.13336920370262992*I,-0.0011691853698233485+0.*I,-0.07583595885369743+0.1313517337753068*I,-0.045308426881527405-0.07847649736982497*I,-0.09046841230644977+0.*I,0.07757611887682547-0.1343657793486648*I,0.016427509613113088+0.028453281291738023*I,0.12557809603265951+0.*I,-0.07373678772460604+0.12771586272593877*I,-0.009843867620357894-0.017050078861442004*I,-0.12565523546997245+0.*I,0.07864869457813439-0.13622353495829564*I,0.028583430057351672+0.04950795311392448*I,0.08657762214140342-5.96166186547352*^-18*I,-0.08326080181837006+0.14421193902834012*I,-0.06736639894777591-0.11668202570050243*I,0.020730060807214276+0.*I,0.05194725641260175-0.0899752874204344*I,0.08749262424313495+0.15154167047664216*I,-0.16620607652748792+3.74250526076706*^-17*I,0.04537150909006978-0.0785857589600741*I,-0.007981658236204565-0.013824637593756881*I,0.11704534578852985+0.*I,-0.09397530795752834+0.16277000803937092*I,-0.11013788254584869-0.19076440840746342*I,0.2183844210741432+0.*I,-0.09660638563561505+0.16732716825647742*I,-0.07834687059909624-0.13570076049165897*I,0.1183597905882655-1.6300310230351077*^-17*I,-0.042078947517804936+0.07288287502986246*I,-0.028377820768184528-0.049151827378578865*I,0.03651063218666568+0.*I,-0.01125204885882484+0.019489120312732023*I,-0.00666911299674126-0.011551242551773798*I,0.0076246560716006296+0.*I,-0.0021071077655554177+0.003649617706964914*I,-0.0011284694281869414-0.001954566384407981*I,0.0011733794698348691-5.702962282492339*^-20*I,-0.00029658754121461334+0.0005137046902756391*I,-0.00014599979166059416-0.0002528790570506197*I,0.00014015178497864492-6.311668063492555*^-20*I,-0.000032832804742866746+0.00005686808596963368*I,-0.00001503240235312322-0.000026036884635427316*I,0.00001346409117550936-1.0699485582691135*^-20*I,-2.95152021010297*^-6+5.112182963464724*^-6*I,-1.2678723003844876*^-6-2.1960192417751563*^-6*I,1.0680466987053228*^-6+0.*I,-2.2069882683839211*^-7+3.822615812549409*^-7*I,-8.955167517298646*^-8-1.5510805130251696*^-7*I,7.13955680002463*^-8-8.24571698318959*^-24*I,-1.398767791814819*^-8+2.422736883414192*^-8*I,-5.3903193178598235*^-9-9.336306927553226*^-9*I,4.0878195144489654*^-9+0.*I,-7.629368473050814*^-10+1.3214453824988195*^-9*I,-2.804690677513536*^-10-4.857866752968221*^-10*I,2.03170316708628*^-10-1.2788511966996517*^-26*I,-3.626555125918502*^-11+6.281377734540193*^-11*I
9.19186540822154*^-15+4.1395122687758716*^-30*I,8.885028696190949*^-14-1.5389321128510167*^-13*I,-1.179470415944935*^-12-2.0429026864410263*^-12*I,-2.4802705490968977*^-11-1.2054829452459054*^-27*I,-1.0941674879407958*^-10+1.895153681103465*^-10*I,8.356109750607147*^-10+1.447320664167328*^-9*I,1.1259836144412906*^-8+0.*I,3.3887813210795976*^-8-5.8695414238502445*^-8*I,-1.8381701206557446*^-7-3.1838040419307624*^-7*I,-1.8079088561028135*^-6+0.*I,-4.046919072496751*^-6+7.009469447683889*^-6*I,0.00001653808619026099+0.00002864480554148525*I,0.00012356611060491065+1.701731581990149*^-20*I,0.00021108048999409257-0.0003656021331563023*I,-0.0006590795677711228-0.0011415592976101198*I,-0.003754971506292532+0.*I,-0.004864692178340828+0.008425894016069232*I,0.011412627516650484+0.019767250706697263*I,0.0481608577452923+0.*I,0.04525283506190735-0.07838020951375774*I,-0.07463064253609297-0.12926406467402418*I,-0.2109319925861265-4.7496102935027177*^-17*I,-0.12226883324450029+0.211775831361641*I,0.10522681272824895+0.18225818596386262*I,0.08993136252910838+0.*I,-0.038721222695263895+0.06706712503938618*I,0.09460310112881529+0.1638573777086847*I,0.14773522601939598+1.0172922764134805*^-17*I,-0.014207168072084487+0.024607536932520706*I,0.08611634513298311+0.14915788513246356*I,0.11742119554163849+0.*I,-0.041320828802494554+0.07156977489677598*I,0.08414157766983787+0.14573748755316213*I,0.009458052414571913+0.*I,-0.08079147320867028+0.13993493641575666*I,0.03315339626917918+0.057423366781682805*I,-0.14187135560871716+0.*I,-0.04520291632548347+0.07829374772602203*I,-0.06585523049430632-0.11406460516029782*I,-0.09045118569848899+0.*I,0.0682430522871173-0.11820043382486664*I,-0.03447110433914806-0.05970570410841242*I,0.1504280902385524+0.*I,0.011455035877161894-0.019840704141768722*I,0.07863493971180481+0.13619971083096147*I,-0.047349602954507984+0.*I,-0.06558202141846622+0.11359139315985381*I,-0.06169001997430602-0.10685024891543693*I,-0.049516688444892036+0.*I,0.0787944518259891-0.13647599391715143*I,0.03702463531243652+0.06412854949284885*I,0.09351809834579644+0.*I,-0.07905216777848216+0.13692237104079044*I,-0.030170548830494467-0.05225692346665416*I,-0.09462896596160608+0.*I,0.08130595589990218-0.1408260465765851*I,0.04617398209544329+0.07997568297708342*I,0.05020314518793811-3.456946134474993*^-18*I,-0.07734983392735645+0.13397384231919626*I,-0.07669134681034291-0.1328333091763993*I,0.05638240941879776+0.*I,0.03598840761069755-0.06233375046522662*I,0.08102192174289836+0.14033408498556943*I,-0.17595554478280584+3.962036561893553*^-17*I,0.058435868443558296-0.10121389312865392*I,0.007873450241921326+0.013637215849873187*I,0.0895485572752489+0.*I,-0.08518887148720537+0.14755145365529537*I,-0.10692459180954324-0.18519882559269193*I,0.22113570017648596+0.*I,-0.10088478468000418+0.17473757277641355*I,-0.08386245005558761-0.14525402434348517*I,0.1293680761960296-1.7816352710817024*^-17*I,-0.04684287499435058+0.08113423946281291*I,-0.03211443853272514-0.05562383919522765*I,0.04194352169208117+0.*I,-0.013107313414776793+0.022702532785122517*I,-0.00787029179664521-0.013631745262182046*I,0.009108668607385966+0.*I,-0.00254656607876775+0.004410781833257191*I,-0.0013789617252866371-0.002388431769889292*I,0.001449060521486319-7.042851619219271*^-20*I,-0.00037000083988106535+0.0006408602535171626*I,-0.00018392473996219123-0.00031856699438340873*I,0.0001782287373797678-8.026445256390332*^-20*I,-0.00004213523008109813+0.00007298035928906654*I,-0.00001946269910689639-0.000033710383705569895*I,0.00001758240173706023-1.3972176171604292*^-20*I,-3.886613689464694*^-6+6.731812379545593*^-6*I,-1.6831825691752033*^-6-2.915357728225762*^-6*I,1.4291848296296791*^-6+0.*I,-2.976177946798902*^-7+5.15489141622172*^-7*I,-1.2167933393985667*^-7-2.1075478861497176*^-7*I,9.772975711290303*^-8-1.12871420532165*^-23*I,-1.928617361185352*^-8+3.3404632579324454*^-8*I,-7.48507300365774*^-9-1.2964526740697389*^-8*I,5.7160235314002895*^-9+0.*I,-1.0741239532594564*^-9+1.8604372606721165*^-9*I,-3.975208475827816*^-10-6.885263050812214*^-10*I,2.8986283715112406*^-10-1.8245354054405976*^-26*I
1.3817537926448594*^-15+2.3932677724118905*^-15*I,5.482690674860504*^-14+2.4691033110850702*^-29*I,3.7376629380599126*^-13-6.473822110286928*^-13*I,-4.039970352164391*^-12-6.997433911020661*^-12*I,-7.335640846744179*^-11-3.565332796625433*^-27*I,-2.8853480956050385*^-10+4.997569499110029*^-10*I,2.004755686375614*^-9+3.472338705565181*^-9*I,2.4919588007514812*^-8+0.*I,6.988091724801886*^-8-1.2103729915308498*^-7*I,-3.558667627805895*^-7-6.16379313861042*^-7*I,-3.3052399530163652*^-6+0.*I,-7.018980394023151*^-6+0.000012157230659777915*I,0.000027311479563889813+0.000047304870234536253*I,0.0001948632351548886+2.683623525969172*^-20*I,0.0003185923332678141-0.0005518181081217704*I,-0.0009537291174913311-0.0016519072881528128*I,-0.005215622238281485+0.*I,-0.006489934627019023+0.01124089651179752*I,0.014623642510890083+0.025328891820585734*I,0.05922403378189424+0.*I,0.0532996628494461-0.0923177240815319*I,-0.08386264262593876-0.1452543578851175*I,-0.22439533153232205-5.0527677826050723*^-17*I,-0.12105835722258604+0.20967922539034167*I,0.09213242374143+0.15957803894462186*I,0.04528917523110488+0.*I,-0.05855150596368336+0.10141418318877171*I,0.09717213040272506+0.1683070669372282*I,0.11067174861711886+7.620763044731667*^-18*I,-0.037557980252383175+0.06505233002679621*I,0.08958148983849641+0.15515969181799089*I,0.07485355752840836+0.*I,-0.06094283694866238+0.10555608995246903*I,0.07513295295362928+0.1301340918383681*I,-0.040169230536529994+0.*I,-0.08285703096835521+0.1435125874014991*I,0.009008468097787166+0.015603124443730732*I,-0.15878190605033624+0.*I,-0.02269446550599345+0.03930796730699998*I,-0.07631438675336422-0.13218039520528813*I,-0.04620471997436972+0.*I,0.07700074565931941-0.13336920370262992*I,-0.011455035877161894-0.019840704141768722*I,0.15731593663978205+0.*I,-0.012053897347815506+0.0208779626356362*I,0.07332511548512748+0.12700282549109623*I,-0.08840757499844172+0.*I,-0.05001760447565374+0.08663303222471673*I,-0.07262156493717217-0.12578424019634474*I,-0.005479924092279977+0.*I,0.07383489367490985-0.1278857872163898*I,0.05437993347588619+0.0941888076924505*I,0.05530663862381871+0.*I,-0.07869353094220422+0.1363011938188913*I,-0.04803501547494754-0.08319908734496637*I,-0.05813274573539056+0.*I,0.07890386108896948-0.13666549631945213*I,0.06070861916631618+0.10515041285340936*I,0.011795652295683386-8.122386447009079*^-19*I,-0.06754776091407542+0.1169961538406938*I,-0.08211596129614199-0.14222901707727742*I,0.0887939964344991+0.*I,0.018854973131881426-0.032657771439764706*I,0.07162028332373166+0.12404996956918116*I,-0.17952660459076075+4.042447040240744*^-17*I,0.06947876409906624-0.12034074946667532*I,0.023215707476769185+0.040210784883420836*I,0.0605558255276017+0.*I,-0.07498145647539008+0.12987169224089*I,-0.10220463862778147-0.17702362687253417*I,0.22148440723180515+0.*I,-0.10442150472128545+0.1808633515800598*I,-0.08907037887152544-0.1542744216548915*I,0.140393574113832-1.9334765641517887*^-17*I,-0.05179535260709298+0.08971218231143016*I,-0.03610768090098782-0.06254033786399528*I,0.04788053554646545+0.*I,-0.015173627025562854+0.026281492943375073*I,-0.009230704873466385-0.015988049830517423*I,0.01081499055674685+0.*I,-0.0030589064718899305+0.005298181424914619*I,-0.0016747793104445268-0.0029008028571550905*I,0.0017785765580385427-8.644394492811702*^-20*I,-0.000458756124543012+0.0007945889159918932*I,-0.00023027457253262513-0.00039884725931771094*I,0.00022524811677539366-1.0143940337468543*^-19*I,-0.00005373680998725335+0.00009307488513459756*I,-0.000025040927231365352-0.00004337215823335976*I,0.000022815742135866372-1.8130945554285863*^-20*I,-5.085505270995724*^-6+8.808353511523947*^-6*I,-2.220268007217159*^-6-3.845616994919813*^-6*I,1.9001416992922325*^-6+0.*I,-3.987474456519424*^-7+6.906508352574738*^-7*I,-1.642557715524476*^-7-2.844993417652658*^-7*I,1.3289956679568871*^-7-1.534902299512442*^-23*I,-2.641606694126441*^-8+4.5753970078410546*^-8*I,-1.0324754053636718*^-8-1.7882998596551515*^-8*I,7.93924123388984*^-9+0.*I,-1.502047219037767*^-9+2.6016220987409507*^-9*I,-5.596017162713636*^-10-9.692586045847447*^-10*I
-4.10672440647274*^-16+7.113055324693914*^-16*I,8.355887394133143*^-15+1.4472821508962924*^-14*I,2.3386405136334086*^-13+1.0531954797535345*^-28*I,1.2983202102524862*^-12-2.2487565686508115*^-12*I,-1.211926302788714*^-11-2.0991179314591578*^-11*I,-1.9623988474104877*^-10-9.537823779687777*^-27*I,-7.023840026037273*^-10+1.2165647789332464*^-9*I,4.502808861411033*^-9+7.799093724735275*^-9*I,5.216450405581206*^-8+0.*I,1.3737235406485356*^-7-2.3793589679566743*^-7*I,-6.608296753330984*^-7-1.144590572826172*^-6*I,-5.82485648436151*^-6+0.*I,-0.000011782815395543732+0.00002040843492128652*I,0.00004380310376019362+0.0000758692012418667*I,0.00029929598727786844+4.1218537301232296*^-20*I,0.00046947664082743515-0.0008131573948798828*I,-0.001350190474451511-0.0023385985016455457*I,-0.007099694663971127+0.*I,-0.008497283699137156+0.014717727093232368*I,0.01841063324332545+0.03188815217695627*I,0.07161132871463703+0.*I,0.06174693442642045-0.10694882763818395*I,-0.09264622488058184-0.16046796862261975*I,-0.23419730995533894-5.2734814687740545*^-17*I,-0.1167902928544271+0.20228672105471607*I,0.07617764816593282+0.13194355702450175*I,9.761453935555316*^-6+0.*I,-0.07474691714519463+0.12946545820461833*I,0.0939629750825948+0.1627486468733826*I,0.06752292016788605+4.649571196963967*^-18*I,-0.057637086607704474+0.09983036240479186*I,0.0863158503609685+0.14950343832370988*I,0.02760956407162997+0.*I,-0.0751083858276552+0.13009154032798495*I,0.06007618385037061+0.10405500275369077*I,-0.08507828093208039+0.*I,-0.07762442034923903+0.13444943995296546*I,-0.015335001424290791-0.026561001601012747*I,-0.16104935087751157+0.*I,0.0013153431510357593-0.0022782411669816783*I,-0.07962918854181218-0.13792180031990015*I,0.0011691853698233485+0.*I,0.07863493971180481-0.13619971083096147*I,0.012053897347815506+0.0208779626356362*I,0.15015083462307072+0.*I,-0.03398313555208097+0.05886051737670447*I,0.06183522431255471+0.10710175020676306*I,-0.12110334202803984+0.*I,-0.030657755379960246+0.05310078996410923*I,-0.07745113680123496-0.1341493040437066*I,0.03804746797338065+0.*I,0.06332913221834066-0.10968927460141316*I,0.06733609130593389+0.11662953132497444*I,0.013922856039614132+0.*I,-0.07290200100960928+0.1262699697220809*I,-0.062343625995819295-0.1079823277528308*I,-0.01868038952972454+0.*I,0.07176355545570476-0.12429812418106737*I,0.07145373908420895+0.12376150648461993*I,-0.02649279082733494+1.824271178611619*^-18*I,-0.054473023012546244+0.09435004349959877*I,-0.08349129484295133-0.14461116465770507*I,0.11661084462362521+0.*I,0.00127526111402416-0.0022088170424067323*I,0.05969866993612487+0.10340112947365289*I,-0.17690250882567465+3.983359596443422*^-17*I,0.07819379612780668-0.13543562773004383*I,0.03764684183774603+0.06520624280748574*I,0.030710140198456172+0.*I,-0.06352073445581889+0.11002113941156932*I,-0.09599818070596583-0.16627372641691113*I,0.21927895790201707+0.*I,-0.10710374036810281+0.18550911999821987*I,-0.09386446955280764-0.16257803029096474*I,0.15128101421807427-2.0834165483571257*^-17*I,-0.05689150146546075+0.09853897105705729*I,-0.0403394785873014-0.06987002646404282*I,0.05432045681301227+0.*I,-0.017459277210386506+0.03024035519181884*I,-0.010761476397565875-0.01863942388503739*I,0.012764648926176207+0.*I,-0.0036525646639218624+0.006326427575843408*I,-0.0020220198371922542-0.003502241091929134*I,0.002170090411353819-1.0547264617891086*^-19*I,-0.0005654225380637154+0.0009793405636709033*I,-0.0002865852010685757-0.000496380128948115*I,0.0002829659195739371-1.2743233758341033*^-19*I,-0.00006811986087979118+0.00011798706004832201*I,-0.00003202267401993995-0.0000554648983967518*I,0.00002942620918764602-2.3384073744922567*^-20*I,-6.61337043747805*^-6+0.000011454693606986022*I,-2.910634661849924*^-6-5.041367116595115*^-6*I,2.5105760953423325*^-6+0.*I,-5.308943902943986*^-7+9.195360574431999*^-7*I,-2.203316336297559*^-7-3.816255839613886*^-7*I,1.795782761543214*^-7-2.0740105905348215*^-23*I,-3.5950486204318426*^-8+6.226806866268351*^-8*I,-1.4150082297113058*^-8-2.4508661469880743*^-8*I,1.0955713485829963*^-8+0.*I,-2.086751037118543*^-9+3.614358819036364*^-9*I
-2.4138513966501204*^-16-1.918211031145945*^-31*I,-2.516932120235267*^-15+4.359454311449533*^-15*I,3.6126741932507294*^-14+6.257335253903174*^-14*I,8.235103840343704*^-13+3.7086393096286347*^-28*I,3.948815875717432*^-12-6.839549726477175*^-12*I,-3.287623525634896*^-11-5.6943309825583666*^-11*I,-4.845041016278764*^-10-2.3548295230403764*^-26*I,-1.6003549899130623*^-9+2.7718961526758022*^-9*I,9.563866901971836*^-9+1.6565103391041577*^-8*I,1.0407342863076141*^-7+0.*I,2.589692564453652*^-7-4.4854790976170657*^-7*I,-1.1826567999930282*^-6-2.048421665504748*^-6*I,-9.933648841594391*^-6+0.*I,-0.000019206372078568275+0.00003326641226915252*I,0.00006841226967369481+0.00011849352693594292*I,0.0004487477045144341+6.180077509758955*^-20*I,0.0006767494126610411-0.0011721643667213196*I,-0.0018731411058554547-0.0032443755650874008*I,-0.009484776492616443+0.*I,-0.01093212152431914+0.018934989914638073*I,0.02279668622602188+0.0394850187876755*I,0.08521347766685512+0.*I,0.07040163024668177-0.1219392005229305*I,-0.10064880869353368-0.17432885037848062*I,-0.23968055739966998-5.39694917125064*^-17*I,-0.10943820224362115+0.18955252657495003*I,0.05790535598449514+0.10029501859550813*I,-0.043927198606165195+0.*I,-0.08657595271219973+0.1499539488112105*I,0.08535309606379785+0.14783589896580504*I,0.02125429370267084+1.4635526953816699*^-18*I,-0.073205771076067+0.12679611491100423*I,0.07684500503120636+0.13309945302193543*I,-0.020503805813089665+0.*I,-0.08294203237614624+0.14365981415850798*I,0.040480381279558726+0.07011407708595578*I,-0.12172242710646569+0.*I,-0.0658802789802167+0.11410799041054727*I,-0.03775729974991816-0.06539756152346593*I,-0.14915565360952812+0.*I,0.024642348604117133-0.04268179980015488*I,-0.07583595885369743-0.1313517337753068*I,0.047349602954507984+0.*I,0.07332511548512748-0.12700282549109623*I,0.03398313555208097+0.05886051737670447*I,0.13017621955378333+0.*I,-0.05253141224917878+0.09098707500892372*I,0.045398865185046634+0.0786331411064706*I,-0.14309501618794135+0.*I,-0.00922919504746705+0.015985434735175986*I,-0.07604977922989481-0.13172208153057413*I,0.07772823432044675+0.*I,0.04828736013196356-0.08363616111193668*I,0.07512270486554283+0.1301163416291219*I,-0.027598629938553408+0.*I,-0.06227401933983015+0.10786176548811272*I,-0.07229221726454577-0.12521379329400117*I,0.021157114019372276+0.*I,0.06047307342980954-0.10474243567027362*I,0.07792423344981943+0.13496873147594546*I,-0.06260940556750912+4.311230735606966*^-18*I,-0.038884763847781015+0.06735038662467419*I,-0.08086567539316016-0.14006345836932574*I,0.13872538533844528+0.*I,-0.016024011209556613+0.027754401556005278*I,0.0457539227229709+0.07924811880176573*I,-0.16827881029405498+3.7891775436800374*^-17*I,0.0843480626471683-0.14609513002489827*I,0.05079093421408118+0.08797247862267692*I,0.0006914708867079602+0.*I,-0.05101135895747504+0.08835426547748054*I,-0.08836099553595227-0.1530457336756361*I,0.21441491932941956+0.*I,-0.10882843291365613+0.1884963751145535*I,-0.09813794428650868-0.16997990565459686*I,0.16186325000883814-2.2291533103629187*^-17*I,-0.062079261395037624+0.10752443483255436*I,-0.044785725794373725-0.07757115252970331*I,0.061253986676946835+0.*I,-0.019970393260551094+0.03458973577440558*I,-0.012472933141508217-0.02160375392050192*I,0.014978668343833506+0.*I,-0.004336334866041017+0.007510752306615424*I,-0.0024272276598094004-0.004204081628326388*I,0.00263256376026218-1.2795018335495738*^-19*I,-0.0006928743921627231+0.0012000936504892408*I,-0.0003546033713268192-0.000614191055673263*I,0.00035340863744813046-1.5915587594433158*^-19*I,-0.00008584846982828948+0.00014869391149464133*I,-0.000040710567266301506-0.0000705127709101845*I,0.00003772773575703678-2.9981033219252897*^-20*I,-8.549127426720321*^-6+0.000014807523063460206*I,-3.79282717401292*^-6-6.569369369718245*^-6*I,3.2971313128376455*^-6+0.*I,-7.025477857470922*^-7+1.2168484596589775*^-6*I,-2.937463017840626*^-7-5.087835192254566*^-7*I,2.4115987562151153*^-7-2.78523742828032*^-23*I,-4.8623252813543745*^-8+8.421794430232411*^-8*I,-1.927180699582727*^-8-3.337974887043416*^-8*I,1.5023398161108604*^-8+0.*I
-3.508268717032383*^-17-6.076499664504583*^-17*I,-1.4988244022393394*^-15-1.1910681436795003*^-30*I,-1.1026069416399097*^-14+1.909771243698452*^-14*I,1.2891415536234754*^-13+2.2328586690241399*^-13*I,2.538508574677888*^-12+1.1432050973976363*^-27*I,1.085828771846802*^-11-1.8807106011587735*^-11*I,-8.229086731110204*^-11-1.4253196318173773*^-10*I,-1.1193788090242166*^-9-5.440503512972405*^-26*I,-3.4474008484937332*^-9+5.971073423647203*^-9*I,1.9356279104600037*^-8+3.352605885465108*^-8*I,1.9907787038091152*^-7+0.*I,4.7041089904717647*^-7-8.147755775838638*^-7*I,-2.0477936922780234*^-6-3.5468827184446026*^-6*I,-0.000016446566001192524+0.*I,-0.000030481667919137965+0.00005279579753538925*I,0.00010428672454058208+0.00018062990545922826*I,0.0006580894276132006+9.063096323586137*^-20*I,0.0009558897651545735-0.0016556496396828034*I,-0.002550239176588873-0.004417143825304546*I,-0.012451176341520223+0.*I,-0.013834924958666714+0.023962792947313502*I,0.027787744478167016+0.048129785263926785*I,0.09985900441304124+0.*I,0.07903787487189858-0.13689761500039965*I,-0.10753510098102785-0.18625625849619024*I,-0.24031742908870796-5.411289775977351*^-17*I,-0.0991084894257683+0.17166093914683345*I,0.037978743836077376+0.06578111393172935*I,-0.08460300630407148+0.*I,-0.09355151607878011+0.1620359789735439*I,0.07201792218853457+0.12473870028608389*I,-0.02511051047645129-1.7290885222688833*^-18*I,-0.08339499408597142+0.14444436685380851*I,0.06210691284508183+0.10757232854893388*I,-0.06584653966666582+0.*I,-0.08411530171623897+0.14569197626651142*I,0.01812001754630455+0.03138479102423902*I,-0.14746720405161595+0.*I,-0.04890292123348864+0.0847023442149412*I,-0.05644410832074558-0.09776406339945258*I,-0.12476238190623076+0.*I,0.045308426881527405-0.07847649736982497*I,-0.06558202141846622-0.11359139315985381*I,0.08840757499844172+0.*I,0.06183522431255471-0.10710175020676306*I,0.05253141224917878+0.09098707500892372*I,0.09963675709787799+0.*I,-0.06629579189592955+0.11482767989176301*I,0.025578002690568837+0.04430240021619866*I,-0.15305291352515868+0.*I,0.01248390452528721-0.021622756914636474*I,-0.06877937649358759-0.11912937459980226*I,0.11071429713131604+0.*I,0.02999482011164327-0.05195255239725493*I,0.0773822395127204+0.13402997043949566*I,-0.06638135264874204+0.*I,-0.04769655922074967+0.08261286391655627*I,-0.07739802014198784-0.1340573032911622*I,0.05891339152557048+0.*I,0.0458362875790332-0.07939077891722375*I,0.0798961544534738+0.13838419884278702*I,-0.09470429128582793+6.521257432241423*^-18*I,-0.021637740291918665+0.037477665546583355*I,-0.07447361010669501-0.12899207652787079*I,0.1543158791193064+0.*I,-0.03234764677476912+0.056027767719191636*I,0.03034766933587515+0.05256370518103578*I,-0.15405343996206364+3.468861196551583*^-17*I,0.0877897267403658-0.1520562670969018*I,0.0623064339144835+0.10791790917831788*I,-0.02880277991760034+0.*I,-0.0376902737744852+0.06528146912858918*I,-0.0793843863217149-0.13749779043688604*I,0.20683995754588783+0.*I,-0.10950530202525444+0.1896687468059158*I,-0.10178579780484835-0.17629817328693007*I,0.171963868139025-2.3682573153818986*^-17*I,-0.06729978913689351+0.11656665412377158*I,-0.049416126231843036-0.08559124134678933*I,0.06866299473669785+0.*I,-0.022710566187392905+0.039335854505220307*I,-0.014374317507174286-0.02489704824655268*I,0.01747771947094107+0.*I,-0.005119283885161212+0.008866859787467818*I,-0.0028973660143822196-0.005018385145033343*I,0.0031757625856883003-1.5435121126569172*^-19*I,-0.0008443058917260647+0.0014623807015992927*I,-0.00043630315130454596-0.0007556992255618841*I,0.0004389008941681486-1.9765690156436663*^-19*I,-0.00010757851484034429+0.00018633145350627897*I,-0.000051460886264544065-0.00008913286961271353*I,0.000048094221791019955-3.821895038855459*^-20*I,-0.000010987800147724858+0.000019031428119272317*I,-4.913738358785402*^-6-8.510844492516405*^-6*I,4.304827935813513*^-6+0.*I,-9.242362678323556*^-7+1.6008241740834766*^-6*I,-3.8930484206479623*^-7-6.742957660888044*^-7*I,3.219292325498523*^-7-3.7180702031985376*^-23*I,-6.536865120276726*^-8+1.1322182510544128*^-7*I,-2.6088812169337913*^-8-4.518714818641448*^-8*I
1.0088698749748316*^-17-1.7474138816820652*^-17*I,-2.2062517025079947*^-16-3.821340043029192*^-16*I,-6.6506988249832824*^-15-5.285099102876321*^-30*I,-3.985742255287492*^-14+6.903508092032086*^-14*I,4.026065088717829*^-13+6.973349288238587*^-13*I,7.0729874792538566*^-12+3.185285809459472*^-27*I,2.754392502673711*^-11-4.770747758617658*^-11*I,-1.9270730645887667*^-10-3.337788457765208*^-10*I,-2.4445527412444895*^-9-1.1881230615738095*^-25*I,-7.07483413727509*^-9+1.2253972180883179*^-8*I,3.755271338279037*^-8+6.504320754106465*^-8*I,3.6686111270399735*^-7+0.*I,8.265767697261726*^-7-1.4316729615218911*^-6*I,-3.4417458024212294*^-6-5.961278596530482*^-6*I,-0.000026507329591183344+0.*I,-0.000047209735823555456+0.00008176966105830258*I,0.00015547023948292077+0.0002692823538493197*I,0.000945554842501058+1.302202141113459*^-19*I,0.0013249251360513115-0.0022948376518659784*I,-0.0034117566399020772-0.005909335843370874*I,-0.016079247265347162+0.*I,-0.017238679015968435+0.029858267911028784*I,0.0333696552410366+0.05779793830853247*I,0.1153134698139108+0.*I,0.08740342172946494-0.15138716719080272*I,-0.11298197311331354-0.1956905177716401*I,-0.23574160822647205-5.3082548328089924*^-17*I,-0.08603947960919048+0.14902475013990424*I,0.01714909539503934+0.029703104528053612*I,-0.12026131635979967+0.*I,-0.09545175683439247+0.16532729250887762*I,0.05487826810863317+0.09505194859553945*I,-0.06868326738308989-4.7294717252123746*^-18*I,-0.08773924842295427+0.1519688360864643*I,0.04335618425209359+0.07509511394694375*I,-0.10520013345954879+0.*I,-0.07882762477573554+0.1365334511515491*I,-0.005126304817822739-0.008879020399554103*I,-0.16072435332250334+0.*I,-0.028315386181329817+0.049043687501996946*I,-0.07001035788563412-0.12126149691399869*I,-0.09046841230644977+0.*I,0.06169001997430602-0.10685024891543693*I,-0.05001760447565374-0.08663303222471673*I,0.12110334202803984+0.*I,0.045398865185046634-0.0786331411064706*I,0.06629579189592955+0.11482767989176301*I,0.06150750721648322+0.*I,-0.07435279885769956+0.12878282530648483*I,0.004109897410325394+0.007118551128579335*I,-0.15068205502872478+0.*I,0.032783115825788085-0.0567820222406803*I,-0.05642640067579945-0.09773339285872348*I,0.1348201401351669+0.*I,0.009898234475895286-0.017144245017480533*I,0.07416468520720773+0.12845700290623574*I,-0.0998909260837029+0.*I,-0.03026886422250166+0.05242721072077671*I,-0.07750866365910723-0.13424894348434113*I,0.09236937336251967+0.*I,0.028813164102756063-0.04990586415279323*I,0.07740403842664897+0.13406772726596977*I,-0.12121655823592789+8.346869720200972*^-18*I,-0.003635158772372195+0.006296279687328351*I,-0.0647164964604569-0.11209225995736274*I,0.162871281546525+0.*I,-0.047059428911855126+0.08150932185050885*I,0.014083285531006618+0.024392966077203086*I,-0.13480940832405205+3.0355383533177803*^-17*I,0.08845262917867026-0.1532044478005064*I,0.07189700732168011+0.12452926959330139*I,-0.05707804883345177+0.*I,-0.023820957981312774+0.04125910950859708*I,-0.06919406515966686-0.11984763643877451*I,0.19655755471056585+0.*I,-0.10905969470486401+0.18889693228677495*I,-0.10470725814141726-0.18135829102216464*I,0.1814002036899593-2.4982129330400873*^-17*I,-0.07248804453295161+0.1255529760723876*I,-0.0541941618606708-0.09386704181629331*I,0.07651988137885064+0.*I,-0.025680478536831405+0.04447989358847405*I,-0.01647348734415561-0.028532917057920406*I,0.020281728298446766+0.*I,-0.006010648159346259+0.010410747998408073*I,-0.003439777553613217-0.005957869489593069*I,0.0038102495794930013-1.8518910716742748*^-19*I,-0.001023242976170031+0.0017723088232144853*I,-0.0005339016532962783-0.0009247447897541767*I,0.0005420935427766784-2.4412921333042153*^-19*I,-0.00013406824223569978+0.0002322130072336839*I,-0.00006469072903458153-0.00011204762946656616*I,0.00006096853646694537-4.844975932073503*^-20*I,-0.000014043180625991555+0.000024323502344084343*I,-6.3301075602223056*^-6-0.000010964067911680876*I,5.5886793856763325*^-6+0.*I,-1.208947186769625*^-6+2.093957951152451*^-6*I,-5.129882629560388*^-7-8.885217351263624*^-7*I,4.2726649459356805*^-7-4.9346460704758495*^-23*I,-8.736969205601915*^-8+1.5132874568267207*^-7*I
5.741637415007122*^-18+0.*I,6.423680850362462*^-17-1.112614160443501*^-16*I,-9.912892965544556*^-16-1.7169634266315335*^-15*I,-2.434616187063804*^-14-1.9347121505132092*^-29*I,-1.2607070063340127*^-13+2.1836085884285645*^-13*I,1.1362778459257205*^-12+1.9680909606582703*^-12*I,1.817636041694951*^-11+8.185636277958997*^-27*I,6.535489230563501*^-11-1.1319799399655199*^-10*I,-4.2648079871423165*^-10-7.386864118256053*^-10*I,-5.084921965304477*^-9-2.471418575410164*^-25*I,-1.3915125637793012*^-8+2.4101704598361774*^-8*I,7.017360274792702*^-8+1.2154424530956458*^-7*I,6.538484194638244*^-7+0.*I,1.4095400713516318*^-6-2.441395018885287*^-6*I,-5.630189903902537*^-6-9.751774969820526*^-6*I,-0.00004168585220601654+0.*I,-0.00007149683511771425+0.00012383615100425584*I,0.00022705583873662308+0.00039327224884699695*I,0.0013330674923006521+1.8358780101332056*^-19*I,0.0018044226808914847-0.0031253517616336942*I,-0.004490017681704551-0.007776938751594908*I,-0.020446226222190937+0.*I,-0.021166239147550406+0.036661001608710664*I,0.0395057760115186+0.06842601124438598*I,0.13128160089335011+0.*I,0.09522789684521242-0.1649395556338357*I,-0.11669354661925979-0.20211915165996555*I,-0.22577262964485573-5.083780760827618*^-17*I,-0.0705936482049933+0.1222717853826918*I,-0.003780976394140098-0.006548843216869218*I,-0.14939801726951787+0.*I,-0.0923246608047313+0.15991100330535754*I,0.03503573586933788+0.06068367460625656*I,-0.10688294550964089-7.359869265912613*^-18*I,-0.08618092484809549+0.1492697404801765*I,0.022054627083945733+0.038199734651378645*I,-0.13596803131750243+0.*I,-0.06774964964572937+0.117345835381394*I,-0.027428853598460732-0.04750816802590243*I,-0.16098970669020018+0.*I,-0.005926294018862973+0.01026464234126222*I,-0.07757611887682547-0.1343657793486648*I,-0.049516688444892036+0.*I,0.07262156493717217-0.12578424019634474*I,-0.030657755379960246-0.05310078996410923*I,0.14309501618794135+0.*I,0.025578002690568837-0.04430240021619866*I,0.07435279885769956+0.12878282530648483*I,0.019192157891327836+0.*I,-0.07629281844778826+0.1321430378041974*I,-0.017244236432678892-0.029867893639130127*I,-0.13666211944819975+0.*I,0.050178325622203236-0.08691140941639121*I,-0.040110420164429714-0.06947328563772746*I,0.14863159419096378+0.*I,-0.010508718444627477+0.01820163426853098*I,0.06589464065808166+0.11413286556629132*I,-0.1260801005861013+0.*I,-0.011217110931665738+0.01942860604778133*I,-0.07278992534758617-0.12607584898116483*I,0.11967012460702531+0.*I,0.010455509357664889-0.018109473426487426*I,0.07072429838659335+0.12249807813524125*I,-0.14093983953209285+9.70499819563207*^-18*I,0.014218069109583266-0.0246264180833238*I,-0.05213657115253846-0.09030319016862648*I,0.16420124398973374+0.*I,-0.059606055973805076+0.10324071738542479*I,-0.002418076970446558-0.004188232169425663*I,-0.11129101760357231+2.5059686598678898*^-17*I,0.08635783796719113-0.1495761629909758*I,0.07932085216800197+0.1373877460546392*I,-0.08346293008559663+0.*I,-0.009686782498935537+0.016777999450025366*I,-0.05794802892932746-0.1003689303040663*I,0.1836293527980585+0.*I,-0.10743516458114682+0.18608316357407062*I,-0.10680828357897301-0.18499737382800582*I,0.18998670633814418-2.6164647956561927*^-17*I,-0.07757356272065224+0.13436135195630072*I,-0.05907719458294377-0.10232470258629146*I,0.08478707679863291+0.*I,-0.028877553344495394+0.05001738959094658*I,-0.01877660769007188-0.03252203851299299*I,0.02340945004748158+0.*I,-0.007019713699140643+0.012158500781498861*I,-0.004062132456970063-0.007035819802546744*I,0.004547361785618997-2.210148840586225*^-19*I,-0.001233551617783996+0.0021365740757606673*I,-0.000649873580784283-0.0011256140604150944*I,0.0006659918051195831-2.9992619841135274*^-19*I,-0.00016618931898882414+0.0002878483441639149*I,-0.00008088572023866504-0.0001400981770601698*I,0.00007687241579144437-6.108806704779921*^-20*I,-0.00001785081008800833+0.000030918510028693566*I,-8.110224886540837*^-6-0.000014047321564298231*I,7.215555290937123*^-6+0.*I,-1.572616323800101*^-6+2.7238513736339635*^-6*I,-6.722020113190831*^-7-1.164288036554641*^-6*I,5.638913179026858*^-7-6.51257262451823*^-23*I
8.08535251951271*^-19+1.4004241360901046*^-18*I,3.700344814188524*^-17+0.*I,2.921637775126228*^-16-5.060425067831109*^-16*I,-3.67369797730233*^-15-6.363031548350667*^-15*I,-7.796896352832645*^-14-6.195945870346797*^-29*I,-3.602922580137098*^-13+6.240444964534592*^-13*I,2.9572027530196018*^-12+5.122025416512514*^-12*I,4.368302529746004*^-11+1.9672439828627697*^-26*I,1.4652110020142925*^-10-2.5378198992976565*^-10*I,-8.988343109781287*^-10-1.5568266942002848*^-9*I,-1.0135224922635663*^-8-4.9260113155467*^-25*I,-2.6356677248632594*^-8+4.5651104113326334*^-8*I,1.26801619232465*^-7+2.1962684699263228*^-7*I,1.1307470698925972*^-6+0.*I,2.3391133695074755*^-6-4.051463200650581*^-6*I,-8.98527649945078*^-6-0.000015562955417103374*I,-0.00006409311822429042+0.*I,-0.00010606055277736339+0.0001837022660892338*I,0.0003253386899567568+0.0005635031406730013*I,0.0018464934578508194+2.5429595685906943*^-19*I,0.0024173686145185945-0.004187005260968589*I,-0.005818636552622081-0.010078174139918865*I,-0.02562267375311408+0.*I,-0.02562776559412754+0.044388592093494494*I,0.04613531011128054+0.07990870113568406*I,0.14741240057085236+0.*I,0.10223247025852199-0.17707183267103407*I,-0.11841571156530371-0.20510202884552772*I,-0.21043195143197574-4.7383507373594755*^-17*I,-0.05324347574364056+0.0922204051595465*I,-0.02399663920017372-0.04156339830559987*I,-0.17083492036026995+0.*I,-0.08447703149925757+0.14631851062931056*I,0.013700923180804162+0.023730695059751*I,-0.13757662262733866-9.473409922929897*^-18*I,-0.07904762412931651+0.13691450120958373*I,-0.00024300168523641369-0.0004208912651543285*I,-0.15631352877650723+0.*I,-0.05193737072249036+0.08995816490289356*I,-0.047140958780265425-0.0816505357249299*I,-0.14879362638675775+0.*I,0.016427509613113088-0.028453281291738023*I,-0.0787944518259891-0.13647599391715143*I,-0.005479924092279977+0.*I,0.07745113680123496-0.1341493040437066*I,-0.00922919504746705-0.015985434735175986*I,0.15305291352515868+0.*I,0.004109897410325394-0.007118551128579335*I,0.07629281844778826+0.1321430378041974*I,-0.02378194773542379+0.*I,-0.07221073072450471+0.12507265446651714*I,-0.03683734903167147-0.06380416013900317*I,-0.11251913547183871+0.*I,0.06348291536154936-0.10995563481879825*I,-0.021176923773456865-0.03667950792364052*I,0.15154943665603848+0.*I,-0.02979281030103559+0.051602661141655064*I,0.05331596514513629+0.09234596048594743*I,-0.14348942035658396+0.*I,0.008191891464440257-0.014188772226500343*I,-0.06369500274953349-0.1103229809504313*I,0.13941129979428368+0.*I,-0.008157772808475995+0.014129676980884277*I,0.0603467205593403+0.10452358607893873*I,-0.15306536944091143+1.0539951933885555*^-17*I,0.03105938207293224-0.0537964278020126*I,-0.037385742606529514-0.06475400567320164*I,0.15843163313979017+0.*I,-0.06953670736842633+0.12044111015316354*I,-0.01854139638765912-0.032114640586699626*I,-0.0843746933073404+1.8998868162687467*^-17*I,0.0816121449863972-0.1413563816311177*I,0.08439817391521123+0.14618192528718*I,-0.10732886894349311+0.*I,0.004416317918676991-0.007649287017525386*I,-0.04583347569766561-0.07938590859583022*I,0.16817602037691323+0.*I,-0.10459570038028866+0.18116506731191134*I,-0.10800403089957178-0.18706846894029727*I,0.19753859044423203-2.720468066649723*^-17*I,-0.0824814052973803+0.14286198465474345*I,-0.06401670831698357-0.11088019133833268*I,0.09341669960110158+0.*I,-0.03229563180139977+0.05593767514256157*I,-0.02128784021934623-0.03687162084331587*I,0.026878012568865486+0.*I,-0.0081556792832622+0.014126050888847054*I,-0.004772363512236118-0.008265976075380812*I,0.0053991718413035125-2.624153068911452*^-19*I,-0.0014794418991290424+0.0025624685361376937*I,-0.0007869641551251182-0.0013630619004122188*I,0.0008139829707666656-3.665733063333855*^-19*I,-0.0002049382556876326+0.0003549634712655214*I,-0.00010060823170071735-0.00017425856896530393*I,0.00009641726834588057-7.661974054852497*^-20*I,-0.00002257129582217072+0.00003909463115666691*I,-0.000010335858277100868-0.00001790223167576998*I,9.266318726797344*^-6+0.*I,-2.0346968575249213*^-6+3.5241983352338968*^-6*I,-8.76068114344817*^-7-1.5173944849362835*^-6*I
-2.2542661504495095*^-19+3.904503506361256*^-19*I,5.272784701944095*^-18+9.13273100113909*^-18*I,1.7031626132292058*^-16+0.*I,1.0958239592451382*^-15-1.8980227735638617*^-15*I,-1.1908289093417481*^-14-2.0625761741017453*^-14*I,-2.25561141015325*^-13-1.792462740224671*^-28*I,-9.493025809279625*^-13+1.6442403019234936*^-12*I,7.196086418173792*^-12+1.2463987291933357*^-11*I,9.917590785877528*^-11+4.466339193578529*^-26*I,3.12766411127093*^-10-5.417273149731004*^-10*I,-1.8148650689792222*^-9-3.1434385083540105*^-9*I,-1.9450780616739706*^-8-9.45363977076491*^-25*I,-4.8265469288543993*^-8+8.359824505891348*^-8*I,2.2228742019118693*^-7+3.850131056545477*^-7*I,1.9026651493587059*^-6+0.*I,3.786357889616374*^-6-6.5581642404548305*^-6*I,-0.000014017697559484223-0.000024279364378160924*I,-0.00009651358614779576+0.*I,-0.00015434356977770165+0.00026733090467653147*I,0.0004579614036900776+0.0007932124190967758*I,0.002515791520183619+3.4647055431631693*^-19*I,0.0031889200678094295-0.005523371578721921*I,-0.007431558275171762-0.012871836512006424*I,-0.031668627854399355+0.*I,-0.030618359965778646+0.05303255510516148*I,0.05317251618927637+0.09209749960610535*I,0.16330718603986308+0.*I,0.10814053983415783-0.18730490935068722*I,-0.11794932761079632-0.204294228140486*I,-0.18994968189405156-4.2771461707174574*^-17*I,-0.03455174859854117+0.05984538406302002*I,-0.04271009861787552-0.07397606080243767*I,-0.1837737890360487+0.*I,-0.07244940059764644+0.12548604281303463*I,-0.007880704926547688-0.013649781332238957*I,-0.15918318210186472-1.0961219341546019*^-17*I,-0.06700638230053482+0.11605845857591025*I,-0.021999819241686404-0.038104804683932264*I,-0.16523215061734767+0.*I,-0.032726537157273826+0.05668402511218897*I,-0.06290662974685647-0.10895747885447914*I,-0.12557809603265951+0.*I,0.03702463531243652-0.06412854949284885*I,-0.07383489367490985-0.1278857872163898*I,0.03804746797338065+0.*I,0.07604977922989481-0.13172208153057413*I,0.01248390452528721+0.021622756914636474*I,0.15068205502872478+0.*I,-0.017244236432678892+0.029867893639130127*I,0.07221073072450471+0.12507265446651714*I,-0.06404789917752196+0.*I,-0.06265869192263236+0.10852803794580487*I,-0.05325252594924634-0.09223608057547472*I,-0.08044636950390727+0.*I,0.07187769023560647-0.1244958114187678*I,-0.001083898768207872-0.0018773677367973558*I,0.14377186236805686+0.*I,-0.04667496849526859+0.08084341687548187*I,0.03742000666585995+0.06481335276483549*I,-0.15130146735645095+0.*I,0.02673248466202727-0.046302021647186976*I,-0.050918892496723926-0.08819410886946348*I,0.15069293824844765+0.*I,-0.025982264432990176+0.04500260209362875*I,0.04693654668535633+0.08129648359086573*I,-0.15720212443910278+1.0824805385730708*^-17*I,0.04610798131650427-0.07986136627462193*I,-0.021191071702448983-0.036704012855476746*I,0.14598657648733868+0.*I,-0.07651763372449978+0.13253242928577944*I,-0.033700672864729775-0.05837127765096972*I,-0.055035708508904504+1.2392532988440593*^-17*I,0.07440363378562542-0.12887087398445166*I,0.08701659348894082+0.1507171610244125*I,-0.1281085892887859+0.*I,0.01818763180695507-0.03150190235900193*I,-0.03306284000827352-0.057266518736850736*I,0.15037658257683625+0.*I,-0.10052753079246196+0.17411879089198895*I,-0.10822122873026048-0.18744466661834386*I,0.2038756915451415-2.807741551498357*^-17*I,-0.0871332783468619+0.15091926512680595*I,-0.06895869577946463-0.11943996471371825*I,0.10235039559318046+0.*I,-0.0359246892713182+0.06222338706404766*I,-0.024009036749233877-0.041584871490461396*I,0.030702435295354255+0.*I,-0.009427503658467012+0.016328915325006334*I,-0.005578587770680889-0.009662397453301698*I,0.006378431321539917-3.1001013894788135*^-19*I,-0.0017654671862809943+0.0030578788657343522*I,-0.0009481999457832747-0.001642330481830685*I,0.0009898631084368215-4.457800783416439*^-19*I,-0.000251448072388404+0.0004355208368419731*I,-0.0001245060735064477-0.00021565084516407234*I,0.00012031588810088202-9.56112145501248*^-20*I,-0.000028393978322357957+0.00004917981308333342*I,-0.00001310441985907492-0.000022697520999632294*I,0.000011838264084881747+0.*I,-2.618816901447025*^-6+4.535923929026344*^-6*I
-1.2446330515919504*^-19-1.4374690444812242*^-35*I,-1.4871799018358638*^-18+2.5758711499750107*^-18*I,2.455306452905621*^-17+4.2527155245842565*^-17*I,6.463377916782718*^-16+0.*I,3.594314518981892*^-15-6.2255353652591115*^-15*I,-3.486302497102243*^-14-6.038453055535349*^-14*I,-6.014989849031571*^-13-4.779921372399064*^-28*I,-2.33826072942097*^-12+4.049986384700176*^-12*I,1.653940933683111*^-11+2.864709729857058*^-11*I,2.1434786335852425*^-10+9.653052680306606*^-26*I,6.395100148475694*^-10-1.107663837665116*^-9*I,-3.527667991594845*^-9-6.110100193676736*^-9*I,-3.6083508620568084*^-8-1.7537624781525027*^-24*I,-8.573322267277016*^-8+1.4849429756585393*^-7*I,3.7909104613979577*^-7+6.566049526085638*^-7*I,3.122401779430548*^-6+0.*I,5.990533911837539*^-6-0.000010375909099766955*I,-0.000021414973364857474-0.000037091821910667375*I,-0.0001425543078948784+0.*I,-0.0002206319659965215+0.00038214577487978417*I,0.0006340433861919201+0.001098195359087421*I,0.0033750329474972747+4.648038308316847*^-19*I,0.0041460180091179325-0.007181113840887824*I,-0.009361915916544606-0.016215314023643013*I,-0.038629611946539744+0.*I,-0.03611603457476874+0.0625548068514137*I,0.06050690050037943+0.10480102587517191*I,0.17853035193435746+0.*I,0.11268895099790842-0.1951829885800167*I,-0.11516142502021194-0.199465439207041*I,-0.16476158395605955-3.709979247514978*^-17*I,-0.015147405323555576+0.02623607562323753*I,-0.059197890860620245-0.10253375467151156*I,-0.18782858272298483+0.*I,-0.05697912714876196+0.09869074319258289*I,-0.02850069813219439-0.04936465721614408*I,-0.17073641419716606-1.175676513619755*^-17*I,-0.05099985608630329+0.08833434192017814*I,-0.041797170984767124-0.07239482375826034*I,-0.16256041052418876+0.*I,-0.011616997866179738+0.020121230535642534*I,-0.07373678772460604-0.12771586272593877*I,-0.09351809834579644+0.*I,0.05437993347588619-0.0941888076924505*I,-0.06332913221834066-0.10968927460141316*I,0.07772823432044675+0.*I,0.06877937649358759-0.11912937459980226*I,0.032783115825788085+0.0567820222406803*I,0.13666211944819975+0.*I,-0.03683734903167147+0.06380416013900317*I,0.06265869192263236+0.10852803794580487*I,-0.09864322809237759+0.*I,-0.04856902833877495+0.08412402475701085*I,-0.06539073253337027-0.11326007109194443*I,-0.04309327785379007+0.*I,0.07494244352564258-0.1298041198297742*I,0.018709162758939718+0.03240522046555911*I,0.12622358637778774+0.*I,-0.06010542212675991+0.10410564493392277*I,0.019363774450071366+0.03353904117382771*I,-0.14934985306244775+0.*I,0.043292836528664703-0.07498539247142112*I,-0.035341962345362174-0.06121407442135338*I,0.1531404211535723+0.*I,-0.04206334039348679+0.07285584269758338*I,0.031289891831179924+0.054195682414938*I,-0.15337472885923226+1.0561254161889877*^-17*I,0.05869802671978977-0.1016679645827114*I,-0.004318691308482194-0.007480192768497277*I,0.12755857099649293+0.*I,-0.0803414096713706+0.13915540350251945*I,-0.047359947224210525-0.08202983483611322*I,-0.02431217992611124+5.474436505282558*^-18*I,0.06499454672507235-0.11257385714273477*I,0.08713433436111326+0.1509210941971426*I,-0.14531266708909832+0.*I,0.03132967816925492-0.05426459437393103*I,-0.01986905320351362-0.03441420964677476*I,0.13046619977468976+0.*I,-0.0952404436336464+0.16496128730887538*I,-0.107400390387744-0.1860229329043047*I,0.20882644308748832-2.8759224646383314*^-17*I,-0.09144880029375739+0.15839396840000752*I,-0.07384419091607841-0.12790189051046397*I,0.11151937438613485+0.*I,-0.03975059913394748+0.06885005733130045*I,-0.026939443599920607-0.046660485042698714*I,0.03489513091020267+0.*I,-0.010843737913908906+0.018781905010851176*I,-0.006489014613736996-0.011239303002049408*I,0.0074984948728962645-3.6444845452773906*^-19*I,-0.0020965177234063964+0.003631275215908516*I,-0.0011368971026728231-0.001969163544807178*I,0.0011978621817013391-5.394514581360389*^-19*I,-0.00030700005549762606+0.0005317396940483539*I,-0.00015332159844959166-0.00026556079841236587*I,0.00014939505728741453-1.1871950662956924*^-19*I,-0.00003554095988251241+0.00006155874826627884*I,-0.000016531387174058525-0.00002863320250506178*I,0.000015047882701489567+0.*I
-1.7013783194713268*^-20-2.9468736922204905*^-20*I,-8.3043316737483125*^-19-9.590955101867034*^-35*I,-7.004329481954895*^-18+1.2131854535698468*^-17*I,9.425001069028089*^-17+1.6324580712947633*^-16*I,2.144592527322259*^-15+0.*I,1.06459042231193*^-14-1.843924700695466*^-14*I,-9.406559753242067*^-14-1.6292639417047862*^-13*I,-1.4992244115801995*^-12-1.1913860183967525*^-27*I,-5.438922642084773*^-12+9.420490354527567*^-12*I,3.618155929384603*^-11+6.26682989940073*^-11*I,4.436746262073017*^-10+1.9980672877204616*^-25*I,1.2585763807297538*^-9-2.1799182366300824*^-9*I,-6.627150867231399*^-9-1.1478562011468943*^-8*I,-6.491971440536249*^-8-3.155285158483814*^-24*I,-1.4812614107541872*^-7+2.565620022717404*^-7*I,6.304280798231532*^-7+1.0919334647717892*^-6*I,5.007553319972593*^-6+0.*I,9.279951869843977*^-6-0.000016073348130363573*I,-0.00003208623773645697-0.000055574993983277265*I,-0.00020680895018287078+0.*I,-0.0003101740262302225+0.0005372371726189471*I,0.0008642850361953103+0.001496985594911784*I,0.004462264629665672+6.145355397467591*^-19*I,0.005316854806737969-0.009209062661736966*I,-0.011640728563910446-0.020162333309811185*I,-0.04653265739995814+0.*I,-0.04208013865110022+0.07288493813324848*I,0.06800445839195675+0.1177871770760728*I,0.19262251117887935+0.*I,0.11563924040712269-0.20029303973380816*I,-0.10999382589915727-0.190514894976226*I,-0.1354964965002285-3.0510096956879*^-17*I,0.004301767475611071-0.0074508798301056835*I,-0.07283430633896243-0.12615271911311887*I,-0.18303515289963676+0.*I,-0.0389544666418196+0.06747111540537853*I,-0.04705320111582399-0.08149853499136375*I,-0.1719069888656165-1.1837369918229938*^-17*I,-0.03217013704584503+0.05572031184985733*I,-0.0584189620554213-0.10118461040542805*I,-0.14892695520220695+0.*I,0.009843867620357894-0.017050078861442004*I,-0.07905216777848216-0.13692237104079044*I,-0.05530663862381871+0.*I,0.06733609130593389-0.11662953132497444*I,-0.04828736013196356-0.08363616111193668*I,0.11071429713131604+0.*I,0.05642640067579945-0.09773339285872348*I,0.050178325622203236+0.08691140941639121*I,0.11251913547183871+0.*I,-0.05325252594924634+0.09223608057547472*I,0.04856902833877495+0.08412402475701085*I,-0.12520022550063023+0.*I,-0.03115635646416793+0.053964392374665875*I,-0.07252711191036554-0.12562064275498697*I,-0.0033412398103970123+0.*I,0.07265646938457444-0.1258446964726556*I,0.036842409300429445+0.06381292478159194*I,0.10044199733762918+0.*I,-0.06931723652551332+0.12006097550245823*I,0.00038432616566164076+0.0006656724456040949*I,-0.1380868128242527+0.*I,0.05693497232738685-0.0986142647985621*I,-0.017967001221972322-0.031119758976108153*I,0.14689428278039127+0.*I,-0.055582724375940674+0.09627210264222637*I,0.014285343333839403+0.024742940457775215*I,-0.14200087888283208+9.778060468291137*^-18*I,0.06830446745235903-0.11830680801142056*I,0.012462104067314858+0.021584997413800096*I,0.10406861336922141+0.*I,-0.08093073199823468+0.14017613971468276*I,-0.05905170536680357-0.10228055396889149*I,0.006732239143866432-1.5159157197537912*^-18*I,0.053711770643563486-0.09303151571913854*I,0.08478111847046638+0.14684520471336376*I,-0.15854373328604812+0.*I,0.043556189342624105-0.07544153292551502*I,-0.006500159032270671-0.011258605701170548*I,0.10873242643054427+0.*I,-0.08876856985716808+0.1537516731078423*I,-0.10549780315766448-0.1827275551559752*I,0.2122318807910811-2.922821576881439*^-17*I,-0.09534689791404591+0.16514567153121051*I,-0.0786099443652691-0.13615641762080885*I,0.12084465782600459+0.*I,-0.043754953514503946+0.07578580256993524*I,-0.030075423921275195-0.05209216229082104*I,0.03946539792560187+0.*I,-0.012412344631220389+0.021498811542328494*I,-0.007511840331150001-0.013010889111896821*I,0.008773224053390916-4.2640396528655987*^-19*I,-0.0024778079980719682+0.004291689344061179*I,-0.0013566664712092685-0.00234981525705963*I,0.0014426669036026205-6.496980843386183*^-19*I,-0.00037303542928849074+0.0006461163165509338*I,-0.000187901146238967-0.00032545433208631995*I,0.0001846090042272972-1.4670291172402199*^-19*I,-0.0000442715017252354+0.00007668049031548109*I,-0.000020752993549245708-0.00003594523923644264*I
4.6073816862527576*^-21-7.980219170452143*^-21*I,-1.147788743590341*^-19-1.9880284202541167*^-19*I,-3.954902953942525*^-18-4.567651938013584*^-34*I,-2.7189613809407795*^-17+4.7093792556070655*^-17*I,3.162733980968277*^-16+5.478015945861634*^-16*I,6.424589653287273*^-15+0.*I,2.905519179831622*^-14-5.032506841834212*^-14*I,-2.371826503516496*^-13-4.1081240108290237*^-13*I,-3.5282221475620977*^-12-2.8037660699326104*^-27*I,-1.2039351323687134*^-11+2.0852768182797693*^-11*I,7.579045091127476*^-11+1.3127291170688292*^-10*I,8.837786272651395*^-10+3.9800544372350423*^-25*I,2.3935212146336454*^-9-4.145700352739441*^-9*I,-1.207238961834441*^-8-2.0909992187739586*^-8*I,-1.1359186234287332*^-7-5.520891776218271*^-24*I,-2.4952413954483627*^-7+4.321884874065628*^-7*I,1.0244137857494207*^-6+1.774336724891975*^-6*I,7.862114009108483*^-6+0.*I,0.000014097137592448752-0.00002441695855141044*I,-0.000047213571058912326-0.00008177630388079964*I,-0.00029503377462212506+0.*I,-0.0004292946367814227+0.0007435601223222512*I,0.0011610370499913014+0.002010975160054821*I,0.00581919238199146+8.014093354264568*^-19*I,0.0067301959030477655-0.011657041248970632*I,-0.014295474290526498-0.024760487789486547*I,-0.05538251494431518+0.*I,-0.04845035259055458+0.08391847233146692*I,0.07550998439531019+0.13078712945141036*I,0.20511553943702232+0.*I,0.11678838299109218-0.2022834130743843*I,-0.10246873743821419-0.1774810594304223*I,-0.1029548030168838-2.318259957530493*^-17*I,0.023118163806294608-0.040041834290202145*I,-0.08311934054991424-0.14396692092407148*I,-0.1698389290617708+0.*I,-0.019362702116052656+0.03353718383682462*I,-0.06259089555597594-0.10841061119418739*I,-0.16298532536001348-1.122303171186212*^-17*I,-0.011776048808430925+0.020396714848613298*I,-0.07091607618908095-0.1228302470329137*I,-0.12565523546997245+0.*I,0.030170548830494467-0.05225692346665416*I,-0.07869353094220422-0.1363011938188913*I,-0.013922856039614132+0.*I,0.07512270486554283-0.1301163416291219*I,-0.02999482011164327-0.05195255239725493*I,0.1348201401351669+0.*I,0.040110420164429714-0.06947328563772746*I,0.06348291536154936+0.10995563481879825*I,0.08044636950390727+0.*I,-0.06539073253337027+0.11326007109194443*I,0.03115635646416793+0.053964392374665875*I,-0.1420746883453165+0.*I,-0.011808359205510013+0.020452678097967*I,-0.07433528489436207-0.12875249023214239*I,0.0359166623825136+0.*I,0.06537132541901804-0.11322645698385805*I,0.05214108982522604+0.09031101673930414*I,0.06843238042084929+0.*I,-0.07385694761045962+0.12792398575326888*I,-0.018284841190230054-0.031670273949806635*I,-0.11851537094687066+0.*I,0.06693976200353657-0.115943068836694*I,0.00014603890598127205+0.00025294680504133745*I,0.1325721317859456+0.*I,-0.06589452484699397+0.11413266497560336*I,-0.0031654746284672966-0.005482762886575573*I,-0.12385090128633003+8.528268355503143*^-18*I,0.07456079692484152-0.12914308852665082*I,0.02841300079060822+0.04921276096482811*I,0.07661861325828001+0.*I,-0.07833687841665052+0.13568345352398448*I,-0.0683920681765548-0.11845853691650741*I,0.037045555706806434-8.341643700242984*^-18*I,0.04093533528568266-0.07090208053966947*I,0.08005678158215926+0.138662413190744*I,-0.16750787719239138+0.*I,0.05459982807345172-0.09456967630774392*I,0.006786565499050514+0.011754676253249524*I,0.08551002639382185+0.*I,-0.0811705971955255+0.140591598423358*I,-0.10248723533321014-0.1775130987243882*I,0.21394957799598147-2.946477412349314*^-17*I,-0.09874730461547922+0.17103534870449072*I,-0.08318923569913862-0.14408798287373073*I,0.13023755012667482+0.*I,-0.04791494929994026+0.08299112662958331*I,-0.03341020526663308-0.0578681730131138*I,0.04441891328425551+0.*I,-0.014140505843290678+0.02449207456530405*I,-0.008655129595096636-0.014991124204800418*I,0.010216870072478682-4.965693210626107*^-19*I,-0.002914857266777676+0.005048680882870289*I,-0.0016114150611148865-0.002791052757932688*I,0.0017294406135879218-7.788452419748407*^-19*I,-0.0004511667412261847+0.0007814437184890325*I,-0.00022920473657479597-0.00039699424908298646*I,0.00022705366085205728-1.8043233212819692*^-19*I,-0.00005488679188411847+0.00009506671220775252*I
2.472171182490978*^-21+0.*I,3.142029093951829*^-20-5.442154029584173*^-20*I,-5.526072829447173*^-19-9.571438906928407*^-19*I,-1.552124213980961*^-17-1.792601046496115*^-33*I,-9.225108573298926*^-17+1.5978356754292974*^-16*I,9.580454009319856*^-16+1.6593833103718944*^-15*I,1.773160093928998*^-14+0.*I,7.409331320918117*^-14-1.283333829794157*^-13*I,-5.645739616599735*^-13-9.778707862255199*^-13*I,-7.900315065147087*^-12-6.278129436022704*^-27*I,-2.5514257549167047*^-11+4.4191990392555035*^-11*I,1.5275863635934544*^-10+2.6458571946932504*^-10*I,1.700902887617004*^-9+7.659934146761169*^-25*I,4.413215117336641*^-9-7.643912807958099*^-9*I,-2.138438475805273*^-8-3.703884088954885*^-8*I,-1.937547069574504*^-7-9.417036979428318*^-24*I,-4.1065729980227863*^-7+7.112793077565912*^-7*I,1.6294204587326531*^-6+2.822239021417142*^-6*I,0.000012103259237953733+0.*I,0.000021028646831386778-0.000036422684726384185*I,-0.00006830964658967617-0.0001183157785403932*I,-0.0004143314252875163+0.*I,-0.0005854995772437441+0.001014115015596263*I,0.0015383249665113627+0.0026644570005493725*I,0.007490665846082459+1.0316018346786824*^-18*I,0.008414561596884107-0.01457444820922118*I,-0.017348581717319535-0.030048624973657963*I,-0.06515823548879443+0.*I,-0.055146342355493524+0.09551626681130235*I,0.08285042110446206+0.14350113878140508*I,0.21554894487213994+0.*I,0.11597853987244555-0.20088072364672832*I,-0.09269102066962902-0.16054555720521457*I,-0.06807901686568171-1.532952850406318*^-17*I,0.04064364670017635-0.07039686108958455*I,-0.08969993815901267-0.15536485032719624*I,-0.14906230117490699+0.*I,0.000764466010979069-0.001324093971675255*I,-0.07436881174171277-0.1288105604351714*I,-0.1448295372445041-9.972839491647662*^-18*I,0.008890421066065328-0.01539866098710581*I,-0.07864869457813439-0.13622353495829564*I,-0.09462896596160608+0.*I,0.04803501547494754-0.08319908734496637*I,-0.07290200100960928-0.1262699697220809*I,0.027598629938553408+0.*I,0.0773822395127204-0.13402997043949566*I,-0.009898234475895286-0.017144245017480533*I,0.14863159419096378+0.*I,0.021176923773456865-0.03667950792364052*I,0.07187769023560647+0.1244958114187678*I,0.04309327785379007+0.*I,-0.07252711191036554+0.12562064275498697*I,0.011808359205510013+0.020452678097967*I,-0.1484106698915095+0.*I,0.008025753949183104-0.0139010136090317*I,-0.07088142059265476-0.12277022177913693*I,0.07197699012357964+0.*I,0.05376063022505876-0.09311614299672481*I,0.06368124474986138+0.11029915139598871*I,0.032504826325240654+0.*I,-0.07359261916138296+0.1274661554495822*I,-0.035490387122246246-0.06147115367601869*I,-0.0920935318789762+0.*I,0.07283560254142907-0.126154964201648*I,0.01794369797486468+0.031079396568136384*I,0.11120714709657792+0.*I,-0.0725497054626804+0.1256597759355198*I,-0.020165783360322508-0.03492816135450562*I,-0.09999271459829329+6.885413790554347*^-18*I,0.07726845556242816-0.1338328908565036*I,0.04285763787780405+0.07423160629674501*I,0.046438532507211625+0.*I,-0.07273315386099449+0.12597751788196693*I,-0.07509232318440416-0.13006371901377028*I,0.06562317580081209-1.477654041259817*^-17*I,0.02708537588982297-0.04691324718327452*I,0.07312769646837786+0.12666088572370546*I,-0.17202292124248253+0.*I,0.06421940808104742-0.1112312776283735*I,0.019730819322808252+0.03417478154206564*I,0.06117446346114518+0.*I,-0.07252939356630311+0.12562459469899626*I,-0.09836130846061872-0.17036678375274608*I,0.21385741387118146-2.9452081436062025*^-17*I,-0.10157213144232274+0.1759280922911673*I,-0.0875128125570164-0.15157663766200405*I,0.13960033498684216+0.*I,-0.05220334693944815+0.09041884922426942*I,-0.03693365970156814-0.0639709751125752*I,0.04975723487737417+0.*I,-0.016034422257091452+0.027772434019295626*I,-0.009926684516985156-0.01719352193412561*I,0.011843934947138998-5.756493616624497*^-19*I,-0.0034134626871485858+0.005912290803881943*I,-0.0019053433399353742-0.0033001514706310436*I,0.00206383941655121-9.294401306132637*^-19*I,-0.0005431887364415907+0.0009408304896159762*I,-0.000278315902164336-0.0004820572831029979*I,0.00027798164248575926-2.20903181451953*^-19*I
3.2859309380825616*^-22+5.69139933492146*^-22*I,1.7038486169582697*^-20+0.*I,1.5289320280008266*^-19-2.6481879538167526*^-19*I,-2.1920951633293697*^-18-3.7968201979124645*^-18*I,-5.323264584365033*^-17-6.148019326516038*^-33*I,-2.824954154560082*^-16+4.892964124750843*^-16*I,2.673259717442638*^-15+4.63022165243787*^-15*I,4.571878814575115*^-14+0.*I,1.7834081470370709*^-13-3.0889535213004664*^-13*I,-1.2784660455578313*^-12-2.2143681466578362*^-12*I,-1.6933799995402585*^-11-1.3456752969747387*^-26*I,-5.2018702471142114*^-11+9.009903562382668*^-11*I,2.974320388948015*^-10+5.151674031645993*^-10*I,3.1732939024981627*^-9+1.4290776092166875*^-24*I,7.911265442301829*^-9-1.370271369823062*^-8*I,-3.6920887228104726*^-8-6.394885253959831*^-8*I,-3.228365415993811*^-7-1.569078603710906*^-23*I,-6.614635273797187*^-7+1.1456884367753997*^-6*I,2.5408814119428537*^-6+4.400935701492369*^-6*I,0.0000182939789356491+0.*I,0.00003083975104702848-0.0000534160157062288*I,-0.00009728112202739994-0.0001684958459687645*I,-0.0005733371334435369+0.*I,-0.000787563366791548+0.0013640997654629648*I,0.002011819396274847+0.00348457341000058*I,0.009523952438834839+1.3116226262359393*^-18*I,0.010397281807690034-0.018008620351530717*I,-0.020815891744137116-0.03605418210569902*I,-0.07581029883014329+0.*I,-0.062068141924197906+0.10750517534410668*I,0.08983916814259191+0.15560600373269248*I,0.22348690857238732+0.*I,0.11310534768955702-0.19590420880605566*I,-0.08084700125607801-0.14003111381511205*I,-0.03191791880384204-7.187040421856*^-18*I,0.05626767214346489-0.09745846697610915*I,-0.0923837079105962-0.16001327589275546*I,-0.12185438818458127+0.*I,0.02040516097108682-0.03534277553854387*I,-0.08187442308623613-0.1418106606257512*I,-0.1187842989240908-8.179386400289052*^-18*I,0.028583430057351672-0.04950795311392448*I,-0.08130595589990218-0.1408260465765851*I,-0.05813274573539056+0.*I,0.062343625995819295-0.1079823277528308*I,-0.06227401933983015-0.10786176548811272*I,0.06638135264874204+0.*I,0.07416468520720773-0.12845700290623574*I,0.010508718444627477+0.01820163426853098*I,0.15154943665603848+0.*I,0.001083898768207872-0.0018773677367973558*I,0.07494244352564258+0.1298041198297742*I,0.0033412398103970123+0.*I,-0.07433528489436207+0.12875249023214239*I,-0.008025753949183104-0.0139010136090317*I,-0.14414363961628623+0.*I,0.0269410505374212-0.04666326834009432*I,-0.06259171452641998-0.10841202969260635*I,0.10249670142715474+0.*I,0.03875263949749856-0.06712154053706794*I,0.0708333285330775+0.12268692388850848*I,-0.0048948501624256945+0.*I,-0.06870102781792108+0.11899367071284211*I,-0.05022468782626788-0.08699171110938203*I,-0.06061881226150929+0.*I,0.07441060987786469-0.12888295693064822*I,0.034437634923879704+0.05964773338066797*I,0.08416844524242668+0.*I,-0.075308645599098+0.13043840042683608*I,-0.0358776988919484-0.06214199733951223*I,-0.07172589110710374+4.9389842225273574*^-18*I,0.0763980126527729-0.13232523951189262*I,0.05520824660345855+0.09562348811398212*I,0.014830756565780048+0.*I,-0.06440383499955443+0.11155071442151096*I,-0.07896651864050787-0.1367740223821944*I,0.09154095013109939-2.0612512767220947*^-17*I,0.012608049470613083-0.021837782267443765*I,0.06422116409431664+0.1112343191325744*I,-0.17202334590544827+0.*I,0.072206405404037-0.12506516279170807*I,0.032075642414312766+0.05555664234700096*I,0.036134224702725586+0.*I,-0.06295103638373806+0.10903439340575131*I,-0.09313248992027366-0.1613102043773103*I,0.21185707752129845-2.91765984962386*^-17*I,-0.10374747826258449+0.179695903507944*I,-0.09150994326945007-0.15849987114043312*I,0.1488272000301741+0.*I,-0.05658850839463534+0.09801417166404632*I,-0.04063212357429772-0.0703769024501008*I,0.05547732448531466+0.*I,-0.018099106598435107+0.031348572200094724*I,-0.011333902288012183-0.01963089461085825*I,0.013669010953277721-6.643533137365018*^-19*I,-0.0039796645773556025+0.006892981245062033*I,-0.0022429378325777376-0.003884882284243054*I,0.0024520237895346883-1.104257091387615*^-18*I,-0.0006510884740085705+0.0011277183172053338*I,-0.000336451534240186-0.0005827511515885008*I
-8.656765437878464*^-23+1.4993957567611735*^-22*I,2.2882996034807673*^-21+3.9634511761684046*^-21*I,8.377921720997239*^-20+0.*I,6.128940620664826*^-19-1.061563655156421*^-18*I,-7.597916458342874*^-18-1.3159977337513637*^-17*I,-1.6475279239430886*^-16-1.902786036058954*^-32*I,-7.967370068460284*^-16+1.3799889761276733*^-15*I,6.967433757440893*^-15+1.2067949266258156*^-14*I,1.1124763998038058*^-13+0.*I,4.083064978319993*^-13-7.072075993055328*^-13*I,-2.7708502582351394*^-12-4.799253427428617*^-12*I,-3.4913696914468575*^-11-2.77448059364224*^-26*I,-1.0243827322233602*^-10+1.7742829386070804*^-10*I,5.613075341358115*^-10+9.722131677944285*^-10*I,5.755083266028365*^-9+2.5917740011992294*^-24*I,1.3821254556208662*^-8-2.3939115115696214*^-8*I,-6.226059141432334*^-8-1.0783850763889475*^-7*I,-5.263986138377499*^-7-2.5584489224917296*^-23*I,-1.0444082612660962*^-6+1.8089681723575484*^-6*I,3.889787547227115*^-6+6.737309662446088*^-6*I,0.00002718217150243987+0.*I,0.00004451406698179145-0.00007710062566398699*I,-0.0001364968328455518-0.000236419449560732*I,-0.0007824007344080388+0.*I,-0.0010455938677862845+0.0018110217030883002*I,0.002598743167769254+0.00450115520239884*I,0.01196779507191235+1.6481845014752728*^-18*I,0.012703443612379437-0.0220030097677275*I,-0.024705147191029408-0.04279057014333047*I,-0.08725845825742384+0.*I,-0.06909730338280613+0.11968004012502109*I,0.09628122640745682+0.1667639759527575*I,0.22853529588561775+0.*I,0.10812435482441103-0.18727687609148475*I,-0.0671998541857944-0.11639356171101609*I,0.004414038865565461+9.93920560592556*^-19*I,0.06945293650152823-0.12029601475550189*I,-0.09114471405753369-0.15786727558898564*I,-0.08962664213380746+0.*I,0.038598343220274035-0.06685429154549635*I,-0.08484334334074112-0.14695298135017418*I,-0.08657762214140342-5.96166186547352*^-18*I,0.04617398209544329-0.07997568297708342*I,-0.07890386108896948-0.13666549631945213*I,-0.01868038952972454+0.*I,0.07229221726454577-0.12521379329400117*I,-0.04769655922074967-0.08261286391655627*I,0.0998909260837029+0.*I,0.06589464065808166-0.11413286556629132*I,0.02979281030103559+0.051602661141655064*I,0.14377186236805686+0.*I,-0.018709162758939718+0.03240522046555911*I,0.07265646938457444+0.1258446964726556*I,-0.0359166623825136+0.*I,-0.07088142059265476+0.12277022177913693*I,-0.0269410505374212-0.04666326834009432*I,-0.12994843225818073+0.*I,0.043670281073731346-0.07563914560051622*I,-0.05019827109539275-0.08694595598933645*I,0.1256250519863755+0.*I,0.021451794664925392-0.03715559827318576*I,0.07328315872296409+0.12693015424730816*I,-0.04134889277073771+0.*I,-0.05963677994539537+0.10329393286522946*I,-0.06167744472150315-0.10682846793866432*I,-0.0261016954296486+0.*I,0.07170909401215105-0.1242037941937788*I,0.04875542273506843+0.08444686932163724*I,0.053069073899151886+0.*I,-0.07414209208474475+0.12841787047022823*I,-0.04956055839360884-0.08584140518921468*I,-0.04050873114637306+2.789396979506106*^-18*I,0.07208262416792166-0.12485076740173259*I,0.0649870694945105+0.11256090619950167*I,-0.01688584384397173+0.*I,-0.05372927399203387+0.09306183240799173*I,-0.07993500592430194-0.1384514915642101*I,0.11398444500193873-2.5666172620037662*^-17*I,-0.0020390869256083502+0.0035318021562030857*I,0.05361799654217482+0.09286909421109907*I,-0.16756175571323162+0.*I,0.07839057227698405-0.1357764540181367*I,0.04357375873634293+0.0754719640080942*I,0.01082216793627874+0.*I,-0.052563260094597046+0.09104223709529977*I,-0.08683366999233808-0.15040032823439853*I,0.20787721481047117-2.862849853308167*^-17*I,-0.1052050503597569+0.18222049243594138*I,-0.09510956625885354-0.16473460104617293*I,0.15780538373367572+0.*I,-0.06103451926127426+0.10571488837606827*I,-0.04448826373942568-0.07705593313720946*I,0.06157110206883088+0.*I,-0.020338174308581952+0.03522675123565596*I,-0.012883622724948723-0.022315089145160175*I,0.015706598651611784-7.633859463127721*^-19*I,-0.004619703414647817+0.008001561030069458*I,-0.0026289585297867768-0.004553489744582271*I,0.0029006648384650962-1.3063004246878167*^-18*I,-0.0007770544167290563+0.0013458977300205264*I
-4.5210514578459156*^-23-2.8457661339863533*^-39*I,-6.090057627080913*^-22+1.0548289231126493*^-21*I,1.1367196618985953*^-20+1.9688562083708828*^-20*I,3.393081386021196*^-19+0.*I,2.146389985527573*^-18-3.717656507790784*^-18*I,-2.3761110154487408*^-17-4.115545003181297*^-17*I,-4.695538932127725*^-16-5.423037620169914*^-32*I,-2.0986007380596705*^-15+3.634883103120894*^-15*I,1.713518880995237*^-14+2.967901761612319*^-14*I,2.5744602566221645*^-13+0.*I,8.945679615507798*^-13-1.549437160229269*^-12*I,-5.775703826667763*^-12-1.0003812477258577*^-11*I,-6.951855019945575*^-11-5.524418365063007*^-26*I,-1.9549436786955065*^-10+3.3860617774362177*^-10*I,1.0295883161336872*^-9+1.7832992744228354*^-9*I,1.0170534557049111*^-8+4.580251201378237*^-24*I,2.3580676812345953*^-8-4.0842930315844466*^-8*I,-1.0273043796616661*^-7-1.779343380412035*^-7*I,-8.412594191838557*^-7-4.0887631501445325*^-23*I,-1.618722679812797*^-6+2.803709924799812*^-6*I,5.85312728570524*^-6+0.000010137913842009192*I,0.00003974671026979033+0.*I,0.00006329801704855211-0.00010963538154645325*I,-0.00018885943729165895-0.0003271141408780216*I,-0.001053756762162302+0.*I,-0.0013710666265001666+0.00237475705766035*I,0.00331770790354014+0.005746438653604347*I,0.014871256643320169+2.0480443197516184*^-18*I,0.015354757978320978-0.026595220956375513*I,-0.02901457207557508-0.05025471299476522*I,-0.09939045043279233+0.*I,-0.07609882319018317+0.13180702816159798*I,0.10197901169589794+0.17663282956295603*I,0.2303579267424048+0.*I,0.1010552930522653-0.17503290194028542*I,-0.05208175343868335-0.09020824310307472*I,0.03978016541230385+8.957402848331419*^-18*I,0.07975740828366723-0.13814388342732642*I,-0.08612137005228246-0.14916658854799397*I,-0.053978253635965964+0.*I,0.05448912484408012-0.09437793268991035*I,-0.08326080181837006-0.14421193902834012*I,-0.05020314518793811-3.456946134474993*^-18*I,0.06070861916631618-0.10515041285340936*I,-0.07176355545570476-0.12429812418106737*I,0.021157114019372276+0.*I,0.07739802014198784-0.1340573032911622*I,-0.03026886422250166-0.05242721072077671*I,0.1260801005861013+0.*I,0.05331596514513629-0.09234596048594743*I,0.04667496849526859+0.08084341687548187*I,0.12622358637778774+0.*I,-0.036842409300429445+0.06381292478159194*I,0.06537132541901804+0.11322645698385805*I,-0.07197699012357964+0.*I,-0.06259171452641998+0.10841202969260635*I,-0.043670281073731346-0.07563914560051622*I,-0.10714134694095216+0.*I,0.05715987320746305-0.09900380454952099*I,-0.0346692270036221-0.060048862629412385*I,0.1400919216276814+0.*I,0.0030554273958308233-0.005292155488416848*I,0.07103109653220822+0.12302946811111412*I,-0.0746164019009135+0.*I,-0.047086954561192884+0.08155699767367318*I,-0.06927156861435038-0.11998187636004846*I,0.00936367139999252+0.*I,0.06501389506146335-0.11260736944440587*I,0.06018141067626732+0.10423726096246304*I,0.01966749114989971+0.*I,-0.0692213662943597+0.1198949233911668*I,-0.060602078534786455-0.10496587906652938*I,-0.007882269067302914+5.4276638408008355*^-19*I,0.06460457439323586-0.1118984052504478*I,0.07184195980833989+0.12443392450336595*I,-0.04742985038776574+0.*I,-0.04116793598494465+0.07130495676866724*I,-0.07802397580509413-0.13514149030294778*I,0.13227354219286994-2.9784375990322984*^-17*I,-0.0164017279575624+0.02840862615442101*I,0.041643568855731596+0.07212877706661998*I,-0.15880688969419637+0.*I,0.08264449516412183-0.1431444645901394*I,0.05399372052325416+0.09351986723595064*I,-0.014313887245692401+0.*I,-0.0415133501228613+0.07190323160519149*I,-0.07951829765484705-0.1377297316695802*I,0.20187613105062174-2.7802039424648896*^-17*I,-0.10588374424633779+0.18339602473028588*I,-0.09824151649002133-0.17015929797333265*I,0.1664165347261503+0.*I,-0.06550139855405189+0.11345175026243645*I,-0.04848099651774294-0.08397154917030059*I,0.06802504254828282+0.*I,-0.022753635153706122+0.039410452143104284*I,-0.014581967362334707-0.02525670834587484*I,0.017970904198199383-8.734377195046498*^-19*I,-0.005339968292954124+0.0092490963942034*I,-0.0030684206419758294-0.005314660450895243*I,0.00341694437679874-1.538804425577399*^-18*I
-5.851762477950705*^-24-1.0135549925635774*^-23*I,-3.2123981639934626*^-22-2.022037127692454*^-38*I,-3.0556853088180614*^-21+5.292602206814676*^-21*I,4.650312989477438*^-20+8.054578368872436*^-20*I,1.2003671491462951*^-18+0.*I,6.781176816125533*^-18-1.1745342780637577*^-17*I,-6.841845527378536*^-17-1.1850424070957504*^-16*I,-1.2496432963074554*^-15-1.4432555465145763*^-31*I,-5.215141232461101*^-15+9.032889583269998*^-15*I,4.007206351215072*^-14+6.940684996717199*^-14*I,5.700474735729311*^-13+0.*I,1.8847201299409006*^-12-3.264431023105449*^-12*I,-1.1625170415324692*^-11-2.0135385805989*^-11*I,-1.3412651957146426*^-10-1.0658608469777625*^-25*I,-3.6257387613119013*^-10+6.279963749564049*^-10*I,1.8400042313194719*^-9+3.1869808147870458*^-9*I,1.7550359892513157*^-8+7.903719959988692*^-24*I,3.935990314360975*^-8-6.817335202572199*^-8*I,-1.6611697785659412*^-7-2.877230456474154*^-7*I,-1.3195648854729786*^-6-6.413465519566983*^-23*I,-2.4657300887793654*^-6+4.270769791517179*^-6*I,8.666515788280728*^-6+0.00001501084566990006*I,0.00005725085061731638+0.*I,0.00008874978800336635-0.00015371914198279737*I,-0.0002578787389628697-0.0004466590780754821*I,-0.0014016739068008657+0.*I,-0.0017768219786767512+0.0030775459430731978*I,0.004188474294628216+0.007254650284492288*I,0.018282363287176046+2.5178161590503523*^-18*I,0.018368378139611754-0.03181496419044505*I,-0.03373160377847651-0.05842485156510364*I,-0.11206169379291347+0.*I,-0.08292382075896332+0.14362827071225925*I,0.10673863767431936+0.18487674358260667*I,0.22869141378049257+0.*I,0.09198396950485567-0.15932090866427603*I,-0.03588312306906195-0.06215139228986221*I,0.07306582463035918+1.645242092073441*^-17*I,0.08685182539747524-0.15043177431852806*I,-0.0776068508113825-0.13441900862073242*I,-0.01661559180461105+0.*I,0.06736639894777591-0.11668202570050243*I,-0.07734983392735645-0.13397384231919626*I,-0.011795652295683386-8.122386447009079*^-19*I,0.07145373908420895-0.12376150648461993*I,-0.06047307342980954-0.10474243567027362*I,0.05891339152557048+0.*I,0.07750866365910723-0.13424894348434113*I,-0.011217110931665738-0.01942860604778133*I,0.14348942035658396+0.*I,0.03742000666585995-0.06481335276483549*I,0.06010542212675991+0.10410564493392277*I,0.10044199733762918+0.*I,-0.05214108982522604+0.09031101673930414*I,0.05376063022505876+0.09311614299672481*I,-0.10249670142715474+0.*I,-0.05019827109539275+0.08694595598933645*I,-0.05715987320746305-0.09900380454952099*I,-0.07754770002951213+0.*I,0.06662525493807647-0.11539832661997769*I,-0.017129295814999293-0.029668810649455715*I,0.1452512130281993+0.*I,-0.015228599447302437+0.026376707970843145*I,0.06437162257381464+0.1114949208634946*I,-0.10275945643976456+0.*I,-0.031915343112021266+0.055278995811014246*I,-0.07268267514465954-0.1258900861805739*I,0.04372392162226385+0.*I,0.05481678248658766-0.09494545237422168*I,0.06818629133120276+0.11810212096533643*I,-0.014231821462799997+0.*I,-0.060899152618639915+0.10548042647337558*I,-0.06854137175938986-0.11871713830772986*I,0.02460504572745069-1.694282646986973*^-18*I,0.05437595670281077-0.0941819197194337*I,0.07555585452666451+0.13086657884946587*I,-0.0756071562235582+0.*I,-0.02723621968152891+0.0471745162945155*I,-0.07336118214200835-0.127065294773273*I,0.14588167961963233-3.284855553014122*^-17*I,-0.03004301184273455+0.052036022924009766*I,0.02865765896476254+0.04963652135295037*I,-0.14603828825230733+0.*I,0.08488697273684184-0.14702854968092421*I,0.06312568428104068+0.10933689243731451*I,-0.038821084049519276+0.*I,-0.0299655264986375+0.05190181437119168*I,-0.0712600602546114-0.12342604491140652*I,0.1938439714168881-2.6695863981123383*^-17*I,-0.10573116599450197+0.18313175144597618*I,-0.10083780661435042-0.17465620437985993*I,0.17453826807601364+0.*I,-0.06994539795871658+0.12114898302012153*I,-0.05258546499552554-0.09108069711188496*I,0.0748198261889647+0.*I,-0.025345689588331232+0.043900022119859196*I,-0.016434172044256963-0.028464820960981144*I,0.02047561710505741-9.951739830366281*^-19*I,-0.006146936683551977+0.010646806646820968*I,-0.0035665702806538763-0.006177480934857697*I
1.5019376917793086*^-24-2.601432391964486*^-24*I,-4.198720815069911*^-23-7.272397778498095*^-23*I,-1.6277148407223003*^-21-1.024561611984285*^-37*I,-1.2624724816711539*^-20+2.1866664814120064*^-20*I,1.6615399575222351*^-19+2.8778716252343453*^-19*I,3.83041046854583*^-18+0.*I,1.972305813291336*^-17-3.4161338766840494*^-17*I,-1.8393588713237611*^-16-3.1858630184852986*^-16*I,-3.1372356311275616*^-15-3.623300135908549*^-31*I,-1.2321923131195807*^-14+2.134219691018932*^-14*I,8.965278500730375*^-14+1.5528317867269942*^-13*I,1.2136197392564902*^-12+0.*I,3.833750021081936*^-12-6.6402498200321516*^-12*I,-2.2669622609103187*^-11-3.926493814737895*^-11*I,-2.514554563419244*^-10-1.9982366390337952*^-25*I,-6.550799503202792*^-10+1.1346317569744178*^-9*I,3.2104667643458237*^-9+5.56069155185823*^-9*I,2.9625281195700563*^-8+1.334160255064756*^-23*I,6.437651100190824*^-8-1.1150338786932176*^-7*I,-2.6361061893152653*^-7-4.565869854040825*^-7*I,-2.0340094557254507*^-6-9.885871967631647*^-23*I,-3.6954398819050004*^-6+6.400689631775792*^-6*I,0.000012639242936128446+0.0000218918109345805*I,0.00008130315416075051+0.*I,0.00012279220567261594-0.00021268233899841816*I,-0.00034774448779984054-0.0006023111209213393*I,-0.001842574351519252+0.*I,-0.0022770182944342934+0.003943911375724026*I,0.005231632541364736+0.00906145336817441*I,0.02224656770631255+3.063759688751562*^-18*I,0.021755707172783863-0.03768199017785231*I,-0.038831840249467196-0.0672587202634753*I,-0.125096066094603+0.*I,-0.08941291327212537+0.15486770864007074*I,0.11037644253934961+0.1911776064368603*I,0.22335792906568605+0.*I,0.08106166848981318-0.14040292837066137*I,-0.01903945126657817-0.03297729694194504*I,0.10322162738812055+2.324268110986238*^-17*I,0.09053199222972608-0.1568060102523163*I,-0.06603278315294724-0.11437213538608282*I,0.020730060807214276+0.*I,0.07669134681034291-0.1328333091763993*I,-0.06754776091407542-0.1169961538406938*I,0.02649279082733494+1.824271178611619*^-18*I,0.07792423344981943-0.13496873147594546*I,-0.0458362875790332-0.07939077891722375*I,0.09236937336251967+0.*I,0.07278992534758617-0.12607584898116483*I,0.008191891464440257+0.014188772226500343*I,0.15130146735645095+0.*I,0.019363774450071366-0.03353904117382771*I,0.06931723652551332+0.12006097550245823*I,0.06843238042084929+0.*I,-0.06368124474986138+0.11029915139598871*I,0.03875263949749856+0.06712154053706794*I,-0.1256250519863755+0.*I,-0.0346692270036221+0.060048862629412385*I,-0.06662525493807647-0.11539832661997769*I,-0.04334707005078338+0.*I,0.0715839796394136-0.1239870897434404*I,0.001223186874343321+0.002118621813514*I,0.14108098326536964+0.*I,-0.03225824653324528+0.05587292195866341*I,0.053856436823324375+0.09328208489262119*I,-0.12424107615751157+0.*I,-0.015100534976505495+0.026154893800778425*I,-0.0718425414068485-0.12443493186153243*I,0.07507949008498178+0.*I,0.041779553250560125-0.0723643089474996*I,0.0724447397117929+0.12547796992192792*I,-0.04687344331027969+0.*I,-0.04968254348190784+0.08605268955991434*I,-0.07308331875639655-0.12658402127183033*I,0.05546858219804542-3.819519675440816*^-18*I,0.041914727994669984-0.07259843847219798*I,0.07605009541262753+0.1317226291751317*I,-0.1003549692450793+0.*I,-0.012486946571693703+0.0216280258935715*I,-0.06616817828973535-0.11460664664209753*I,0.15444926656324398-3.477774126621405*^-17*I,-0.04255679687048658+0.07371053438707104*I,0.015043424463129267+0.026055975489964425*I,-0.12963783022200634+0.*I,0.08508512678221498-0.1473717625552358*I,0.07078666071946207+0.12260609286424844*I,-0.06225171348469637+0.*I,-0.01809787433363225+0.0313464378548478*I,-0.06215210356838062-0.10765060117771816*I,0.1838043118356335-2.5313219039220362*^-17*I,-0.10470504576620605+0.18135445907589348*I,-0.10283393828124303-0.17811360584551506*I,0.18204589807748423+0.*I,-0.07431939054685247+0.12872496041470255*I,-0.05677307942552336-0.09833385806714974*I,0.08193005345091606+0.*I,-0.028112533933617324+0.04869233710252935*I,-0.01844441526586061-0.0319466643563696*I,0.023233670088103536-1.1292233041623943*^-18*I,-0.007047105481583468+0.01220594474039972*I
7.645352586524925*^-25+2.1058100620385627*^-40*I,1.0880328333010798*^-23-1.8845281475805882*^-23*I,-2.148057625105476*^-22-3.7205449442684254*^-22*I,-6.790364688069356*^-21-4.274180474807409*^-37*I,-4.5548590733601385*^-20+7.889247336375855*^-20*I,5.354154836654704*^-19+9.273668208676592*^-19*I,1.1250961842894637*^-17+0.*I,5.3551388919754145*^-17-9.275372642489518*^-17*I,-4.664026976236472*^-16-8.078331690713411*^-16*I,-7.487306788781131*^-15-8.64734527308338*^-31*I,-2.7848499487734647*^-14+4.823501602731225*^-14*I,1.9283003407383895*^-13+3.3399141624112686*^-13*I,2.494251014608914*^-12+0.*I,7.55430206585075*^-12-1.3084434993775997*^-11*I,-4.295022467951792*^-11-7.439197134142391*^-11*I,-4.591847830124666*^-10-3.6489956147724756*^-25*I,-1.155397964952062*^-9+2.001207978258653*^-9*I,5.478959961843165*^-9+9.489837026548008*^-9*I,4.899617800194806*^-8+2.206519253216878*^-23*I,1.0331988662475623*^-7-1.789552930663337*^-7*I,-4.1103994572974103*^-7-7.119420699442661*^-7*I,-3.084435618705*^-6-1.4991245755071933*^-22*I,-5.4545933639288335*^-6+9.447632840952775*^-6*I,0.000018171939728380722+0.00003147472288163479*I,0.00011392586618167012+0.*I,0.00016776866951615914-0.0002905838595202196*I,-0.0004633960525044784-0.0008026255069646114*I,-0.0023951130094603964+0.*I,-0.002887035399195559+0.005000491994656605*I,0.006468202013687364+0.01120325452132584*I,0.02680506322044243+3.69154798319408*^-18*I,0.025521236248737957-0.04420407785478268*I,-0.04427826063145898-0.07669219708446379*I,-0.13828781394495387+0.*I,-0.09540020005355324+0.16523799354498936*I,0.11272551770561637+0.1952463239756326*I,0.21427534033424087+0.*I,0.06850206040856997-0.1186490490507955*I,-0.0020162287724575663-0.0034922106735787366*I,0.1293036725330169+2.911564274915569*^-17*I,0.09072548199485343-0.15714114435626145*I,-0.05194725641260175-0.0899752874204344*I,0.05638240941879776+0.*I,0.08211596129614199-0.14222901707727742*I,-0.054473023012546244-0.09435004349959877*I,0.06260940556750912+4.311230735606966*^-18*I,0.0798961544534738-0.13838419884278702*I,-0.028813164102756063-0.04990586415279323*I,0.11967012460702531+0.*I,0.06369500274953349-0.1103229809504313*I,0.02673248466202727+0.046302021647186976*I,0.14934985306244775+0.*I,0.00038432616566164076-0.0006656724456040949*I,0.07385694761045962+0.12792398575326888*I,0.032504826325240654+0.*I,-0.0708333285330775+0.12268692388850848*I,0.021451794664925392+0.03715559827318576*I,-0.1400919216276814+0.*I,-0.017129295814999293+0.029668810649455715*I,-0.0715839796394136-0.1239870897434404*I,-0.006908490282431291+0.*I,0.07186672674622276-0.12447682209812695*I,0.01919711138299599+0.0332503722739079*I,0.12814448962640018+0.*I,-0.04702351497764226+0.08144711709175248*I,0.040244866973529456+0.06970615434200374*I,-0.13799180466490227+0.*I,0.0023279928126162916-0.004032201831106591*I,-0.06692774861511183-0.11592226103757125*I,0.10178093823652969+0.*I,0.02668870782941153-0.04622619794890207*I,0.0728411756907286+0.1261646171793929*I,-0.07663731912413443+0.*I,-0.03620024805412973+0.06270066887634909*I,-0.07410424625844317-0.12835231957621943*I,0.08335172346394559-5.739529209810242*^-18*I,0.027817480807957637-0.04818129009795478*I,0.07338183270749388+0.12710106260189905*I,-0.12077853268547208+0.*I,0.0025125963788225772-0.004351944587034281*I,-0.0567495028964889-0.09829302232099589*I,0.15779103391759472-3.5530215674202906*^-17*I,-0.05357961565823478+0.0928026165700757*I,0.00119588186216616+0.002071328145121868*I,-0.11007844540562596+0.*I,0.08325519798811717-0.14420223290962514*I,0.07682509714151342+0.13306497154551578*I,-0.08417339771323838+0.*I,-0.0060988906018907595+0.010563588392279128*I,-0.05230580031724058-0.09059630368001298*I,0.1718151058580721-2.3662085864021877*^-17*I,-0.10277451352216146+0.1780106791435583*I,-0.10417021744377089-0.18042810924810893*I,0.1888143222155269+0.*I,-0.07857334705635137+0.13609302922234304*I,-0.0610116245009043-0.1056752334878804*I,0.08932403465481172+0.*I,-0.031050178582434387+0.05378048688886333*I,-0.020615644789358453-0.035707344205961424*I,0.02625698311935552-1.2761650278643107*^-18*I
9.649256206480405*^-26+1.67130020048734*^-25*I,5.5907459453356254*^-24+1.539896156880884*^-39*I,5.619170650954593*^-23-9.732689063853235*^-23*I,-9.046536604546795*^-22-1.5669061031606689*^-21*I,-2.4733719899492856*^-20-1.556858689040827*^-36*I,-1.4819089423463811*^-19+2.56674158033459*^-19*I,1.5879119332077626*^-18+2.7503441462607626*^-18*I,3.084634749859933*^-17+0.*I,1.371233206034317*^-16-2.3750455818769993*^-16*I,-1.1241287818772912*^-15-1.9470481644619806*^-15*I,-1.7090641011596212*^-14-1.9738562601312906*^-30*I,-6.050031663763837*^-14+1.047896222903943*^-13*I,4.00327708306748*^-13+6.933879304649007*^-13*I,4.965191125027725*^-12+0.*I,1.4460599957604302*^-11-2.5046493834498946*^-11*I,-7.925241148826106*^-11-1.3726920332002387*^-10*I,-8.184648842668833*^-10-6.504080457418022*^-25*I,-1.9929528556039827*^-9+3.451895602995573*^-9*I,9.160094333113846*^-9+1.586574878707695*^-8*I,7.95050762574907*^-8+3.5804727765429864*^-23*I,1.62916107836151*^-7-2.8217897614358335*^-7*I,-6.304619481761573*^-7-1.0919921264799618*^-6*I,-4.606059185287708*^-6-2.238677467939671*^-22*I,-7.936344519410726*^-6+0.000013746151933990183*I,0.000025777018142041418+0.000044647105089640435*I,0.000157630395115098+0.*I,0.00022650100025491002-0.0003923112404066754*I,-0.0006105859864235732-0.0010575659508751892*I,-0.0030802065098770146+0.*I,-0.003623323188614442+0.006275779854922683*I,0.007919152077044633+0.01371637375030591*I,0.031992988040023186+4.4060202173084285*^-18*I,0.02966145754229603-0.0513751514898038*I,-0.0500207713063369-0.08663851733635897*I,-0.15140460577118248+0.*I,-0.10071774219704759+0.17444824670891024*I,0.11364199109074616+0.19683370244246204*I,0.20146426165545733+0.*I,0.054575720666682065-0.09452792105438003*I,0.014707355934444145+0.02547388772345693*I,0.1505091749239547+3.389054062974961*^-17*I,0.08749262424313495-0.15154167047664216*I,-0.03598840761069755-0.06233375046522662*I,0.0887939964344991+0.*I,0.08349129484295133-0.14461116465770507*I,-0.038884763847781015-0.06735038662467419*I,0.09470429128582793+6.521257432241423*^-18*I,0.07740403842664897-0.13406772726596977*I,-0.010455509357664889-0.018109473426487426*I,0.13941129979428368+0.*I,0.050918892496723926-0.08819410886946348*I,0.043292836528664703+0.07498539247142112*I,0.1380868128242527+0.*I,-0.018284841190230054+0.031670273949806635*I,0.07359261916138296+0.1274661554495822*I,-0.0048948501624256945+0.*I,-0.07328315872296409+0.12693015424730816*I,0.0030554273958308233+0.005292155488416848*I,-0.1452512130281993+0.*I,0.001223186874343321-0.002118621813514*I,-0.07186672674622276-0.12447682209812695*I,0.02937292126777775+0.*I,0.06760764030462256-0.11709986798744769*I,0.03568249108722685+0.061803887503700534*I,0.10751827424462229+0.*I,-0.05869946012525301+0.10167044731380158*I,0.02444571805227775+0.04234122569404876*I,-0.14344387041727366+0.*I,0.01935194100419558-0.03351854504434223*I,-0.05833544057464662-0.10103994695720292*I,0.12250474631562228+0.*I,0.010406646374726214-0.018024840257428273*I,0.06946430931528373+0.12031571304675141*I,-0.10211265055198399+0.*I,-0.02116598836334529+0.03666056723772568*I,-0.07164926981150951-0.12410017563874541*I,0.10708062337824757-7.373481196822378*^-18*I,0.01273031886635388-0.022049559073077554*I,0.06773597554709873+0.11732215114781808*I,-0.13617951834426717+0.*I,0.017202210708126105-0.02979510294897981*I,-0.045479340170149304-0.07877252786940675*I,0.1558973027597011-3.510379932595807*^-17*I,-0.06280096040074028+0.10877445417820338*I,-0.012489741917847231-0.021632867575134128*I,-0.08791038680694015+0.*I,0.07946201798048481-0.13763225241415136*I,0.08112467098011981+0.140512051884876*I,-0.10417901021342293+0.*I,0.00583627293977965-0.01010872125853773*I,-0.04184908659308625-0.0724847442295749*I,0.15796894735210867-2.1755216326452803*^-17*I,-0.09992120307399117+0.17306860047756026*I,-0.10479304641387382-0.181506880668753*I,0.19472002656830856+0.*I,-0.08265489590689006+0.14316247920505037*I,-0.06526543614922906-0.11304305138860718*I,0.09696366406063686+0.*I,-0.03415228351823943+0.05915349024808786*I,-0.02294940530425178-0.03974953599045477*I
-2.415957139374841*^-26+4.1845605143059864*^-26*I,7.121532070777009*^-25+1.2334855374316984*^-24*I,2.914241135540226*^-23+8.026887232439203*^-39*I,2.388654956130288*^-22-4.1372717457688657*^-22*I,-3.32616636914134*^-21-5.7610891457797*^-21*I,-8.12312508626331*^-20-5.113083646174007*^-36*I,-4.436775409507603*^-19+7.684720431039378*^-19*I,4.395171957880867*^-18+7.61266113905164*^-18*I,7.974553755366069*^-17+0.*I,3.337006489749995*^-16-5.779864785434063*^-16*I,-2.5910174049032696*^-15-4.4877737885877245*^-15*I,-3.7494621390650945*^-14-4.330381353336773*^-30*I,-1.2684966194075739*^-13+2.1971005940432784*^-13*I,8.048984448142852*^-13+1.394125001351516*^-12*I,9.60063316474915*^-12+0.*I,2.6955751000826883*^-11-4.668873028960767*^-11*I,-1.427228820078642*^-10-2.472032830402794*^-10*I,-1.426558120078486*^-9-1.1336404247183286*^-24*I,-3.367316686074147*^-9+5.832363585454872*^-9*I,1.502399475937362*^-8+2.602232225588369*^-8*I,1.267369211882033*^-7+5.707536140555332*^-23*I,2.526686887943572*^-7-4.376350064736353*^-7*I,-9.52182624709832*^-7-1.6492286840817189*^-6*I,-6.779583064646713*^-6-3.2950726940999925*^-22*I,-0.000011391750217913432+0.00001973109016455989*I,0.00003610197904630496+0.00006253046196198719*I,0.00021549921213002515+0.*I,0.000302347756111562-0.000523681675139669*I,-0.0007959341950340029-0.0013785984652803288*I,-0.003921001981922457+0.*I,-0.004503191745921699+0.0077997569001611805*I,0.009604849134604373+0.01663608670016874*I,0.03783756732448984+5.210925794018151*^-18*I,0.03416389669802379-0.059173604865511806*I,-0.0559961205809631-0.09698812587298139*I,-0.1641916964170905+0.*I,-0.10520039973802951+0.18221243732282272*I,0.1130108221782938+0.1957404858179366*I,0.18505168599511043+0.*I,0.03960246034537258-0.06859347342291693*I,0.030655291884951228+0.05309652306558948*I,0.16620607652748792+3.74250526076706*^-17*I,0.08102192174289836-0.14033408498556943*I,-0.018854973131881426-0.032657771439764706*I,0.11661084462362521+0.*I,0.08086567539316016-0.14006345836932574*I,-0.021637740291918665-0.037477665546583355*I,0.12121655823592789+8.346869720200972*^-18*I,0.07072429838659335-0.12249807813524125*I,0.008157772808475995+0.014129676980884277*I,0.15069293824844765+0.*I,0.035341962345362174-0.06121407442135338*I,0.05693497232738685+0.0986142647985621*I,0.11851537094687066+0.*I,-0.035490387122246246+0.06147115367601869*I,0.06870102781792108+0.11899367071284211*I,-0.04134889277073771+0.*I,-0.07103109653220822+0.12302946811111412*I,-0.015228599447302437-0.026376707970843145*I,-0.14108098326536964+0.*I,0.01919711138299599-0.0332503722739079*I,-0.06760764030462256-0.11709986798744769*I,0.06322779210446278+0.*I,0.05921658754651876-0.10256613828142094*I,0.0497135283025824+0.08610635684358608*I,0.08069474095992647+0.*I,-0.06668405647079895+0.11550017386221592*I,0.007454759815717735+0.012912022759045917*I,-0.14053386121311914+0.*I,0.035021065628672875-0.060658265004065515*I,-0.04664864549066875-0.08079782409410707*I,0.13630621659333964+0.*I,-0.006177770467212396+0.010700212326710392*I,0.06259163918920398+0.10841189920472047*I,-0.12215667993468751+0.*I,-0.005340114758527878+0.009249350080018691*I,-0.06592201652660268-0.11418028196147104*I,0.12570773086312212-8.656128070344526*^-18*I,-0.002680799641877343+0.004643281184644009*I,0.05941234530383982+0.10290520066307676*I,-0.14607544326852603+0.*I,0.031049152321157816-0.05377870935219047*I,-0.03278624337088223-0.05678743930768629*I,0.1489293658165721-3.353481092245402*^-17*I,-0.0699716214100389+0.12119440337016174*I,-0.025629424129326686-0.0443914647607255*I,-0.0637455110021211+0.*I,0.07381718764883996-0.1278551194796366*I,0.0836071964801907+0.14481191218208408*I,-0.12189607908784113+0.*I,0.017509782669915035-0.030327833213781873*I,-0.03092439659335233-0.05356262609309614*I,0.14239262434559127-1.961007145932796*^-17*I,-0.09614015466974271+0.16651963253552468*I,-0.10465616496285206-0.18126979504096954*I,0.19964317900777856+0.*I,-0.08650996118847187+0.14983964813924489*I,-0.0694956492563059-0.1203699954169081*I,0.10480438695783832+0.*I,-0.037410015428102766+0.06479604743340955*I
-1.2001628473785759*^-26-2.4703231636742452*^-42*I,-1.799301989665075*^-25+3.1164824642596797*^-25*I,3.7461194901462356*^-24+6.488469288157304*^-24*I,1.2501940346837078*^-22+3.4434921711494005*^-38*I,8.863498961292328*^-22-1.5352030533792277*^-21*I,-1.1025250954634393*^-20-1.9096294819624038*^-20*I,-2.454719633485289*^-19-1.5451180033089348*^-35*I,-1.2395762206413735*^-18+2.147008994005067*^-18*I,1.1469909312077788*^-17+1.9866465686726118*^-17*I,1.9591176901900604*^-16+0.*I,7.765128473034716*^-16-1.3449597042595863*^-15*I,-5.739174243015257*^-15-9.940541382393076*^-15*I,-7.937846136307816*^-14-9.167688489553503*^-30*I,-2.5754498791822435*^-13+4.4608100430907707*^-13*I,1.5717472988820419*^-12+2.722346178322842*^-12*I,1.8075301822358998*^-11+0.*I,4.903428488691488*^-11-8.49298727369431*^-11*I,-2.5130520370216517*^-10-4.3527338101859744*^-10*I,-2.435292322502148*^-9-1.93524945386924*^-24*I,-5.580925181451944*^-9+9.666445967515306*^-9*I,2.4204677402030994*^-8+4.192373104113198*^-8*I,1.9868854619416736*^-7+8.947842881819688*^-23*I,3.858167174812722*^-7-6.682541570870104*^-7*I,-1.4172906847475037*^-6-2.454819475076763*^-6*I,-9.843471833824973*^-6-4.784210908767624*^-22*I,-0.000016143227169061117+0.000027960889654940147*I,0.00004995560593544089+0.000086525647603073*I,0.0002912731206852275+0.*I,0.0003992612793080083-0.0006915408212564189*I,-0.0010269691761931668-0.0017787627909737187*I,-0.0049427762853119905+0.*I,-0.005544540845927437+0.009603426449787242*I,0.011544438142601351+0.019995553407821626*I,0.044356247425215385+6.1086673953350515*^-18*I,0.0390063089742992-0.06756090895921606*I,-0.06212821433403381-0.10760922381007557*I,-0.17637712819708548+0.*I,-0.10869087042609367+0.18825810989687972*I,0.11075088069407611+0.19182615234513892*I,0.16527100248880944+0.*I,0.023941758340475926-0.04146834186824017*I,0.04537150909006978+0.0785857589600741*I,0.17595554478280584+3.962036561893553*^-17*I,0.07162028332373166-0.12404996956918116*I,-0.00127526111402416-0.0022088170424067323*I,0.13872538533844528+0.*I,0.07447361010669501-0.12899207652787079*I,-0.003635158772372195-0.006296279687328351*I,0.14093983953209285+9.70499819563207*^-18*I,0.0603467205593403-0.10452358607893873*I,0.025982264432990176+0.04500260209362875*I,0.1531404211535723+0.*I,0.017967001221972322-0.031119758976108153*I,0.06693976200353657+0.115943068836694*I,0.0920935318789762+0.*I,-0.05022468782626788+0.08699171110938203*I,0.05963677994539537+0.10329393286522946*I,-0.0746164019009135+0.*I,-0.06437162257381464+0.1114949208634946*I,-0.03225824653324528-0.05587292195866341*I,-0.12814448962640018+0.*I,0.03568249108722685-0.061803887503700534*I,-0.05921658754651876-0.10256613828142094*I,0.09264451774234528+0.*I,0.04733674074294827-0.08198964003150212*I,0.060518046583233294+0.10482033145698015*I,0.04946739803195962+0.*I,-0.07062006613070704+0.12231754257225863*I,-0.00970813835520994-0.016814988878131765*I,-0.12967654007377216+0.*I,0.04850215070480979-0.0840081892970932*I,-0.0325939348320281-0.05645435114766161*I,0.14264857502050432+0.*I,-0.02219668608580226+0.03844578806026668*I,0.052665472742483156+0.09121927459461461*I,-0.13593664675276126+0.*I,0.010508616014815064-0.01820145685489167*I,-0.057267732496894694-0.09919062231888488*I,0.1385429229507253-9.53994854626053*^-18*I,-0.017758964463028853+0.030759428739776117*I,0.04880883818822108+0.084539387600407*I,-0.15020985294846484+0.*I,0.04356661488793079-0.0754595904996828*I,-0.01913654864627822-0.03314547453686729*I,0.1372093693032328-3.0895788961058417*^-17*I,-0.07490987629948385+0.12974771173940583*I,-0.03786118457775429-0.06557749532341357*I,-0.03824006321721698+0.*I,0.06647602852313679-0.1151398588874708*I,0.08423457219511182+0.14589855879576236*I,-0.13699543463519112+0.*I,0.028725218036884638-0.049753537098378126*I,-0.01968623624761431-0.03409756139067207*I,0.12524595563239224-1.7248661236708754*^-17*I,-0.0914404901013087+0.15837957472446568*I,-0.10372181293632732-0.17965144985887377*I,0.20346977328931842+0.*I,-0.0900834709766915+0.156029148653786*I,-0.0736605164026694-0.12758375692118407*I,0.1127952671345842+0.*I
-1.4788067628496714*^-27-2.56136844783209*^-27*I,-9.018216722898345*^-26-1.8562405688753123*^-41*I,-9.549799918477198*^-25+1.6540738660919626*^-24*I,1.6215596448560398*^-23+2.8086236923940073*^-23*I,4.681089739587904*^-22+1.289343527766618*^-37*I,2.9647428927376595*^-21-5.135085321600352*^-21*I,-3.3622141897468995*^-20-5.823525802570657*^-20*I,-6.921305443806596*^-19-4.35660085239213*^-35*I,-3.2648360347955362*^-18+5.654861890647579*^-18*I,2.8440910832604434*^-17+4.9261102575606947*^-17*I,4.601598056887516*^-16+0.*I,1.7362549006476604*^-15-3.0072817028122007*^-15*I,-1.2265925156307433*^-14-2.1245205572561694*^-14*I,-1.6271125305642303*^-13-1.8792076038652402*^-29*I,-5.077881640830456*^-13+8.795148996739565*^-13*I,2.988106527357795*^-12+5.175552323811902*^-12*I,3.3205115271753406*^-11+0.*I,8.720192679852292*^-11-1.510381677329434*^-10*I,-4.333445519440284*^-10-7.505747811502295*^-10*I,-4.077562493303794*^-9-3.2403093934021568*^-24*I,-9.084695991168744*^-9+1.5735155028021535*^-8*I,3.8346812277151356*^-8+6.64186271723322*^-8*I,3.0664847091752284*^-7+1.380976603975371*^-22*I,5.805581072785988*^-7-1.005556138552555*^-6*I,-2.0807945459313814*^-6-3.604041873665368*^-6*I,-0.000014108661321939802-6.857215883179257*^-22*I,-0.000022600106128508177+0.000039144532071024924*I,0.0000683369691031273+0.00011836310252188104*I,0.00038944244884511536+0.*I,0.0005218414563604224-0.0009038559159119889*I,-0.001312152662958432-0.0022727150795308045*I,-0.006172757358448932+0.*I,-0.00676552855380223+0.011718239195243452*I,0.013755170043032219+0.02382465338128119*I,0.05155488200733187+7.100051178123408*^-18*I,0.0441560806796355-0.07648057520023917*I,-0.06832885232313603-0.11834904384654235*I,-0.18767785158395675+0.*I,-0.11104476187949382+0.19233516948967097*I,0.1068191046631682+0.18501611649562494*I,0.14245834312512293+0.*I,0.007981658236204565-0.013824637593756881*I,0.058435868443558296+0.10121389312865392*I,0.17952660459076075+4.042447040240744*^-17*I,0.05969866993612487-0.10340112947365289*I,0.016024011209556613+0.027754401556005278*I,0.1543158791193064+0.*I,0.0647164964604569-0.11209225995736274*I,0.014218069109583266+0.0246264180833238*I,0.15306536944091143+1.0539951933885555*^-17*I,0.04693654668535633-0.08129648359086573*I,0.04206334039348679+0.07285584269758338*I,0.14689428278039127+0.*I,-0.00014603890598127205+0.00025294680504133745*I,0.07283560254142907+0.126154964201648*I,0.06061881226150929+0.*I,-0.06167744472150315+0.10682846793866432*I,0.047086954561192884+0.08155699767367318*I,-0.10275945643976456+0.*I,-0.053856436823324375+0.09328208489262119*I,-0.04702351497764226-0.08144711709175248*I,-0.10751827424462229+0.*I,0.0497135283025824-0.08610635684358608*I,-0.04733674074294827-0.08198964003150212*I,0.11597531572358055+0.*I,0.03279140006155733-0.0567963709579345*I,0.0675515998955473+0.1170028031516524*I,0.015807092599375735+0.*I,-0.07040107920979692+0.12193824609904924*I,-0.026058608722066216-0.04513483428117618*I,-0.11171377974692549+0.*I,0.05911806345179463-0.10239548954358903*I,-0.016994334003983817-0.0294350499356954*I,0.14140869303838527+0.*I,-0.03684647079844773+0.06381995950251446*I,0.040262316951517295+0.06973637859046959*I,-0.14295415854154486+0.*I,0.025639327911140347-0.0444086186140139*I,-0.0461509971841768-0.0799358719429624*I,0.1451717165220128-9.99640166740882*^-18*I,-0.0318833002440426+0.05522349593565497*I,0.03640150913778859+0.0630492632988326*I,-0.14855338780535782+0.*I,0.05432974684951025-0.09410188190570691*I,-0.005017119729865571-0.008689906279783405*I,0.12120525150962333-2.729210031814569*^-17*I,-0.07750540533802638+0.13424329990668188*I,-0.0488550350779232-0.08461940296052262*I,-0.012076494880208581+0.*I,0.057633407709235446-0.09982399036572762*I,0.08300972417739326+0.14377705979752375*I,-0.14919888345486007+0.*I,0.0392916914001273-0.06805520582033761*I,-0.008298445490987634-0.014373329214231437*I,0.10671991839131323-1.469728671274466*^-17*I,-0.08584583880452251+0.14868935442780093*I,-0.10196178766545205-0.17660299666711263*I,0.20609378457203323+0.*I,-0.0933201265355898+0.16163520052839808*I,-0.07771579630466645-0.1346077077503559*I
3.616146210739031*^-28-6.2633489645976745*^-28*I,-1.1209607165931258*^-26-1.9415609144281105*^-26*I,-4.828641008482218*^-25-9.93890433983611*^-41*I,-4.1703843799684065*^-24+7.223317633196906*^-24*I,6.125625518042563*^-23+1.060989462539015*^-22*I,1.5797752617106884*^-21+4.351279557378888*^-37*I,9.122421458666212*^-21-1.5800497454466465*^-20*I,-9.565742209559949*^-20-1.656835151906401*^-19*I,-1.8395250147315562*^-18-1.157885071283394*^-34*I,-8.169553668241843*^-18+1.4150082028555566*^-17*I,6.741719335867506*^-17+1.167700042009203*^-16*I,1.0384365370651112*^-15+0.*I,3.745418070929629*^-15-6.4872543944367295*^-15*I,-2.5379490059508096*^-14-4.395856625325728*^-14*I,-3.2385381257164*^-13-3.740297832469738*^-29*I,-9.746192808686069*^-13+1.6880901125006686*^-12*I,5.5423619105318365*^-12+9.599652422975652*^-12*I,5.96285825361831*^-11+0.*I,1.5185501986166275*^-10-2.6302060978478024*^-10*I,-7.328357841417069*^-10-1.269308811738018*^-9*I,-6.704810750853833*^-9-5.328100131550037*^-24*I,-1.4540726074893478*^-8+2.5185276340657036*^-8*I,5.980177954422218*^-8+1.035797205536261*^-7*I,4.6633906882510807*^-7+2.100135512302449*^-22*I,8.615919392621097*^-7-1.4923210141937705*^-6*I,-3.0154590292954757*^-6-5.222928246882097*^-6*I,-0.000019975970039037188-9.70889696108783*^-22*I,-0.00003127637656970675+0.000054172273295388885*I,0.00009246705615718774+0.00016015763929057378*I,0.0005153403017952959+0.*I,0.0006753839261604238-0.0011697992747252012*I,-0.0016608839696324385-0.002876735420880067*I,-0.007639860799151971+0.*I,-0.008184180648957312+0.01417541670231609*I,0.016251689601300346+0.028148752098290993*I,0.05942603320164107+8.184052811613615*^-18*I,0.04956987330994466-0.08585753909757658*I,-0.07449889097116234-0.1290358642695875*I,-0.19780661045830397+0.*I,-0.11213552306076298+0.194224423274553*I,0.10121356567891172+0.1753070381710847*I,0.11704534578852985+0.*I,-0.007873450241921326+0.013637215849873187*I,0.06947876409906624+0.12034074946667532*I,0.17690250882567465+3.983359596443422*^-17*I,0.0457539227229709-0.07924811880176573*I,0.03234764677476912+0.056027767719191636*I,0.162871281546525+0.*I,0.05213657115253846-0.09030319016862648*I,0.03105938207293224+0.0537964278020126*I,0.15720212443910278+1.0824805385730708*^-17*I,0.031289891831179924-0.054195682414938*I,0.055582724375940674+0.09627210264222637*I,0.1325721317859456+0.*I,-0.01794369797486468+0.031079396568136384*I,0.07441060987786469+0.12888295693064822*I,0.0261016954296486+0.*I,-0.06927156861435038+0.11998187636004846*I,0.031915343112021266+0.055278995811014246*I,-0.12424107615751157+0.*I,-0.040244866973529456+0.06970615434200374*I,-0.05869946012525301-0.10167044731380158*I,-0.08069474095992647+0.*I,0.060518046583233294-0.10482033145698015*I,-0.03279140006155733-0.0567963709579345*I,0.1320123666833586+0.*I,0.01652419459721651-0.028620744596534138*I,0.07051564656347888+0.12213668257651511*I,-0.01826278545804874+0.*I,-0.06616278101418524+0.11459729828662231*I,-0.04070105722236168-0.07049629903089863*I,-0.08784356891782746+0.*I,0.06637561347994426-0.11496593493081711*I,-0.0007203708311145398-0.0012477188797810023*I,0.1328610208913978+0.*I,-0.0494248575998575+0.08560636451980996*I,0.026057648736777326+0.045133171537881274*I,-0.14305212113457086+0.*I,0.039371842375068966-0.06819403138121276*I,-0.03312941024685957-0.05738182177235376*I,0.14546062607961932-1.001629573529325*^-17*I,-0.04449304049533167+0.07706420672113397*I,0.022722549889953297+0.03935661088691771*I,-0.14129619189967563+0.*I,0.06298874283952542-0.10909970290294833*I,0.009081946265750535+0.015730392363890358*I,0.10151143504685434-2.2857592672193026*^-17*I,-0.0777208869840412+0.13461652506567814*I,-0.05832176548456519-0.1010162610063837*I,0.014055144555294458+0.*I,0.04751856674147136-0.08230457189908107*I,0.07997652765508964+0.13852340931155266*I,-0.15828571812748568+0.*I,0.049027894946183904-0.08491880503493993*I,0.003068793139366042+0.0053153056353007835*I,0.08703409164081065-1.1986187938580817*^-17*I,-0.07939449848270505+0.1375153052134953*I,-0.09935837089722088-0.17209374655125947*I,0.20741929515661744+0.*I,-0.09616522131064453+0.16656304923114165*I
1.7550732297948121*^-28+0.*I,2.7647669362390608*^-27-4.7887168046525956*^-27*I,-6.054008604266321*^-26-1.048585049204841*^-25*I,-2.1270161211498362*^-24-4.378086861347031*^-40*I,-1.589184175706958*^-23+2.752547734908916*^-23*I,2.0854366173397854*^-22+3.612082177197086*^-22*I,4.9038285548092065*^-21+1.3506939537922625*^-36*I,2.6184250481709894*^-20-4.5352452192431373*^-20*I,-2.565040386661617*^-19-4.442780273164039*^-19*I,-4.644329788194777*^-18-2.9233634143606675*^-34*I,-1.9540244342329426*^-17+3.384469599322486*^-17*I,1.535225720957495*^-16+2.6590889497849404*^-16*I,2.260605320181438*^-15+0.*I,7.821149908585293*^-15-1.3546629015282404*^-14*I,-5.098402450849303*^-14-8.830692082304678*^-14*I,-6.274164264656012*^-13-7.2462457098481*^-29*I,-1.8248441569609212*^-12+3.16072279575151*^-12*I,1.0047942131280862*^-11+1.7403546282890365*^-11*I,1.048418656559567*^-10+0.*I,2.5931536367048*^-10-4.4914738506047097*^-10*I,-1.2169469806606224*^-9-2.1078140006217433*^-9*I,-1.0839270905527837*^-8-8.61362428914116*^-24*I,-2.2907296025614868*^-8+3.9676600580385497*^-8*I,9.18862129495254*^-8+1.5915158934367148*^-7*I,6.993811275438284*^-7+3.1496291878126285*^-22*I,1.262039973238896*^-6-2.185917354832632*^-6*I,-4.3164425802784915*^-6-7.476297856996056*^-6*I,-0.000027956460920456145-1.3587645453160166*^-21*I,-0.00004281066671555306+0.00007415024985723572*I,0.00012382272191668048+0.00021446724549116294*I,0.000675235591163885+0.*I,0.0008659202618299774-0.0014998178887928662*I,-0.0020834804384453204-0.003608693975963175*I,-0.009374336647033117+0.*I,-0.00981794476419262+0.017005179157486457*I,0.019045300910615598+0.032987428822624024*I,0.06794745233450017+9.3576082460909*^-18*I,0.0551935419962304-0.09559801898715761*I,-0.08052982383023541-0.13948174639853866*I,-0.20647940355490352+0.*I,-0.11185906181101397+0.19374557834366374*I,0.09397530795752834+0.16277000803937092*I,0.0895485572752489+0.*I,-0.023215707476769185+0.040210784883420836*I,0.07819379612780668+0.13543562773004383*I,0.16827881029405498+3.7891775436800374*^-17*I,0.03034766933587515-0.05256370518103578*I,0.047059428911855126+0.08150932185050885*I,0.16420124398973374+0.*I,0.037385742606529514-0.06475400567320164*I,0.04610798131650427+0.07986136627462193*I,0.15337472885923226+1.0561254161889877*^-17*I,0.014285343333839403-0.024742940457775215*I,0.06589452484699397+0.11413266497560336*I,0.11120714709657792+0.*I,-0.034437634923879704+0.05964773338066797*I,0.07170909401215105+0.1242037941937788*I,-0.00936367139999252+0.*I,-0.07268267514465954+0.1258900861805739*I,0.015100534976505495+0.026154893800778425*I,-0.13799180466490227+0.*I,-0.02444571805227775+0.04234122569404876*I,-0.06668405647079895-0.11550017386221592*I,-0.04946739803195962+0.*I,0.0675515998955473-0.1170028031516524*I,-0.01652419459721651-0.028620744596534138*I,0.14003227790690634+0.*I,-0.00046324975566242835+0.0008023721134011942*I,0.06936016046158151+0.12013532194058917*I,-0.05078491522240368+0.*I,-0.058261225340427165+0.1009114024008392*I,-0.05287319856507989-0.09157906627339622*I,-0.0595346397015593+0.*I,0.06998165872687094-0.12121178851288639*I,0.015358028543227997+0.026600885740963923*I,0.11764228843224356+0.*I,-0.059360615152927496+0.10281560141341343*I,0.01078812146232332+0.018685574490968238*I,-0.13640518166183246+0.*I,0.051114774039755825-0.08853338565425976*I,-0.018824686175096462-0.0326053128918065*I,0.1395502779782597-9.609314161809967*^-18*I,-0.055107882319413645+0.09544965207475106*I,0.008337151631219487+0.014440370215677898*I,-0.1288324227316678+0.*I,0.06927868365507489-0.11999419997208126*I,0.02268405369439647+0.039289933520315165*I,0.07882607877163741-1.7749472260702947*^-17*I,-0.07559130376867378+0.13092797873771586*I,-0.06602033702207176-0.1143505780550487*I,0.03947570254361499+0.*I,0.03638910991968903-0.06302778722311003*I,0.07521871777277868+0.13028264086263677*I,-0.16409790303840918+0.*I,0.05776597866986235-0.10005361000514162*I,0.01424213543308777+0.02466810217838499*I,0.06643345644219038-9.149103291752348*^-18*I,-0.07213931930188767+0.12494896625430367*I,-0.09590510201053212-0.16611250938731772*I,0.20736254832444387+0.*I
2.113581880522854*^-29+3.6608312030225554*^-29*I,1.3532518839408065*^-27+0.*I,1.5058999766297327*^-26-2.608295270639482*^-26*I,-2.6896065656490995*^-25-4.658535224075077*^-25*I,-8.174939492448472*^-24-1.6826668509144966*^-39*I,-5.456989168760492*^-23+9.451782496646222*^-23*I,6.52960592114889*^-22+1.1309609208832466*^-21*I,1.4198226333393728*^-20+3.910711446932942*^-36*I,7.082791800829878*^-20-1.2267755258469611*^-19*I,-6.533135292500569*^-19-1.1315722259332346*^-18*I,-1.1206952451017093*^-17-7.054192160311116*^-34*I,-4.4894038481808826*^-17+7.775875560744523*^-17*I,3.372097804503161*^-16+5.840644725490938*^-16*I,4.763280157842284*^-15+0.*I,1.5854879677909722*^-14-2.746145715003092*^-14*I,-9.968148477110225*^-14-1.7265339619745239*^-13*I,-1.1856464282865292*^-12-1.36934338693777*^-28*I,-3.339292852424189*^-12+5.783824881750294*^-12*I,1.7833850381548012*^-11+3.088913495542276*^-11*I,1.8074511299826544*^-10+0.*I,4.3478564421847205*^-10-7.530708261879573*^-10*I,-1.986649430888645*^-9-3.4409777511269368*^-9*I,-1.7245805420714808*^-8-1.370469377067733*^-23*I,-3.555263830991105*^-8+6.157897589588553*^-8*I,1.3921877791969724*^-7+2.4113399672456403*^-7*I,1.035149724732001*^-6+4.661746876445134*^-22*I,1.8258130931467405*^-6-3.1624010424546383*^-6*I,-6.106837932808838*^-6-0.000010577353573213812*I,-0.00003869497101518147-1.880687074342371*^-21*I,-0.00005798844424451299+0.00010043893168337154*I,0.00016417251593650275+0.00028435513880843396*I,0.0008764231459414908+0.*I,0.0011002474986396785-0.0019056845685444927*I,-0.002591130616962343-0.004487969877626068*I,-0.01140732356917853+0.*I,-0.011683195358273998+0.020235887955283433*I,0.022143230209984065+0.038353199767386464*I,0.07708080397110681+1.0615437990294023*^-17*I,0.0609623526479335-0.10558989213515191*I,-0.08630575610908249-0.14948595456657893*I,-0.21342330673654758+0.*I,-0.11013788254584869+0.19076440840746342*I,0.08518887148720537+0.14755145365529537*I,0.0605558255276017+0.*I,-0.03764684183774603+0.06520624280748574*I,0.0843480626471683+0.14609513002489827*I,0.15405343996206364+3.468861196551583*^-17*I,0.014083285531006618-0.024392966077203086*I,0.059606055973805076+0.10324071738542479*I,0.15843163313979017+0.*I,0.021191071702448983-0.036704012855476746*I,0.05869802671978977+0.1016679645827114*I,0.14200087888283208+9.778060468291137*^-18*I,-0.0031654746284672966+0.005482762886575573*I,0.0725497054626804+0.1256597759355198*I,0.08416844524242668+0.*I,-0.04875542273506843+0.08444686932163724*I,0.06501389506146335+0.11260736944440587*I,-0.04372392162226385+0.*I,-0.0718425414068485+0.12443493186153243*I,-0.0023279928126162916-0.004032201831106591*I,-0.14344387041727366+0.*I,-0.007454759815717735+0.012912022759045917*I,-0.07062006613070704-0.12231754257225863*I,-0.015807092599375735+0.*I,0.07051564656347888-0.12213668257651511*I,0.00046324975566242835+0.0008023721134011942*I,0.13980912681027913+0.*I,-0.01717236487879083+0.02974340845617708*I,0.06427189983910574+0.11132219602030907*I,-0.0799743370437949+0.*I,-0.0472404357405885+0.08182283487439196*I,-0.06198016167948572-0.10735278909020281*I,-0.02843249845164156+0.*I,0.06984757293152219-0.12097954510276908*I,0.03041638396227658+0.0526827224051862*I,0.09670026457250383+0.*I,-0.06623487206872225+0.1147221636558517*I,-0.004786791954608523-0.008290966870643892*I,-0.12349532433315903+0.*I,0.06038796933882156-0.10459503106075048*I,-0.0038925929813314803-0.006742168816852133*I,0.12783736252143876-8.802772705885052*^-18*I,-0.06334402443369377+0.109715068675042*I,-0.006179780219820285-0.0107036933203379*I,-0.11173787069697867+0.*I,0.07302593526720433-0.12648463015303382*I,0.03534173659148468+0.06121368340416755*I,0.05392577134574312-1.2142605563460715*^-17*I,-0.07122106015635445+0.12335849475972542*I,-0.07176370407556039-0.12429838159820816*I,0.06353478501965376+0.*I,0.02452432769126272-0.04247738158273537*I,0.068857826847097+0.11926525459795227*I,-0.16654381220286027+0.*I,0.06535516768737556-0.11319847097171824*I,0.025048376933930697+0.0433850614967043*I,0.04518460896848432-6.2227479464332466*^-18*I,-0.06414730654923675+0.11110639411197387*I,-0.09160737689008923-0.15866863112174556*I
-5.05307626461101*^-30+8.75218482482663*^-30*I,1.6432841427103644*^-28+2.8462516264466165*^-28*I,7.432584817757993*^-27+0.*I,6.746517823079018*^-26-1.1685311643741837*^-25*I,-1.0424502464620843*^-24-1.8055767912350276*^-24*I,-2.830949231251064*^-23-5.82700879003242*^-39*I,-1.7231716547446175*^-22+2.9846208561802127*^-22*I,1.906729483336591*^-21+3.3025523414285333*^-21*I,3.873652408813161*^-20+1.0669457198999357*^-35*I,1.8195931122116757*^-19-3.151627719452999*^-19*I,-1.5901934357162388*^-18-2.7542958245230397*^-18*I,-2.597364798199736*^-17-1.6349056959963983*^-33*I,-9.947818140965528*^-17+1.7230126444607664*^-16*I,7.168347249556195*^-16+1.2415941642527947*^-15*I,9.742359456533934*^-15+0.*I,3.12780273584605*^-14-5.417513254538294*^-14*I,-1.900826845600585*^-13-3.292328672971095*^-13*I,-2.1895156923164466*^-12-2.528746144162836*^-28*I,-5.981705415683679*^-12+1.036061769587404*^-11*I,3.10328176629261*^-11+5.375041689420887*^-11*I,3.0591680611139946*^-10+0.*I,7.165796816761341*^-10-1.241152416334594*^-9*I,-3.191532022866928*^-9-5.527895617588608*^-9*I,-2.702941170786146*^-8-2.1479414919807683*^-23*I,-5.4405343946145414*^-8+9.423281991798352*^-8*I,2.0815373755765528*^-7+3.605328492352173*^-7*I,1.5130994470906096*^-6+6.814170407137672*^-22*I,2.6104934278289897*^-6-4.521507249824443*^-6*I,-8.544218318884026*^-6-0.000014799020239267886*I,-0.00005299698211897286-2.5758060191129615*^-21*I,-0.00007776635231255672+0.0001346952733246497*I,0.0002156138021007181+0.00037345406005154485*I,0.0011273078228518762+0.*I,0.0013859442928581874-0.0024005259316905*I,-0.00319581717063157-0.005535317711234894*I,-0.013770310214860347+0.*I,-0.013794697860326721+0.023893117569147564*I,0.02554790754856492+0.044250273901186896*I,0.08677069391884064+1.1949913249678954*^-17*I,0.06680151375464274-0.11570361584555243*I,-0.09170573520379484-0.1588389927184305*I,-0.2183844210741432+0.*I,-0.10692459180954324+0.18519882559269193*I,0.07498145647539008+0.12987169224089*I,0.030710140198456172+0.*I,-0.05079093421408118+0.08797247862267692*I,0.0877897267403658+0.1520562670969018*I,0.13480940832405205+3.0355383533177803*^-17*I,-0.002418076970446558+0.004188232169425663*I,0.06953670736842633+0.12044111015316354*I,0.14598657648733868+0.*I,0.004318691308482194-0.007480192768497277*I,0.06830446745235903+0.11830680801142056*I,0.12385090128633003+8.528268355503143*^-18*I,-0.020165783360322508+0.03492816135450562*I,0.075308645599098+0.13043840042683608*I,0.053069073899151886+0.*I,-0.06018141067626732+0.10423726096246304*I,0.05481678248658766+0.09494545237422168*I,-0.07507949008498178+0.*I,-0.06692774861511183+0.11592226103757125*I,-0.01935194100419558-0.03351854504434223*I,-0.14053386121311914+0.*I,0.00970813835520994-0.016814988878131765*I,-0.07040107920979692-0.12193824609904924*I,0.01826278545804874+0.*I,0.06936016046158151-0.12013532194058917*I,0.01717236487879083+0.02974340845617708*I,0.1315981111712927+0.*I,-0.032664068279547+0.05657582584207434*I,0.055650235585030454+0.09638903548645028*I,-0.10430758730443965+0.*I,-0.03379201109318774+0.058529480103332275*I,-0.06761719943465791-0.11711642488634508*I,0.0037374571501446224+0.*I,0.06608278324948967-0.11445873809367767*I,0.04371522201901125+0.0757169856010812*I,0.0712303622148102+0.*I,-0.06979368995441584+0.12088621704875784*I,-0.01992186387322557-0.03450568040989758*I,-0.10507480506972572+0.*I,0.06683867975999977-0.11576798925514516*I,0.011006890139762165+0.019064492955396972*I,0.11094689128625607-7.639709136315021*^-18*I,-0.068925507149246+0.11938248031994597*I,-0.02026615036147171-0.035102002099899374*I,-0.09074189078454462+0.*I,0.07415105154479235-0.12843338871023904*I,0.046650699908588146+0.08080138245032341*I,0.027638590680767253-6.223453027955445*^-18*I,-0.06477907869715159+0.11220065557096935*I,-0.07542293939958725-0.13063636309627344*I,0.08562749808949077+0.*I,0.012218045025397351-0.02116227475315239*I,0.06105021080981765+0.10574206693539487*I,-0.16560043295545604+0.*I,0.07166503372405977-0.12412747953620858*I,0.03531780267176423+0.06117222863918747*I,0.02357145650202436-3.246221133499673*^-18*I,-0.055498942676468294+0.09612698848199576*I
-2.398570762107442*^-30+3.587628368414249*^-46*I,-3.960964296295854*^-29+6.860591408150727*^-29*I,9.099933335927041*^-28+1.576154688331538*^-27*I,3.3573858393054084*^-26+0.*I,2.6365642568645857*^-25-4.566663250309543*^-25*I,-3.640072740874285*^-24-6.30479093044076*^-24*I,-9.014272528230475*^-23-1.855428726093196*^-38*I,-5.074236633814469*^-22+8.78883565939393*^-22*I,5.246064686142442*^-21+9.086450576191592*^-21*I,1.0036158886817208*^-19+2.764325664368562*^-35*I,4.4668354152734285*^-19-7.7367858883016*^-19*I,-3.7171866488533676*^-18-6.4383561370307255*^-18*I,-5.805160090478056*^-17-3.6540455559695686*^-33*I,-2.1331112564168278*^-16+3.6946570743110286*^-16*I,1.4790073887894498*^-15+2.561715942153103*^-15*I,1.9389307211204884*^-14+0.*I,6.017551076832599*^-14-1.0422704202214868*^-13*I,-3.5417740714903575*^-13-6.134532640751383*^-13*I,-3.9576718520222525*^-12-4.570849832583265*^-28*I,-1.0504155375067541*^-11+1.8193730800214694*^-11*I,5.301029941932367*^-11+9.181653191870755*^-11*I,5.089100665400072*^-10+0.*I,1.1620944654870561*^-9-2.012806657418174*^-9*I,-5.0501807617818365*^-9-8.74716966681306*^-9*I,-4.1765953212980366*^-8-3.319007636122386*^-23*I,-8.215089319444995*^-8+1.4228952089995138*^-7*I,3.073328868201684*^-7+5.323161748093477*^-7*I,2.185646024494097*^-6+9.842951492198854*^-22*I,3.690806819285638*^-6-6.3926649319244015*^-6*I,-0.00001182828704208705-0.00002048719412340338*I,-0.00007185894593161262-3.492551803086481*^-21*I,-0.00010329851436077642+0.00017891827521924808*I,0.0002806104355535467+0.000486031531512775*I,0.0014374791886620304+0.*I,0.0017313709859359929-0.00299882251439176*I,-0.003910207051805104-0.006772677281840547*I,-0.016494506337944383+0.*I,-0.016165042457392816+0.027998674842712415*I,0.029256290120857124+0.05067338093029995*I,0.09694405649047586+1.3350971541344578*^-17*I,0.07262702946394492-0.12579370503435444*I,-0.09660638563561505-0.16732716825647742*I,-0.22113570017648596+0.*I,-0.10220463862778147+0.17702362687253417*I,0.06352073445581889+0.11002113941156932*I,0.0006914708867079602+0.*I,-0.0623064339144835+0.10791790917831788*I,0.08845262917867026+0.1532044478005064*I,0.11129101760357231+2.5059686598678898*^-17*I,-0.01854139638765912+0.032114640586699626*I,0.07651763372449978+0.13253242928577944*I,0.12755857099649293+0.*I,-0.012462104067314858+0.021584997413800096*I,0.07456079692484152+0.12914308852665082*I,0.09999271459829329+6.885413790554347*^-18*I,-0.0358776988919484+0.06214199733951223*I,0.07414209208474475+0.12841787047022823*I,0.01966749114989971+0.*I,-0.06818629133120276+0.11810212096533643*I,0.041779553250560125+0.0723643089474996*I,-0.10178093823652969+0.*I,-0.05833544057464662+0.10103994695720292*I,-0.035021065628672875-0.060658265004065515*I,-0.12967654007377216+0.*I,0.026058608722066216-0.04513483428117618*I,-0.06616278101418524-0.11459729828662231*I,0.05078491522240368+0.*I,0.06427189983910574-0.11132219602030907*I,0.032664068279547+0.05657582584207434*I,0.11609328301433358+0.*I,-0.04610781061450969+0.07986107061009437*I,0.044072939331719976+0.07633657016143972*I,-0.12259125269144988+0.*I,-0.01870958244309989+0.03240594737984765*I,-0.06958073477391989-0.12051736785640381*I,0.035264436937069786+0.*I,0.05897858110348364-0.10215389902955536*I,0.05463277936640876+0.09462674962132057*I,0.042604134744652786+0.*I,-0.06995193742093239+0.12116030970093353*I,-0.03392024698901748-0.05875159119026347*I,-0.08211900647349499+0.*I,0.07025118632350062-0.12167862400429094*I,0.025237936092515022+0.04371338759041236*I,0.08969651991717822-6.176426529508511*^-18*I,-0.0716906871328329+0.12417191254359095*I,-0.033393617829977476-0.05783944273005896*I,-0.06669498463994035+0.*I,0.07266825268676579-0.12586510575073193*I,0.05626187282486517+0.09744842226164514*I,0.0008164628718074897-1.838450589052417*^-19*I,-0.056492096992695376+0.09784718221745746*I,-0.07692959299986224-0.13324596368135627*I,0.1052096299899675+0.*I,-0.00022880669773619731+0.00039630482559114866*I,0.051983250429212806+0.09003763088597322*I,-0.16131398898468494+0.*I,0.07658834428089488-0.1326549035620872*I,0.04488751160877577+0.07774745073173743*I,0.001890478773108339-2.603535401034626*^-19*I
-2.8259518117516197*^-31-4.894692117695124*^-31*I,-1.8953624212903705*^-29+2.834961593992388*^-45*I,-2.2112272241237215*^-28+3.82995789926178*^-28*I,4.143996560579679*^-27+7.177612589314682*^-27*I,1.3227974144127627*^-25+0.*I,9.281984505755179*^-25-1.6076868759035067*^-24*I,-1.1686153730888712*^-23-2.0241012006959836*^-23*I,-2.67640511377653*^-22-5.508907030724662*^-38*I,-1.4077038290289592*^-21+2.4382145538874087*^-21*I,1.3705491185770747*^-20+2.3738607076442366*^-20*I,2.4844283748675785*^-19+6.843025499479631*^-35*I,1.052975075566096*^-18-1.8238063299841555*^-18*I,-8.378593987999081*^-18-1.451215048320555*^-17*I,-1.2554478663106403*^-16-7.902389641533717*^-33*I,-4.439034782097899*^-16+7.688633779159*^-16*I,2.969059781198144*^-15+5.14256239174452*^-15*I,3.762893243167134*^-14+0.*I,1.1311187258224492*^-13-1.9591551025170524*^-13*I,-6.458863201712087*^-13-1.1187079224502325*^-12*I,-7.0122206418414435*^-12-8.09865212307088*^-28*I,-1.8105858539851917*^-11+3.136026690567836*^-11*I,8.899378173412959*^-11+1.5414175152120757*^-10*I,8.329643468886375*^-10+0.*I,1.8561318733971817*^-9-3.2149147102719134*^-9*I,-7.877870602289928*^-9-1.364487213861942*^-8*I,-6.36753976697276*^-8-5.060081593762686*^-23*I,-1.224855998094394*^-7+2.1215128206549748*^-7*I,4.483806378967694*^-7+7.766180459673486*^-7*I,3.1217001148763707*^-6+1.4058425957163813*^-21*I,5.162762838293471*^-6-8.942167543352786*^-6*I,-0.00001620971994062563-0.00002807605851362598*I,-0.00009650210246519573-4.69028020933137*^-21*I,-0.00013596455056379237+0.000235497509604756*I,0.00036203011197565266+0.0006270545478116802*I,0.0018177730601377448+0.*I,0.00214565092379836-0.003716376415325857*I,-0.004747507101923095-0.008222923509824873*I,-0.019610129311075947+0.*I,-0.018804059961960436+0.032569587242687166*I,0.033259250717998165+0.057606712065244495*I,0.10750994882476712+1.4806088368211548*^-17*I,0.07834687059909624-0.13570076049165897*I,-0.10088478468000418-0.17473757277641355*I,-0.22148440723180515+0.*I,-0.09599818070596583+0.16627372641691113*I,0.05101135895747504+0.08835426547748054*I,-0.02880277991760034+0.*I,-0.07189700732168011+0.12452926959330139*I,0.08635783796719113+0.1495761629909758*I,0.0843746933073404+1.8998868162687467*^-17*I,-0.033700672864729775+0.05837127765096972*I,0.0803414096713706+0.13915540350251945*I,0.10406861336922141+0.*I,-0.02841300079060822+0.04921276096482811*I,0.07726845556242816+0.1338328908565036*I,0.07172589110710374+4.9389842225273574*^-18*I,-0.04956055839360884+0.08584140518921468*I,0.0692213662943597+0.1198949233911668*I,-0.014231821462799997+0.*I,-0.0724447397117929+0.12547796992192792*I,0.02668870782941153+0.04622619794890207*I,-0.12250474631562228+0.*I,-0.04664864549066875+0.08079782409410707*I,-0.04850215070480979-0.0840081892970932*I,-0.11171377974692549+0.*I,0.04070105722236168-0.07049629903089863*I,-0.058261225340427165-0.1009114024008392*I,0.0799743370437949+0.*I,0.055650235585030454-0.09638903548645028*I,0.04610781061450969+0.07986107061009437*I,0.09436393435380264+0.*I,-0.05682116899750959+0.09841715164914414*I,0.030254643455657537+0.05240257963008008*I,-0.13400796351397462+0.*I,-0.002840968519948478+0.004920701819254519*I,-0.0678681121043898-0.11755101837858345*I,0.06453969241403862+0.*I,0.0489837912086691-0.08484241512076059*I,0.06268975634086868+0.10858184309649772*I,0.012293747085794608+0.*I,-0.06678892486088794+0.11568181124195807*I,-0.04616331448404072-0.07995720613213875*I,-0.05577203734754025+0.*I,0.07054989994665704-0.12219601117651083*I,0.03821465226761992+0.06618971932109491*I,0.06505489306338894-4.479624937088586*^-18*I,-0.07159388363406712+0.12400424396537817*I,-0.04508625493631544-0.07809168427270144*I,-0.04053344777504175+0.*I,0.06868166776576864-0.11896013811887692*I,0.06389116148724651+0.11066273785049882*I,-0.02569226759555501+5.7851944192604425*^-18*I,-0.04663643440519086+0.08077667387364387*I,-0.07627626995803716-0.1321143749791598*I,0.12181089123589628+0.*I,-0.012515693020916093+0.021677816204161884*I,0.04187083294923417+0.07252241002330259*I,-0.15379897632053205+0.*I,0.08004342346813018-0.1386392762585525*I,0.05360464259709624+0.0928459644997416*I
6.611908118049366*^-32-1.145216079543862*^-31*I,-2.25083721880422*^-30-3.898564422535934*^-30*I,-1.066537209248011*^-28+1.5952579795918193*^-44*I,-1.0150283164676936*^-27+1.7580806152431474*^-27*I,1.6458416461209476*^-26+2.850681352294278*^-26*I,4.6944646450746485*^-25+0.*I,3.0040494131212936*^-24-5.203166211973548*^-24*I,-3.497943040912493*^-23-6.058615068842416*^-23*I,-7.485633566193608*^-22-1.5407854053919464*^-37*I,-3.7078787997782014*^-21+6.422234469523351*^-21*I,3.420779053004391*^-20+5.924963121270959*^-20*I,5.905211134566945*^-19+1.6265113851715086*^-34*I,2.393240114022468*^-18-4.145213472198847*^-18*I,-1.82721226800044*^-17-3.1648244843899226*^-17*I,-2.6346963774143003*^-16-1.6584039783865863*^-32*I,-8.98709083977424*^-16+1.556609794672583*^-15*I,5.811490020504451*^-15+1.0065795983193206*^-14*I,7.134248666528031*^-14+0.*I,2.080715023874076*^-13-3.60390413742179*^-13*I,-1.1544491418397299*^-12-1.9995645684207014*^-12*I,-1.2194192465558216*^-11-1.408348763458105*^-27*I,-3.066886693244726*^-11+5.312003573756771*^-11*I,1.4698313976641812*^-10+2.5458226593143367*^-10*I,1.3426525090470715*^-9+0.*I,2.9223519728211316*^-9-5.0616620945253315*^-9*I,-1.2123754858105886*^-8-2.099895939274945*^-8*I,-9.584883559225324*^-8-7.616802509496151*^-23*I,-1.8044124774385858*^-7+3.125334088734855*^-7*I,6.467703562175618*^-7+1.1202391177982394*^-6*I,4.4109568855095386*^-6+1.986453166326439*^-21*I,7.148540294751052*^-6-0.000012381634990462207*I,-0.000022000277473120977-0.000038105598364058594*I,-0.00012840973995316548-6.241083319453441*^-21*I,-0.0001773989502437901+0.00030726399503162773*I,0.00046318035768874+0.0008022519125848236*I,0.0022803159758415584+0.*I,0.0026386305488618595-0.004570242173032093*I,-0.005721284047959866-0.009909554655599818*I,-0.023145614785762443+0.*I,-0.021718233916347182+0.03761708459377892*I,0.03754105463562851+0.06502301399862771*I,0.1183597905882655+1.6300310230351077*^-17*I,0.08386245005558761-0.14525402434348517*I,-0.10442150472128545-0.1808633515800598*I,-0.21927895790201707+0.*I,-0.08836099553595227+0.1530457336756361*I,0.0376902737744852+0.06528146912858918*I,-0.05707804883345177+0.*I,-0.07932085216800197+0.1373877460546392*I,0.0816121449863972+0.1413563816311177*I,0.055035708508904504+1.2392532988440593*^-17*I,-0.047359947224210525+0.08202983483611322*I,0.08093073199823468+0.14017613971468276*I,0.07661861325828001+0.*I,-0.04285763787780405+0.07423160629674501*I,0.0763980126527729+0.13232523951189262*I,0.04050873114637306+2.789396979506106*^-18*I,-0.060602078534786455+0.10496587906652938*I,0.060899152618639915+0.10548042647337558*I,-0.04687344331027969+0.*I,-0.0728411756907286+0.1261646171793929*I,0.010406646374726214+0.018024840257428273*I,-0.13630621659333964+0.*I,-0.0325939348320281+0.05645435114766161*I,-0.05911806345179463-0.10239548954358903*I,-0.08784356891782746+0.*I,0.05287319856507989-0.09157906627339622*I,-0.0472404357405885-0.08182283487439196*I,0.10430758730443965+0.*I,0.044072939331719976-0.07633657016143972*I,0.05682116899750959+0.09841715164914414*I,0.06777492126381539+0.*I,-0.06429862855230538+0.1113684915095918*I,0.015000816298083211+0.025982175983287403*I,-0.1381392353086678+0.*I,0.012959271696540287-0.022446117007497095*I,-0.06266697241609723-0.10854238018119776*I,0.09013299594784588+0.*I,0.0366741469328202-0.0635214858118909*I,0.06756551497451022+0.1170269047754075*I,-0.018203658040285856+0.*I,-0.06053660638181216+0.10485247797109702*I,-0.05613514926547358-0.09722893061826296*I,-0.027287995934481703+0.*I,0.06779624201368176-0.11742653572993254*I,0.04942337107183437+0.085603789777747*I,0.038096069025561584-2.6232631056001876*^-18*I,-0.06870241928666332+0.11899608080740083*I,-0.054936348092521306-0.09515254607853649*I,-0.013242516311820132+0.*I,0.062378631956696-0.10804295985563708*I,0.06932668208069767+0.12007733568394317*I,-0.05106919488813234+1.149938284599144*^-17*I,-0.035528533130478504+0.06153722450038296*I,-0.07351546552628002-0.12733252143359514*I,0.13504589752670104+0.*I,-0.024349856653098374+0.04217518888018544*I,0.030948236505434174+0.053603918032069875*I,-0.14323564543822478+0.*I,0.08197597049601978-0.14198654589887352*I
3.0724285313946817*^-32+0.*I,5.3075293075886025*^-31-9.192910423404326*^-31*I,-1.2765130795353704*^-29-2.210985510281472*^-29*I,-4.934350426228953*^-28+7.380485015702429*^-44*I,-4.063201744895611*^-27+7.037671863561718*^-27*I,5.887289478119824*^-26+1.0197084494969197*^-25*I,1.5314424134766824*^-24+0.*I,9.063816528106303*^-24-1.5698990737162664*^-23*I,-9.862061529924306*^-23-1.7081591637199348*^-22*I,-1.987638196632261*^-21-4.091202030515403*^-37*I,-9.329701174588359*^-21+1.6159516453822066*^-20*I,8.197172552826584*^-20+1.419791933990473*^-19*I,1.353172609236236*^-18+3.7271328744562823*^-34*I,5.262286252007679*^-18-9.1145471524485*^-18*I,-3.866458697451145*^-17-6.696902909351968*^-17*I,-5.378699842298492*^-16-3.385611068311901*^-32*I,-1.7739002222155638*^-15+3.0724853124350775*^-15*I,1.111175230165059*^-14+1.9246119547579235*^-14*I,1.3235813145803485*^-13+0.*I,3.751119041561434*^-13-6.497128765223474*^-13*I,-2.025050718986868*^-12-3.5074907331891394*^-12*I,-2.0836858482722868*^-11-2.4065196577288008*^-27*I,-5.110299530441046*^-11+8.851298428619266*^-11*I,2.390503137352174*^-10+4.1404728895467677*^-10*I,2.133142425795868*^-9+0.*I,4.53885209709783*^-9-7.86152244021397*^-9*I,-1.8420254807962233*^-8-3.1904817215755555*^-8*I,-1.4254281677542778*^-7-1.132742487498178*^-22*I,-2.6279585812853885*^-7+4.5517577829729095*^-7*I,9.228933970920133*^-7+1.598498253733208*^-6*I,6.1690517712434775*^-6+2.7782027216080418*^-21*I,9.802194772919271*^-6-0.000016977899372382232*I,-0.000029584245451607373-0.00005124141622577248*I,-0.0001693677387201887-8.231760062481622*^-21*I,-0.00022952134012735453+0.0003975426225218753*I,0.0005878419915340685+0.0010181721961594805*I,0.0028385485534956137+0.*I,0.003220816046688983-0.005578617034698453*I,-0.006845248753150671-0.011856318630904469*I,-0.027126763390655683+0.*I,-0.024910124492875624+0.043145601244526495*I,0.042078947517804936+0.07288287502986246*I,0.1293680761960296+1.7816352710817024*^-17*I,0.08907037887152544-0.1542744216548915*I,-0.10710374036810281-0.18550911999821987*I,-0.21441491932941956+0.*I,-0.0793843863217149+0.13749779043688604*I,0.023820957981312774+0.04125910950859708*I,-0.08346293008559663+0.*I,-0.08439817391521123+0.14618192528718*I,0.07440363378562542+0.12887087398445166*I,0.02431217992611124+5.474436505282558*^-18*I,-0.05905170536680357+0.10228055396889149*I,0.07833687841665052+0.13568345352398448*I,0.046438532507211625+0.*I,-0.05520824660345855+0.09562348811398212*I,0.07208262416792166+0.12485076740173259*I,0.007882269067302914+5.4276638408008355*^-19*I,-0.06854137175938986+0.11871713830772986*I,0.04968254348190784+0.08605268955991434*I,-0.07663731912413443+0.*I,-0.06946430931528373+0.12031571304675141*I,-0.006177770467212396-0.010700212326710392*I,-0.14264857502050432+0.*I,-0.016994334003983817+0.0294350499356954*I,-0.06637561347994426-0.11496593493081711*I,-0.0595346397015593+0.*I,0.06198016167948572-0.10735278909020281*I,-0.03379201109318774-0.058529480103332275*I,0.12259125269144988+0.*I,0.030254643455657537-0.05240257963008008*I,0.06429862855230538+0.1113684915095918*I,0.03789656582291529+0.*I,-0.06822890474517905+0.11817592956342739*I,-0.0008399379944925656-0.0014548152816686315*I,-0.13496583842848162+0.*I,0.027874463847509023-0.04827998761762747*I,-0.05433561544837975-0.09411204661711811*I,0.11085517834301786+0.*I,0.02271736537454432-0.03934763104281674*I,0.0691055823817948+0.11969437977190528*I,-0.04743811002173115+0.*I,-0.05156143134901234+0.08930701880746407*I,-0.06344095421068388-0.10988295597355514*I,0.0020292258974396456+0.*I,0.06217985155211152-0.10769866209534766*I,0.05844075009627665+0.10122234839918691*I,0.009952091698362926-6.852926205679701*^-19*I,-0.06318944184616616+0.10944732377947872*I,-0.06261691175518443-0.10845567257303632*I,0.014180586037485376+0.*I,0.0540204144090938-0.09356610240247634*I,0.07243335040134388+0.1254582430575671*I,-0.07455034999979886+1.6786695342040022*^-17*I,-0.023514602718246732+0.040728486627800604*I,-0.06875674540247091-0.11909017640015732*I,0.144622653164226+0.*I,-0.03545338463893776+0.06140706349492219*I,0.01946655271830114+0.03371705835631562*I,-0.1298660005933565+0.*I
3.544717227019928*^-33+6.139630335663179*^-33*I,2.48531767356861*^-31+0.*I,3.0333240205439705*^-30-5.253871319401259*^-30*I,-5.951626994994383*^-29-1.030852034302875*^-28*I,-1.9906205991758476*^-27+2.9774426692661976*^-43*I,-1.4647936499678304*^-26+2.5370970243485454*^-26*I,1.9356365834520954*^-25+3.3526209075280645*^-25*I,4.657065806654285*^-24+0.*I,2.5756590213798115*^-23-4.461172288002967*^-23*I,-2.639454792348436*^-22-4.571669804628652*^-22*I,-5.041196941852078*^-21-1.037641317201406*^-36*I,-2.2536075110502903*^-20+3.903362709457942*^-20*I,1.893528246049091*^-19+3.2796871277238104*^-19*I,2.999514461893252*^-18+8.261761198846187*^-34*I,1.1226110651877823*^-17-1.944419402044255*^-17*I,-7.958164391994915*^-17-1.378394506192068*^-16*I,-1.0704441868064585*^-15-6.737887952701558*^-32*I,-3.42000291730058*^-15+5.923618814798385*^-15*I,2.078809170694483*^-14+3.600603102882967*^-14*I,2.406346158107958*^-13+0.*I,6.636101858794697*^-13-1.1494065583634684*^-12*I,-3.4901224175059447*^-12-6.045069351755414*^-12*I,-3.5022230112252616*^-11-4.04483647535067*^-27*I,-8.38439505451391*^-11+1.4522198225147313*^-10*I,3.8317174934064965*^-10+6.636729378830517*^-10*I,3.342949994488317*^-9+0.*I,6.959121919646821*^-9-1.2053552740894522*^-8*I,-2.7647955799433225*^-8-4.7887664170037064*^-8*I,-2.095570847854096*^-7-1.6652835889069587*^-22*I,-3.7858832779451423*^-7+6.55734218892638*^-7*I,1.3033655802841003*^-6+2.2574954058885568*^-6*I,8.543697886836173*^-6+3.847613150605918*^-21*I,0.000013316260760687592-0.00002306444020434667*I,-0.00003943124050267492-0.00006829691195610079*I,-0.00022150812123985985-1.0765932873143245*^-20*I,-0.0002945670804045845+0.000510205149497967*I,0.000740298766446843+0.0012822350762664982*I,0.003507223671380785+0.*I,0.003903284690986071-0.006760687401193661*I,-0.008133005576000345-0.014086778875873576*I,-0.03157583840454627+0.*I,-0.028377820768184528+0.049151827378578865*I,0.04684287499435058+0.08113423946281291*I,0.140393574113832+1.9334765641517887*^-17*I,0.09386446955280764-0.16257803029096474*I,-0.10882843291365613-0.1884963751145535*I,-0.20683995754588783+0.*I,-0.06919406515966686+0.11984763643877451*I,0.009686782498935537+0.016777999450025366*I,-0.10732886894349311+0.*I,-0.08701659348894082+0.1507171610244125*I,0.06499454672507235+0.11257385714273477*I,-0.006732239143866432-1.5159157197537912*^-18*I,-0.0683920681765548+0.11845853691650741*I,0.07273315386099449+0.12597751788196693*I,0.014830756565780048+0.*I,-0.0649870694945105+0.11256090619950167*I,0.06460457439323586+0.1118984052504478*I,-0.02460504572745069-1.694282646986973*^-18*I,-0.07308331875639655+0.12658402127183033*I,0.03620024805412973+0.06270066887634909*I,-0.10211265055198399+0.*I,-0.06259163918920398+0.10841189920472047*I,-0.02219668608580226-0.03844578806026668*I,-0.14140869303838527+0.*I,-0.0007203708311145398+0.0012477188797810023*I,-0.06998165872687094-0.12121178851288639*I,-0.02843249845164156+0.*I,0.06761719943465791-0.11711642488634508*I,-0.01870958244309989-0.03240594737984765*I,0.13400796351397462+0.*I,0.015000816298083211-0.025982175983287403*I,0.06822890474517905+0.11817592956342739*I,0.006409789605385743+0.*I,-0.06850082608582923+0.11864691114109577*I,-0.016422622914723538-0.028444817281846054*I,-0.12484747505796066+0.*I,0.04116556302679912-0.07130084668459494*I,-0.04337604212556149-0.07512950879272043*I,0.12580469724199203+0.*I,0.007835949063546614-0.013572261903584501*I,0.06732074787527598+0.11660295572351254*I,-0.07407235546706854+0.*I,-0.04034112843653095+0.06987288408673324*I,-0.06781898546210569-0.11746592853814203*I,0.030884883503365084+0.*I,0.054004863353136395-0.09353916718344678*I,0.06494720670506077+0.1124918618228433*I,-0.018234295626424462+1.2555981810435892*^-18*I,-0.05532304901258368+0.09582233171941813*I,-0.06789063614561085-0.11759003116237007*I,0.04076238166147644+0.*I,0.04393081957550638-0.07609041152291848*I,0.07315479777738525+0.12670782656785798*I,-0.09544815033315013+2.1492307153596862*^-17*I,-0.010959710232050295+0.018982774958143617*I,-0.062162403891236354-0.10766844186023852*I,0.15034837001364648+0.*I,-0.045569785738755746+0.07892918418955261*I,0.007686791997176881+0.013313914286324202*I
-8.123757823509477*^-34+1.4070761298703577*^-33*I,2.889123217599609*^-32+5.004108202209396*^-32*I,1.4312084701805256*^-30+0.*I,1.425064670986871*^-29-2.4682844142206867*^-29*I,-2.419417608935237*^-28-4.190554223402639*^-28*I,-7.231444601102889*^-27+1.0816331210815724*^-42*I,-4.8531743878013966*^-26+8.405944617664005*^-26*I,5.931844130240947*^-25+1.0274255416156537*^-24*I,1.3336987993727855*^-23+0.*I,6.947326628627312*^-23-1.20331226975587*^-22*I,-6.746972593902116*^-22-1.1686099329913242*^-21*I,-1.2273235925250929*^-20-2.5262287585063514*^-36*I,-5.2470880132870386*^-20+9.088223030798788*^-20*I,4.2307804064976896*^-19+7.327926619720911*^-19*I,6.450249488574682*^-18+1.7766349062357108*^-33*I,2.3292742327352492*^-17-4.0344213158584637*^-17*I,-1.5966653288737976*^-16-2.765505472293089*^-16*I,-2.080652973549661*^-15-1.3096625472886683*^-31*I,-6.45093517580083*^-15+1.1173347480820301*^-14*I,3.8107804861007636*^-14+6.600465418418546*^-14*I,4.292714041782333*^-13+0.*I,1.1533779562985388*^-12-1.9977092206390254*^-12*I,-5.916173339798941*^-12-1.0247112810916216*^-11*I,-5.7955630892999087*^-11-6.693492933962249*^-27*I,-1.3556372363693936*^-10+2.348032570024049*^-10*I,6.057815109553575*^-10+1.0492443552605214*^-9*I,5.1713034547690035*^-9+0.*I,1.0539930052965342*^-8-1.8255694359958056*^-8*I,-4.1020012209296173*^-8-7.104874527359681*^-8*I,-3.0471460440262134*^-7-2.421470171393087*^-22*I,-5.397570931112985*^-7+9.348867090144527*^-7*I,1.8226089485854541*^-6+3.1568513012797014*^-6*I,0.00001172192353258852+5.278911746619136*^-21*I,0.000017929314076896148-0.00003105448292604398*I,-0.00005211038796367902-0.00009025783955521784*I,-0.0002873551973920114-1.3966290484317138*^-20*I,-0.0003751175120210103+0.0006497225896292189*I,0.0009253617957770973+0.0016027736456691079*I,0.0043023755142259455+0.*I,0.0046975694878076376-0.008136429024968138*I,-0.009597768756722374-0.016623823125940324*I,-0.03651063218666568+0.*I,-0.03211443853272514+0.05562383919522765*I,0.05179535260709298+0.08971218231143016*I,0.15128101421807427+2.0834165483571257*^-17*I,0.09813794428650868-0.16997990565459686*I,-0.10950530202525444-0.1896687468059158*I,-0.19655755471056585+0.*I,-0.05794802892932746+0.1003689303040663*I,-0.004416317918676991-0.007649287017525386*I,-0.1281085892887859+0.*I,-0.08713433436111326+0.1509210941971426*I,0.053711770643563486+0.09303151571913854*I,-0.037045555706806434-8.341643700242984*^-18*I,-0.07509232318440416+0.13006371901377028*I,0.06440383499955443+0.11155071442151096*I,-0.01688584384397173+0.*I,-0.07184195980833989+0.12443392450336595*I,0.05437595670281077+0.0941819197194337*I,-0.05546858219804542-3.819519675440816*^-18*I,-0.07410424625844317+0.12835231957621943*I,0.02116598836334529+0.03666056723772568*I,-0.12215667993468751+0.*I,-0.052665472742483156+0.09121927459461461*I,-0.03684647079844773-0.06381995950251446*I,-0.1328610208913978+0.*I,0.015358028543227997-0.026600885740963923*I,-0.06984757293152219-0.12097954510276908*I,0.0037374571501446224+0.*I,0.06958073477391989-0.12051736785640381*I,-0.002840968519948478-0.004920701819254519*I,0.1381392353086678+0.*I,-0.0008399379944925656+0.0014548152816686315*I,0.06850082608582923+0.11864691114109577*I,-0.024988151961842935+0.*I,-0.0651983912392463+0.11292692619812818*I,-0.03094929860436513-0.05360575764138095*I,-0.10848443618332125+0.*I,0.05220439462744307-0.09042066387310713*I,-0.030401582316472334-0.0526570852026176*I,0.1343971700868995+0.*I,-0.0072303261119194264+0.012523292181136386*I,0.062378414173978165+0.1080425826449048*I,-0.09693824467484358+0.*I,-0.02743782879729771+0.047523713526296106*I,-0.06914592835603121-0.11976426104916355*I,0.05804861670977429+0.*I,0.04367215114459049-0.07564238465825804*I,0.06873543584681466+0.11905326716707408*I,-0.04535494575926671+3.1231032206223318*^-18*I,-0.04545234397380823+0.07872576908573294*I,-0.07061513824721746-0.12230900722768093*I,0.06558645722438636+0.*I,0.03248315216698437-0.05626246994320801*I,0.07151267224114384+0.12386358170668157*I,-0.11317022397384847+2.5482832362887012*^-17*I,0.0017633397589187569-0.0030541940534535455*I,-0.0539417715668518-0.09342988900406146*I,0.15213253600179963+0.*I,-0.054469918941370564+0.09434466709061218*I
-3.69868685957796*^-34+3.0151232080228775*^-50*I,-6.670787250810635*^-33+1.1554142444886732*^-32*I,1.676225765294578*^-31+2.9033081904462336*^-31*I,6.774455753512955*^-30+0.*I,5.836819313947348*^-29-1.0109667606356124*^-28*I,-8.85574906126831*^-28-1.5338607313197101*^-27*I,-2.4141505487897934*^-26+3.6109316144799756*^-42*I,-1.498629309043909*^-25+2.5957021049758927*^-25*I,1.711791218732566*^-24+2.964909362795053*^-24*I,3.625073253087962*^-23+0.*I,1.7896038637155452*^-22-3.0996848173768936*^-22*I,-1.6553677664544989*^-21-2.867181076711003*^-21*I,-2.879889805773233*^-20-5.9277443153402654*^-36*I,-1.1815752099050995*^-19+2.0465482965194925*^-19*I,9.169783277957654*^-19+1.5882530531818155*^-18*I,1.3489652590943203*^-17+3.715544291505928*^-33*I,4.7105952664721994*^-17-8.158990335423304*^-17*I,-3.12842952431247*^-16-5.418598884007734*^-16*I,-3.9563707024687614*^-15-2.4903290448159992*^-31*I,-1.1922000369657156*^-14+2.0649510368101124*^-14*I,6.853980974662799*^-14+1.1871443282226422*^-13*I,7.522735300309146*^-13+0.*I,1.971467439060582*^-12-3.414681769920627*^-12*I,-9.872920979631193*^-12-1.710040075583392*^-11*I,-9.450581653007577*^-11-1.0914798189847822*^-26*I,-2.1617167334109583*^-10+3.744203213839605*^-10*I,9.452885510628503*^-10+1.6372877982540235*^-9*I,7.901534280239711*^-9+0.*I,1.5778057740503366*^-8-2.7328397651307164*^-8*I,-6.019085665954876*^-8-1.0425362188543422*^-7*I,-4.384658500844911*^-7-3.484348835972545*^-22*I,-7.619254479090965*^-7+1.3196935873582265*^-6*I,2.5247494542800877*^-6+4.372994331194913*^-6*I,0.000015938528542674907+7.177839482900206*^-21*I,0.00002393455020520704-0.00004145585701172665*I,-0.00006830584606568255-0.00011830919583974098*I,-0.00036987374980481123-1.7976929873485015*^-20*I,-0.00047412907270607185+0.0008212156432724346*I,0.001148387292252058+0.001989065136947013*I,0.0052412557525243495+0.*I,0.005615516266933179-0.00972635948505778*I,-0.01125204885882484-0.019489120312732023*I,-0.04194352169208117+0.*I,-0.03610768090098782+0.06254033786399528*I,0.05689150146546075+0.09853897105705729*I,0.16186325000883814+2.2291533103629187*^-17*I,0.10178579780484835-0.17629817328693007*I,-0.10905969470486401-0.18889693228677495*I,-0.1836293527980585+0.*I,-0.04583347569766561+0.07938590859583022*I,-0.01818763180695507-0.03150190235900193*I,-0.14531266708909832+0.*I,-0.08478111847046638+0.14684520471336376*I,0.04093533528568266+0.07090208053966947*I,-0.06562317580081209-1.477654041259817*^-17*I,-0.07896651864050787+0.1367740223821944*I,0.05372927399203387+0.09306183240799173*I,-0.04742985038776574+0.*I,-0.07555585452666451+0.13086657884946587*I,0.041914727994669984+0.07259843847219798*I,-0.08335172346394559-5.739529209810242*^-18*I,-0.07164926981150951+0.12410017563874541*I,0.005340114758527878+0.009249350080018691*I,-0.13593664675276126+0.*I,-0.040262316951517295+0.06973637859046959*I,-0.0494248575998575-0.08560636451980996*I,-0.11764228843224356+0.*I,0.03041638396227658-0.0526827224051862*I,-0.06608278324948967-0.11445873809367767*I,0.035264436937069786+0.*I,0.0678681121043898-0.11755101837858345*I,0.012959271696540287+0.022446117007497095*I,0.13496583842848162+0.*I,-0.016422622914723538+0.028444817281846054*I,0.0651983912392463+0.11292692619812818*I,-0.05467249733269584+0.*I,-0.05858611451906009+0.10147412696506077*I,-0.04370728133118351-0.07570323192631652*I,-0.0868645765962298+0.*I,0.06049923712336189-0.10478775251681995*I,-0.016101109793723038-0.02788794022097315*I,0.13637772218192765+0.*I,-0.021760430926952585+0.037690171960075*I,0.05458716838163589+0.09454774907831073*I,-0.11508203571728104+0.*I,-0.013468984395265142+0.0233289652989516*I,-0.06743592794878427-0.11680245346284836*I,0.08240388100999693+0.*I,0.03165852993660868-0.054834182343146534*I,0.0697139755630098+0.12074814767274808*I,-0.07037796985200043+4.8461675044719*^-18*I,-0.033991123082441226+0.05887435218511543*I,-0.07074452842367153-0.12253311758729968*I,0.08782332680325854+0.*I,0.02008606356205502-0.03479008261353719*I,0.06760346566798793+0.11709263730469331*I,-0.12723465692864983+2.864975714823591*^-17*I,0.01428499970203826-0.02474234527003657*I,-0.04434437623020625-0.07680671266066677*I,0.14998722545412213+0.*I
-4.182173104533889*^-35-7.243736303100763*^-35*I,-3.059539470473325*^-33+2.494098260683457*^-49*I,-3.898892923275802*^-32+6.753080636384436*^-32*I,7.993033724098922*^-31+1.384434051675081*^-30*I,2.795336156342591*^-29+0.*I,2.1523828505636167*^-28-3.728036454516115*^-28*I,-2.9785493938130044*^-27-5.158998882937603*^-27*I,-7.510777543850316*^-26+1.1234139517939755*^-41*I,-4.357327038695439*^-25+7.547111816214144*^-25*I,4.688004606854077*^-24+8.119862165188221*^-24*I,9.40910398966162*^-23+0.*I,4.424351602821965*^-22-7.6632017666364415*^-22*I,-3.914120701391125*^-21-6.779455921766556*^-21*I,-6.535194590503393*^-20-1.3451543356221495*^-35*I,-2.5808176149554323*^-19+4.470107234171539*^-19*I,1.9326780850688488*^-18+3.347496638014173*^-18*I,2.7494903134181006*^-17+7.573103139387203*^-33*I,9.302633863439153*^-17-1.6112634495687365*^-16*I,-5.996035804318085*^-16-1.0385438657081044*^-15*I,-7.370355187846333*^-15-4.639254249722047*^-31*I,-2.1615701269192777*^-14+3.7439492839472945*^-14*I,1.210894123724416*^-13+2.097330144877283*^-13*I,1.2964136762431263*^-12+0.*I,3.31724147206635*^-12-5.745630770593493*^-12*I,-1.623404872210887*^-11-2.8118197199241167*^-11*I,-1.5197451428969212*^-10-1.755205356004984*^-26*I,-3.4020932636033786*^-10+5.892598384648868*^-10*I,1.4568703533943289*^-9+2.5233734721198026*^-9*I,1.1932265172639776*^-8+0.*I,2.3358215177259917*^-8-4.045761546114055*^-8*I,-8.739490160464662*^-8-1.5137240990173112*^-7*I,-6.246426286836943*^-7-4.963836558157177*^-22*I,-1.0653586234489166*^-6+1.84525526409516*^-6*I,3.465873556279267*^-6+6.003069092085127*^-6*I,0.000021485875358880594+9.676060375505856*^-21*I,0.000031689420540068224-0.00005488768643781487*I,-0.0000888336110322375-0.00015386432772764662*I,-0.00047251855180863823-2.2965762977954626*^-20*I,-0.0005949603994128683+0.0010305016402745602*I,0.0014152861013392488+0.0024513474347656536*I,0.006342233485220998+0.*I,0.00666911299674126-0.011551242551773798*I,-0.013107313414776793-0.022702532785122517*I,-0.04788053554646545+0.*I,-0.0403394785873014+0.06987002646404282*I,0.062079261395037624+0.10752443483255436*I,0.171963868139025+2.3682573153818986*^-17*I,0.10470725814141726-0.18135829102216464*I,-0.10743516458114682-0.18608316357407062*I,-0.16817602037691323+0.*I,-0.03306284000827352+0.057266518736850736*I,-0.03132967816925492-0.05426459437393103*I,-0.15854373328604812+0.*I,-0.08005678158215926+0.138662413190744*I,0.02708537588982297+0.04691324718327452*I,-0.09154095013109939-2.0612512767220947*^-17*I,-0.07993500592430194+0.1384514915642101*I,0.04116793598494465+0.07130495676866724*I,-0.0756071562235582+0.*I,-0.07605009541262753+0.1317226291751317*I,0.027817480807957637+0.04818129009795478*I,-0.10708062337824757-7.373481196822378*^-18*I,-0.06592201652660268+0.11418028196147104*I,-0.010508616014815064-0.01820145685489167*I,-0.14295415854154486+0.*I,-0.026057648736777326+0.045133171537881274*I,-0.059360615152927496-0.10281560141341343*I,-0.09670026457250383+0.*I,0.04371522201901125-0.0757169856010812*I,-0.05897858110348364-0.10215389902955536*I,0.06453969241403862+0.*I,0.06266697241609723-0.10854238018119776*I,0.027874463847509023+0.04827998761762747*I,0.12484747505796066+0.*I,-0.03094929860436513+0.05360575764138095*I,0.05858611451906009+0.10147412696506077*I,-0.08117025523899409+0.*I,-0.04908616486864997+0.08501973150120423*I,-0.05410057966810961-0.09370495270409364*I,-0.061199377152933776+0.*I,0.06571207166737057-0.11381664679849314*I,-0.0012018363317782364-0.0020816415890221114*I,0.13181683387061863+0.*I,-0.035085028575559674+0.06076905207787527*I,0.04437577011653488+0.07686108846683509*I,-0.12779735041392756+0.*I,0.0009224818569530263-0.001597785445303127*I,-0.0628337432312514-0.10883123570626442*I,0.10298987479209147+0.*I,0.018493962524298715-0.03203248272536015*I,0.06790598415996649+0.11761661470302934*I,-0.09238437731629928+6.361510117620915*^-18*I,-0.02139993905831742+0.03706578172788345*I,-0.06832743714153078-0.11834659268010012*I,0.10675598280934198+0.*I,0.0071688059261878255-0.012416736093758176*I,0.06159307997036942+0.10668234390333274*I,-0.1372813438586055+3.091199565805479*^-17*I,0.026249530655789177-0.04546552077066369*I,-0.03365218579400261-0.05828729558096005*I
9.396105282433541*^-36-1.6274531742441205*^-35*I,-3.4846001567291437*^-34-6.035504515517351*^-34*I,-1.8012406532606706*^-32+1.4683488229928822*^-48*I,-1.8727566260549192*^-31+3.2437096265383897*^-31*I,3.32232468820697*^-30+5.754435159214901*^-30*I,1.0383852177201051*^-28+0.*I,7.292746485206901*^-28-1.2631407439097708*^-27*I,-9.335313623374342*^-27-1.616923750027427*^-26*I,-2.200019148295325*^-25+3.2906475940463866*^-41*I,-1.202224947448284*^-24+2.0823146911072522*^-24*I,1.2259175644971443*^-23+2.1233515076001497*^-23*I,2.3436724425214774*^-22+0.*I,1.0540476642419095*^-21-1.8256641080662887*^-21*I,-8.94959990292942*^-21-1.5501161739287244*^-20*I,-1.4383283149961157*^-19-2.960544697133638*^-35*I,-5.481244493906873*^-19+9.493793952153858*^-19*I,3.9696419561212495*^-18+6.875621555859112*^-18*I,5.471960170005704*^-17+1.5071782046234984*^-32*I,1.7969083565334909*^-16-3.112336570061096*^-16*I,-1.1257990085264398*^-15-1.949941081878462*^-15*I,-1.3469097570110919*^-14-8.478094548970709*^-31*I,-3.8493639234086254*^-14+6.667293892166411*^-14*I,2.1035790678620827*^-13+3.6435058232755066*^-13*I,2.1991083633357495*^-12+0.*I,5.499294800195619*^-12-9.525057999738148*^-12*I,-2.6322295646535132*^-11-4.559155343164792*^-11*I,-2.411803802337634*^-10-2.7854742430213664*^-26*I,-5.287728260261258*^-10+9.158614003390285*^-10*I,2.218939307083139*^-9+3.843315618779675*^-9*I,1.7818588565671098*^-8+0.*I,3.4214960570664195*^-8-5.9262050087356064*^-8*I,-1.2562191407138586*^-7-2.175835377156925*^-7*I,-8.813902079658988*^-7-7.004128017203147*^-22*I,-1.4761201515714953*^-6+2.5567151005980973*^-6*I,4.716688429152264*^-6+8.169544002763966*^-6*I,0.000028725124152252996+1.2936221166163479*^-20*I,0.000041626351227892945-0.00007209895526041763*I,-0.00011465949342788418-0.00019859606818720536*I,-0.0005992843532026557-2.912694614712782*^-20*I,-0.000741396444802194+0.0012841363109483343*I,0.0017325235004936996+0.0030008187281621705*I,0.0076246560716006296+0.*I,0.00787029179664521-0.013631745262182046*I,-0.015173627025562854-0.026281492943375073*I,-0.05432045681301227+0.*I,-0.044785725794373725+0.07757115252970331*I,0.06729978913689351+0.11656665412377158*I,0.1814002036899593+2.4982129330400873*^-17*I,0.10680828357897301-0.18499737382800582*I,-0.10459570038028866-0.18116506731191134*I,-0.15037658257683625+0.*I,-0.01986905320351362+0.03441420964677476*I,-0.043556189342624105-0.07544153292551502*I,-0.16750787719239138+0.*I,-0.07312769646837786+0.12666088572370546*I,0.012608049470613083+0.021837782267443765*I,-0.11398444500193873-2.5666172620037662*^-17*I,-0.07802397580509413+0.13514149030294778*I,0.02723621968152891+0.0471745162945155*I,-0.1003549692450793+0.*I,-0.07338183270749388+0.12710106260189905*I,0.01273031886635388+0.022049559073077554*I,-0.12570773086312212-8.656128070344526*^-18*I,-0.057267732496894694+0.09919062231888488*I,-0.025639327911140347-0.0444086186140139*I,-0.14305212113457086+0.*I,-0.01078812146232332+0.018685574490968238*I,-0.06623487206872225-0.1147221636558517*I,-0.0712303622148102+0.*I,0.05463277936640876-0.09462674962132057*I,-0.0489837912086691-0.08484241512076059*I,0.09013299594784588+0.*I,0.05433561544837975-0.09411204661711811*I,0.04116556302679912+0.07130084668459494*I,0.10848443618332125+0.*I,-0.04370728133118351+0.07570323192631652*I,0.04908616486864997+0.08501973150120423*I,-0.10322667239287614+0.*I,-0.03724907880597604+0.06451729702708756*I,-0.06167352498381059-0.10682167875382846*I,-0.03285306576125396+0.*I,0.06766728716442362-0.11720317937913508*I,0.013567427466352882+0.023499473699728674*I,0.12109109081784054+0.*I,-0.04661503947825042+0.08073961677315875*I,0.03226790952112137+0.05588965874461774*I,-0.13464517014857214+0.*I,0.015097437898286693-0.026149529503948447*I,-0.055602708521972896-0.0963067161985*I,0.11903470509357093+0.*I,0.004737819393242079-0.008206143906180434*I,0.06344356992352528+0.10988748652109451*I,-0.1105985912522868+7.615725490438648*^-18*I,-0.008167294397838384+0.01414616885742874*I,-0.06350176382022993-0.10998828130687736*I,0.12180047723583662+0.*I,-0.005833589401244227+0.010104073233450308*I,0.05370940664829961+0.09302742115923253*I,-0.14307925777343927+3.221752694674695*^-17*I,0.03732482029932309-0.06464848514180584*I
4.194901820689289*^-36+4.077686286008773*^-52*I,7.884908329599035*^-35-1.3657061839888574*^-34*I,-2.066213071489172*^-33-3.5787860190821916*^-33*I,-8.714195474040796*^-32+7.103703019624206*^-48*I,-7.8403739195835685*^-31+1.3579925979056685*^-30*I,1.243086859545963*^-29+2.153089598954845*^-29*I,3.543851150941821*^-28+0.*I,2.302351174334301*^-27-3.98778921081288*^-27*I,-2.754471893938115*^-26-4.7708852683212863*^-26*I,-6.114656209590125*^-25+9.145910734503992*^-41*I,-3.1670269930230084*^-24+5.4854516608579375*^-24*I,3.076211517038276*^-23+5.328154642338827*^-23*I,5.625071670378149*^-22+0.*I,2.4280926517294864*^-21-4.205579838280114*^-21*I,-1.984516352489654*^-20-3.437283150963347*^-20*I,-3.077856489495787*^-19-6.335223754904467*^-35*I,-1.1343770588089048*^-18+1.9647987007975705*^-18*I,7.960633480229673*^-18+1.378822164819166*^-17*I,1.065096230148001*^-16+2.9336650378141315*^-32*I,3.3999319328129084*^-16-5.888854849907812*^-16*I,-2.0733939451529724*^-15-3.591223657110627*^-15*I,-2.417430029175774*^-14-1.5216461419326144*^-30*I,-6.740065715928852*^-14+1.167413626634187*^-13*I,3.5967736209626203*^-13+6.229794654830741*^-13*I,3.675012218265797*^-12+0.*I,8.989171920567899*^-12-1.5569702484395106*^-11*I,-4.211599779789658*^-11-7.294704799741583*^-11*I,-3.7796931780628223*^-10-4.365296208511281*^-26*I,-8.121354111681135*^-10+1.406659794769013*^-9*I,3.341780145414398*^-9+5.788132999582649*^-9*I,2.6325927326247025*^-8+0.*I,4.9611995144514504*^-8-8.593049625515936*^-8*I,-1.7883683428426564*^-7-3.097544832451245*^-7*I,-1.2323101608862563*^-6-9.792777416562234*^-22*I,-2.0274572972272717*^-6+3.5116590489739027*^-6*I,6.3656314112926255*^-6+0.000011025597026615217*I,0.000038099010570682034+1.7157705719287094*^-20*I,0.00005426454811286855-0.00009398895438125406*I,-0.00014691810720944036-0.0002544696262386023*I,-0.0007547553105486255-3.668328259719217*^-20*I,-0.0009176685589330595+0.0015894485685805735*I,0.0021071077655554177+0.003649617706964914*I,0.009108668607385966+0.*I,0.009230704873466385-0.015988049830517423*I,-0.017459277210386506-0.03024035519181884*I,-0.061253986676946835+0.*I,-0.049416126231843036+0.08559124134678933*I,0.07248804453295161+0.1255529760723876*I,0.18998670633814418+2.6164647956561927*^-17*I,0.10800403089957178-0.18706846894029727*I,-0.10052753079246196-0.17411879089198895*I,-0.13046619977468976+0.*I,-0.006500159032270671+0.011258605701170548*I,-0.05459982807345172-0.09456967630774392*I,-0.17202292124248253+0.*I,-0.06422116409431664+0.1112343191325744*I,-0.0020390869256083502-0.0035318021562030857*I,-0.13227354219286994-2.9784375990322984*^-17*I,-0.07336118214200835+0.127065294773273*I,0.012486946571693703+0.0216280258935715*I,-0.12077853268547208+0.*I,-0.06773597554709873+0.11732215114781808*I,-0.002680799641877343-0.004643281184644009*I,-0.1385429229507253-9.53994854626053*^-18*I,-0.0461509971841768+0.0799358719429624*I,-0.039371842375068966-0.06819403138121276*I,-0.13640518166183246+0.*I,0.004786791954608523-0.008290966870643892*I,-0.06979368995441584-0.12088621704875784*I,-0.042604134744652786+0.*I,0.06268975634086868-0.10858184309649772*I,-0.0366741469328202-0.0635214858118909*I,0.11085517834301786+0.*I,0.04337604212556149-0.07512950879272043*I,0.05220439462744307+0.09042066387310713*I,0.0868645765962298+0.*I,-0.05410057966810961+0.09370495270409364*I,0.03724907880597604+0.06451729702708756*I,-0.11985656571626305+0.*I,-0.023719987051643205+0.04108422272832192*I,-0.06612602874096879-0.11453364148211777*I,-0.0032687578596649848+0.*I,0.06635205752515888-0.11492513482030803*I,0.02751084048053534+0.0476501734712098*I,0.10485082660264773+0.*I,-0.055864827760012246+0.09676072003642544*I,0.018854167872218806+0.032656376689115765*I,-0.13546088042355656+0.*I,0.028447991774223625-0.049273367126256816*I,-0.046108352342633344-0.07986200891072838*I,0.1299789890883258+0.*I,-0.009044796913696071+0.01566604779866377*I,0.056558163705696274+0.09796161312106398*I,-0.12441204371979882+8.566908149066036*^-18*I,0.0052092975935935735-0.00902276810385036*I,-0.056486509737844935-0.09783750480818158*I,0.13252108466610263+0.*I,-0.018494718910986353+0.0320337928255333*I,0.044233242822742665+0.07661422395252164*I,-0.14452958739641109+3.254410142327764*^-17*I
4.6523190640927875*^-37+8.058052992029998*^-37*I,3.545071697598181*^-35+3.446013962214412*^-51*I,4.708488886934215*^-34-8.155341979043492*^-34*I,-1.0067046929451178*^-32-1.74366367639897*^-32*I,-3.6742038839425735*^-31+2.9951649928934854*^-47*I,-2.954515165278033*^-30+5.117370377994312*^-30*I,4.272858252994537*^-29+7.40080758772653*^-29*I,1.126850864973356*^-27+0.*I,6.84230667924231*^-27-1.1851222809415566*^-26*I,-7.711112728283237*^-26-1.3356039028277628*^-25*I,-1.6224951063971088*^-24+2.42682415848727*^-40*I,-8.005065149640733*^-24+1.3865179557076713*^-23*I,7.437364854071919*^-23+1.2881893801679652*^-22*I,1.3053264682875403*^-21+0.*I,5.423973477248608*^-21-9.394597641500624*^-21*I,-4.278212162691675*^-20-7.410080831341107*^-20*I,-6.417427341448011*^-19-1.320914028242268*^-34*I,-2.291955356501377*^-18+3.969783126140023*^-18*I,1.5612240275069107*^-17+2.7041193376392815*^-17*I,2.030604451490729*^-16+5.593028231956393*^-32*I,6.309650141816677*^-16-1.0928634623610654*^-15*I,-3.750030114323382*^-15-6.4952426879214246*^-15*I,-4.265713560004099*^-14-2.6850442423696373*^-30*I,-1.161469930385518*^-13+2.0117249308912037*^-13*I,6.058203467929807*^-13+1.0493116209044396*^-12*I,6.055100795347036*^-12+0.*I,1.4498624321983859*^-11-2.5112353965529907*^-11*I,-6.653990794746879*^-11-1.1525050129597209*^-10*I,-5.852971257802455*^-10-6.759795580366522*^-26*I,-1.233289675584235*^-9+2.136120378562033*^-9*I,4.978979180391841*^-9+8.623844910266316*^-9*I,3.849985061569285*^-8+0.*I,7.12428317360105*^-8-1.2339620424185033*^-7*I,-2.5225299002780994*^-7-4.3691499508933326*^-7*I,-1.7078500459619814*^-6-1.3571741832383518*^-21*I,-2.7614473701770685*^-6+4.782967147574135*^-6*I,8.522474274211605*^-6+0.000014761358449133205*I,0.00005014624931561968+2.258312160330734*^-20*I,0.00007022286623438119-0.00012162957217106104*I,-0.00018693266015283363-0.00032377686497871426*I,-0.0009441526833413665-4.588854058242138*^-20*I,-0.0011284694281869414+0.001954566384407981*I,0.00254656607876775+0.004410781833257191*I,0.01081499055674685+0.*I,0.010761476397565875-0.01863942388503739*I,-0.019970393260551094-0.03458973577440558*I,-0.06866299473669785+0.*I,-0.0541941618606708+0.09386704181629331*I,0.07757356272065224+0.13436135195630072*I,0.19753859044423203+2.720468066649723*^-17*I,0.10822122873026048-0.18744466661834386*I,-0.0952404436336464-0.16496128730887538*I,-0.10873242643054427+0.*I,0.006786565499050514-0.011754676253249524*I,-0.06421940808104742-0.1112312776283735*I,-0.17202334590544827+0.*I,-0.05361799654217482+0.09286909421109907*I,-0.0164017279575624-0.02840862615442101*I,-0.14588167961963233-3.284855553014122*^-17*I,-0.06616817828973535+0.11460664664209753*I,-0.0025125963788225772-0.004351944587034281*I,-0.13617951834426717+0.*I,-0.05941234530383982+0.10290520066307676*I,-0.017758964463028853-0.030759428739776117*I,-0.1451717165220128-9.99640166740882*^-18*I,-0.03312941024685957+0.05738182177235376*I,-0.051114774039755825-0.08853338565425976*I,-0.12349532433315903+0.*I,0.01992186387322557-0.03450568040989758*I,-0.06995193742093239-0.12116030970093353*I,-0.012293747085794608+0.*I,0.06756551497451022-0.1170269047754075*I,-0.02271736537454432-0.03934763104281674*I,0.12580469724199203+0.*I,0.030401582316472334-0.0526570852026176*I,0.06049923712336189+0.10478775251681995*I,0.061199377152933776+0.*I,-0.06167352498381059+0.10682167875382846*I,0.023719987051643205+0.04108422272832192*I,-0.13037914313784976+0.*I,-0.009202343035626307+0.015938925686382378*I,-0.06732035410835785-0.11660227369920399*I,0.02610462234106058+0.*I,0.06190898377098207-0.107229505336298*I,0.039996469796088174+0.06927591781021873*I,0.08397708476011825+0.*I,-0.062469337516963444+0.1082000664945493*I,0.004762622394701034+0.008249103964887546*I,-0.13034893748366302+0.*I,0.04042207628590869-0.07001308987461892*I,-0.03479864096143398-0.06027301417955111*I,0.13548953763132113+0.*I,-0.022305727126781177+0.038634652683352345*I,0.04756754336505623+0.08238940189951323*I,-0.13339936809349598+9.185767707299248*^-18*I,0.01824168956276326-0.031595533138604866*I,-0.04757113705296664-0.08239562634956062*I,0.13863980870430256+0.*I,-0.03041034967030013+0.05267227070489528*I,0.03348790257809392+0.05800274870417543*I
-1.0254529302741342*^-37+1.7761365760051825*^-37*I,3.9589952101249105*^-36+6.85718085085817*^-36*I,2.1317199990545367*^-34+2.0721546718647653*^-50*I,2.310133662123618*^-33-4.00126887507326*^-33*I,-4.274401737347047*^-32-7.403480981045765*^-32*I,-1.3943092890981922*^-30+1.1366234710665772*^-46*I,-1.0227258250179028*^-29+1.771413091143805*^-29*I,1.3682815801892356*^-28+2.3699332159483857*^-28*I,3.372670952497932*^-27+0.*I,1.929162783981294*^-26-3.341407957926624*^-26*I,-2.0607612658358838*^-25-3.5693432146977043*^-25*I,-4.13055153522842*^-24+6.178214167824792*^-40*I,-1.9493608360281726*^-23+3.3763920102857394*^-23*I,1.7383942975080459*^-22+3.0109872468719424*^-22*I,2.9371355029260185*^-21+0.*I,1.177858131772616*^-20-2.0401101283383286*^-20*I,-8.985843809040708*^-20-1.5563938026136751*^-19*I,-1.3062033101491672*^-18-2.688588719920295*^-34*I,-4.528382172834277*^-18+7.843387999438114*^-18*I,2.998751117135324*^-17+5.193989294132315*^-17*I,3.7968179119194754*^-16+1.0457826859078125*^-31*I,1.149845951243387*^-15-1.9915916084309117*^-15*I,-6.667723777010919*^-15-1.1548836352617969*^-14*I,-7.407402012753552*^-14-4.6625732941248115*^-30*I,-1.9714978553429062*^-13+3.41473445246699*^-13*I,1.0059892149007598*^-12+1.7424244320744419*^-12*I,9.843442063950196*^-12+0.*I,2.3089505361689162*^-11-3.999219640807963*^-11*I,-1.038704297475244*^-10-1.7990886172672595*^-10*I,-8.960729973180516*^-10-1.034905182368963*^-25*I,-1.8526871666062415*^-9+3.2089483030928346*^-9*I,7.342411582331057*^-9+1.2717429910679584*^-8*I,5.575578926795409*^-8+0.*I,1.0135753189693383*^-7-1.7555639497527206*^-7*I,-3.526689208117306*^-7-6.10840489096404*^-7*I,-2.3469797424822202*^-6-1.8650702516953713*^-21*I,-3.7309384039995643*^-6+6.462174875637172*^-6*I,0.000011322466697205517+0.000019611087586566552*I,0.00006551762636442126+2.950554714541558*^-20*I,0.00009023369344167603-0.0001562893415955773*I,-0.00023623527853407553-0.0004091715049612046*I,-0.0011733794698348691-5.702962282492339*^-20*I,-0.0013789617252866371+0.002388431769889292*I,0.0030589064718899305+0.005298181424914619*I,0.012764648926176207+0.*I,0.012472933141508217-0.02160375392050192*I,-0.022710566187392905-0.039335854505220307*I,-0.07651988137885064+0.*I,-0.05907719458294377+0.10232470258629146*I,0.0824814052973803+0.14286198465474345*I,0.2038756915451415+2.807741551498357*^-17*I,0.107400390387744-0.1860229329043047*I,-0.08876856985716808-0.1537516731078423*I,-0.08551002639382185+0.*I,0.019730819322808252-0.03417478154206564*I,-0.072206405404037-0.12506516279170807*I,-0.16756175571323162+0.*I,-0.041643568855731596+0.07212877706661998*I,-0.03004301184273455-0.052036022924009766*I,-0.15444926656324398-3.477774126621405*^-17*I,-0.0567495028964889+0.09829302232099589*I,-0.017202210708126105-0.02979510294897981*I,-0.14607544326852603+0.*I,-0.04880883818822108+0.084539387600407*I,-0.0318833002440426-0.05522349593565497*I,-0.14546062607961932-1.001629573529325*^-17*I,-0.018824686175096462+0.0326053128918065*I,-0.06038796933882156-0.10459503106075048*I,-0.10507480506972572+0.*I,0.03392024698901748-0.05875159119026347*I,-0.06678892486088794-0.11568181124195807*I,0.018203658040285856+0.*I,0.0691055823817948-0.11969437977190528*I,-0.007835949063546614-0.013572261903584501*I,0.1343971700868995+0.*I,0.016101109793723038-0.02788794022097315*I,0.06571207166737057+0.11381664679849314*I,0.03285306576125396+0.*I,-0.06612602874096879+0.11453364148211777*I,0.009202343035626307+0.015938925686382378*I,-0.13443585958453716+0.*I,0.005578910777015002-0.009662956916683547*I,-0.06527970496508707-0.11306776570263712*I,0.05388123669909872+0.*I,0.05462190560754903-0.09460791571850628*I,0.050482430491952335+0.08743813450162577*I,0.05953061370017652+0.*I,-0.06619483243025245+0.1146528129677053*I,-0.009370518460897589-0.016230214067536743*I,-0.11966621959921679+0.*I,0.05054431876054218-0.08754532812721587*I,-0.022181880706651703-0.038420144391352565*I,0.13546319311748442+0.*I,-0.03453460035307132+0.05981568243060562*I,0.03686020506889738+0.06384374795673813*I,-0.137327012862916+9.456222005578945*^-18*I,0.03046828484059803-0.052772617363396404*I,-0.037102955102041715-0.06426420334768317*I,0.14004019782226382+0.*I,-0.04121070097764964+0.07137902790881757*I
-4.492565822374558*^-38-3.592750333207539*^-53*I,-8.786227355090512*^-37+1.5218192185868255*^-36*I,2.3970053182338896*^-35+4.1517349971939024*^-35*I,1.053107264018688*^-33+1.0236809421870126*^-49*I,9.876557868953785*^-33-1.710670003292215*^-32*I,-1.6333348314805802*^-31-2.8290189138963155*^-31*I,-4.860101146332209*^-30+3.9618935898014664*^-46*I,-3.2979116516584124*^-29+5.712150539545764*^-29*I,4.12397376097325*^-28+7.142932083086579*^-28*I,9.575992165253333*^-27+0.*I,5.191993067619425*^-26-8.992795785662239*^-26*I,-5.283462600062103*^-25-9.151225663197524*^-25*I,-1.0130107321165843*^-23+1.515196506796554*^-39*I,-4.588947345426465*^-23+7.94828995553697*^-23*I,3.939657682300873*^-22+6.823687270174158*^-22*I,6.424203288966965*^-21+0.*I,2.491866359570225*^-20-4.3160391404473274*^-20*I,-1.8422992138158838*^-19-3.1909558410733083*^-19*I,-2.599659341083111*^-18-5.350939417902175*^-34*I,-8.762042570490739*^-18+1.517630291017136*^-17*I,5.648608559290667*^-17+9.783677016759878*^-17*I,6.970783558706775*^-16+1.9200090502156793*^-31*I,2.0598338924716975*^-15-3.567736956913347*^-15*I,-1.1666090247533156*^-14-2.020626103441121*^-14*I,-1.2669319740702475*^-13-7.974676111276557*^-30*I,-3.298923692430836*^-13+5.713903445582931*^-13*I,1.6480675188614501*^-12+2.854536676972011*^-12*I,1.5798753520429084*^-11+0.*I,3.6328457092707094*^-11-6.292273344515463*^-11*I,-1.6029467261025997*^-10-2.7763851714358953*^-10*I,-1.3570051216282858*^-9-1.5672513702316944*^-25*I,-2.7545227839042942*^-9+4.770973412328304*^-9*I,1.0721724351755331*^-8+1.8570571321988716*^-8*I,7.999336289716099*^-8+0.*I,1.4292097622708398*^-7-2.4754639229265253*^-7*I,-4.888803547288606*^-7-8.467656132126841*^-7*I,-3.1991978457011873*^-6-2.542300908398405*^-21*I,-5.00181891093196*^-6+8.66340448399297*^-6*I,0.000014931060802759034+0.00002586135592127882*I,0.00008499381695895149+3.8276555676824664*^-20*I,0.00011515776517860357-0.00019945910017542725*I,-0.00029658754121461334-0.0005137046902756391*I,-0.001449060521486319-7.042851619219271*^-20*I,-0.0016747793104445268+0.0029008028571550905*I,0.0036525646639218624+0.006326427575843408*I,0.014978668343833506+0.*I,0.014374317507174286-0.02489704824655268*I,-0.025680478536831405-0.04447989358847405*I,-0.08478707679863291+0.*I,-0.06401670831698357+0.11088019133833268*I,0.0871332783468619+0.15091926512680595*I,0.20882644308748832+2.8759224646383314*^-17*I,0.10549780315766448-0.1827275551559752*I,-0.0811705971955255-0.140591598423358*I,-0.06117446346114518+0.*I,0.032075642414312766-0.05555664234700096*I,-0.07839057227698405-0.1357764540181367*I,-0.15880688969419637+0.*I,-0.02865765896476254+0.04963652135295037*I,-0.04255679687048658-0.07371053438707104*I,-0.15779103391759472-3.5530215674202906*^-17*I,-0.045479340170149304+0.07877252786940675*I,-0.031049152321157816-0.05377870935219047*I,-0.15020985294846484+0.*I,-0.03640150913778859+0.0630492632988326*I,-0.04449304049533167-0.07706420672113397*I,-0.1395502779782597-9.609314161809967*^-18*I,-0.0038925929813314803+0.006742168816852133*I,-0.06683867975999977-0.11576798925514516*I,-0.08211900647349499+0.*I,0.04616331448404072-0.07995720613213875*I,-0.06053660638181216-0.10485247797109702*I,0.04743811002173115+0.*I,0.06732074787527598-0.11660295572351254*I,0.0072303261119194264+0.012523292181136386*I,0.13637772218192765+0.*I,0.0012018363317782364-0.0020816415890221114*I,0.06766728716442362+0.11720317937913508*I,0.0032687578596649848+0.*I,-0.06732035410835785+0.11660227369920399*I,-0.005578910777015002-0.009662956916683547*I,-0.13199170801570867+0.*I,0.019912942180961585-0.034490227585606874*I,-0.06017929619220413-0.1042335985686338*I,0.07880012369953233+0.*I,0.04489602745201597-0.07776220060489875*I,0.05853737263901729+0.10138970355237019*I,0.0326957455524413+0.*I,-0.06694320326716939+0.11594902928014827*I,-0.02292897367605056-0.0397141473723289*I,-0.10399552626397532+0.*I,0.05843256553111526-0.10120817231648954*I,-0.008803332119482697-0.015247818506847036*I,0.13002128178992878+0.*I,-0.04527714875408186+0.07842232206392369*I,0.024877829452467155+0.043089664593706535*I,-0.13615439173030314+9.375476305754472*^-18*I,0.04146948291007437-0.07182725136385806*I,-0.02547307278045834-0.04412065628065366*I,0.1367656286151032+0.*I
-4.890449280968626*^-39-8.470506626476362*^-39*I,-3.875363426740092*^-37-3.099167334038441*^-52*I,-5.35580933040275*^-36+9.276533875908994*^-36*I,1.1922238035252355*^-34+2.0649922016987236*^-34*I,4.533102014170168*^-33+4.406436361655572*^-49*I,3.7998660140563155*^-32-6.58156099829977*^-32*I,-5.73235384530626*^-31-9.92872810703327*^-31*I,-1.5779959845446438*^-29+1.2863625648239823*^-45*I,-1.000852036927517*^-28+1.7335265788172616*^-28*I,1.1790338708877573*^-27+2.0421465682221996*^-27*I,2.5951366326402005*^-26+0.*I,1.3404402494443649*^-25-2.32171061654794*^-25*I,-1.3048446478575344*^-24-2.2600572260735688*^-24*I,-2.401493695754007*^-23+3.5920003051671993*^-39*I,-1.0473284798110461*^-22+1.814026139246608*^-22*I,8.67815141618139*^-22+1.5030999168601973*^-21*I,1.3687970901443885*^-20+0.*I,5.1455230678031175*^-20-8.912307384952677*^-20*I,-3.6930542003049106*^-19-6.396557510033754*^-19*I,-5.066592316667173*^-18-1.042868506394351*^-33*I,-1.662501794673739*^-17+2.879537576049356*^-17*I,1.0446689542559881*^-16+1.80941970586122*^-16*I,1.2579706321458518*^-15+3.464911768216865*^-31*I,3.630769852167215*^-15-6.288677854542957*^-15*I,-2.010275185602184*^-14-3.4818987586579383*^-14*I,-2.1359831182852978*^-13-1.344489988105336*^-29*I,-5.445655982873468*^-13+9.432152842878277*^-13*I,2.665489314253573*^-12+4.616762919319115*^-12*I,2.505033394504767*^-11+0.*I,5.650247117379218*^-11-9.786515082620394*^-11*I,-2.446743847111799*^-10-4.2378846563041733*^-10*I,-2.0337543942283317*^-9-2.3488521231552024*^-25*I,-4.054995212915774*^-9+7.0234577332186955*^-9*I,1.5509452663039536*^-8+2.68631600099689*^-8*I,1.1374090046174764*^-7+0.*I,1.9980897272766723*^-7-3.4607929257246294*^-7*I,-6.721802570252819*^-7-1.1642503570124978*^-6*I,-4.3269148856090105*^-6-3.438461819117461*^-21*I,-6.655652063708523*^-6+0.00001152792753184379*I,0.000019549254577623642+0.000033860302178542637*I,0.00010950493528285414+4.931501963567016*^-20*I,0.00014599979166059416-0.0002528790570506197*I,-0.00037000083988106535-0.0006408602535171626*I,-0.0017785765580385427-8.644394492811702*^-20*I,-0.0020220198371922542+0.003502241091929134*I,0.004336334866041017+0.007510752306615424*I,0.01747771947094107+0.*I,0.01647348734415561-0.028532917057920406*I,-0.028877553344495394-0.05001738959094658*I,-0.09341669960110158+0.*I,-0.06895869577946463+0.11943996471371825*I,0.09144880029375739+0.15839396840000752*I,0.2122318807910811+2.922821576881439*^-17*I,0.10248723533321014-0.1775130987243882*I,-0.07252939356630311-0.12562459469899626*I,-0.036134224702725586+0.*I,0.04357375873634293-0.0754719640080942*I,-0.08264449516412183-0.1431444645901394*I,-0.14603828825230733+0.*I,-0.015043424463129267+0.026055975489964425*I,-0.05357961565823478-0.0928026165700757*I,-0.1558973027597011-3.510379932595807*^-17*I,-0.03278624337088223+0.05678743930768629*I,-0.04356661488793079-0.0754595904996828*I,-0.14855338780535782+0.*I,-0.022722549889953297+0.03935661088691771*I,-0.055107882319413645-0.09544965207475106*I,-0.12783736252143876-8.802772705885052*^-18*I,0.011006890139762165-0.019064492955396972*I,-0.07025118632350062-0.12167862400429094*I,-0.05577203734754025+0.*I,0.05613514926547358-0.09722893061826296*I,-0.05156143134901234-0.08930701880746407*I,0.07407235546706854+0.*I,0.062378414173978165-0.1080425826449048*I,0.021760430926952585+0.037690171960075*I,0.13181683387061863+0.*I,-0.013567427466352882+0.023499473699728674*I,0.06635205752515888+0.11492513482030803*I,-0.02610462234106058+0.*I,-0.06527970496508707+0.11306776570263712*I,-0.019912942180961585-0.034490227585606874*I,-0.12332109637673315+0.*I,0.033135808030998165-0.05739290305953767*I,-0.0523308642860376-0.09063971574740874*I,0.09977753615288139+0.*I,0.03323366929260297-0.05756240373672998*I,0.06385478628659405+0.11059973415483332*I,0.004722008175908287+0.*I,-0.06475009219310826+0.11215044947323242*I,-0.03534202233777527-0.06121417833126095*I,-0.08411099242810237+0.*I,0.06380965781361327-0.1105215693467626*I,0.004778436223503612+0.008276494319835802*I,0.1194954786159808+0.*I,-0.05415043800110012+0.0937913098700139*I,0.012096611448895437+0.020951945628906263*I,-0.13002794949784774+8.953614673096057*^-18*I,0.05088093442338957-0.08812836355789098*I,-0.013101472373665693-0.022692415805149*I
1.0582808687867804*^-39-1.8329962334168323*^-39*I,-4.2467739272556694*^-38-7.355628210265649*^-38*I,-2.3781245227436972*^-36-1.9018102370240793*^-51*I,-2.681765377166712*^-35+4.644953887231849*^-35*I,5.166486242480936*^-34+8.948616668582602*^-34*I,1.7558234233847072*^-32+1.7067615406103463*^-48*I,1.342632530031662*^-31-2.325507757909584*^-31*I,-1.873844398810194*^-30-3.245593704217614*^-30*I,-4.8215420083865174*^-29+3.9304606634372494*^-45*I,-2.8809728581417515*^-28+4.989991365528438*^-28*I,3.217153684777432*^-27+5.57227363779194*^-27*I,6.746109025101829*^-26+0.*I,3.3333325468157783*^-25-5.773501329607892*^-25*I,-3.114792031153699*^-24-5.394978052968867*^-24*I,-5.519078810857025*^-23+8.255084245230909*^-39*I,-2.3231652460868095*^-22+4.02384024060061*^-22*I,1.8620415076645862*^-21+3.225150497077216*^-21*I,2.846432387022665*^-20+0.*I,1.0387896245706248*^-19-1.7992364081317216*^-19*I,-7.248935528998873*^-19-1.255552463701722*^-18*I,-9.682316112816184*^-18-1.992933694269027*^-33*I,-3.0968806637810153*^-17+5.3639546546463465*^-17*I,1.8989457127998863*^-16+3.2890704553845027*^-16*I,2.233588296260879*^-15+6.152120069658732*^-31*I,6.302568961593938*^-15-1.0916369659687317*^-14*I,-3.4143885920242276*^-14-5.913894518169526*^-14*I,-3.5523410054460477*^-13-2.2360134194283109*^-29*I,-8.87399136375577*^-13+1.5370203907952425*^-12*I,4.258578313106592*^-12+7.37607400631158*^-12*I,3.92612020948639*^-11+0.*I,8.69164084459266*^-11-1.5054363543975353*^-10*I,-3.695803354050475*^-10-6.40131918399889*^-10*I,-3.0177810722241012*^-9-3.4853380028716235*^-25*I,-5.913074146677859*^-9+1.0241744850968035*^-8*I,2.223313859353489*^-8+3.850892565572288*^-8*I,1.6033671085114087*^-7+0.*I,2.770494135558454*^-7-4.798636604858847*^-7*I,-9.169612683918895*^-7-1.5882235054275582*^-6*I,-5.808263132131193*^-6-4.615642216962567*^-21*I,-8.79270959594542*^-6+0.000015229419756375852*I,0.00002541958631639389+0.00004402801500737686*I,0.00014015178497864492+6.311668063492555*^-20*I,0.00018392473996219123-0.00031856699438340873*I,-0.000458756124543012-0.0007945889159918932*I,-0.002170090411353819-1.0547264617891086*^-19*I,-0.0024272276598094004+0.004204081628326388*I,0.005119283885161212+0.008866859787467818*I,0.020281728298446766+0.*I,0.01877660769007188-0.03252203851299299*I,-0.03229563180139977-0.05593767514256157*I,-0.10235039559318046+0.*I,-0.07384419091607841+0.12790189051046397*I,0.09534689791404591+0.16514567153121051*I,0.21394957799598147+2.946477412349314*^-17*I,0.09836130846061872-0.17036678375274608*I,-0.06295103638373806-0.10903439340575131*I,-0.01082216793627874+0.*I,0.05399372052325416-0.09351986723595064*I,-0.08488697273684184-0.14702854968092421*I,-0.12963783022200634+0.*I,-0.00119588186216616+0.002071328145121868*I,-0.06280096040074028-0.10877445417820338*I,-0.1489293658165721-3.353481092245402*^-17*I,-0.01913654864627822+0.03314547453686729*I,-0.05432974684951025-0.09410188190570691*I,-0.14129619189967563+0.*I,-0.008337151631219487+0.014440370215677898*I,-0.06334402443369377-0.109715068675042*I,-0.11094689128625607-7.639709136315021*^-18*I,0.025237936092515022-0.04371338759041236*I,-0.07054989994665704-0.12219601117651083*I,-0.027287995934481703+0.*I,0.06344095421068388-0.10988295597355514*I,-0.04034112843653095-0.06987288408673324*I,0.09693824467484358+0.*I,0.05458716838163589-0.09454774907831073*I,0.035085028575559674+0.06076905207787527*I,0.12109109081784054+0.*I,-0.02751084048053534+0.0476501734712098*I,0.06190898377098207+0.107229505336298*I,-0.05388123669909872+0.*I,-0.06017929619220413+0.1042335985686338*I,-0.033135808030998165-0.05739290305953767*I,-0.10898008609473017+0.*I,0.04465909050110986-0.07735181376773892*I,-0.04216180019440965-0.07302638007528488*I,0.11594810270902982+0.*I,0.02020704356232404-0.034999626120702836*I,0.06626091356873905+0.11476726885698606*I,-0.02313380734713979+0.*I,-0.05977733097241977+0.10353737438509174*I,-0.046106780031858745-0.07985928558858153*I,-0.06093738866945647+0.*I,0.06651028002421112-0.11519918422756709*I,0.01801449070327915+0.031202013170556674*I,0.10440616224104897+0.*I,-0.060854615725546055+0.10540328631172576*I,-0.0009917867620710416-0.0017178250621812693*I,-0.11926875458370066+8.212745607437197*^-18*I,0.05840425963496377-0.10115914506620138*I
4.552841486461473*^-40+4.100700424560614*^-55*I,9.250513760433114*^-39-1.6022359829185156*^-38*I,-2.6232679040835933*^-37-4.5436332917375136*^-37*I,-1.198667490938377*^-35-9.58586517759172*^-51*I,-1.1698607146226329*^-34+2.0262581955052312*^-34*I,2.0144860572366507*^-33+3.4891922022729846*^-33*I,6.245417369586972*^-32+6.070905553203431*^-48*I,4.418327678423542*^-31-7.652768023517417*^-31*I,-5.763982844709263*^-30-9.983511140991835*^-30*I,-1.3972484347954982*^-28+1.1390194258311068*^-44*I,-7.914305775432063*^-28+1.3707979709684137*^-27*I,8.419829460340331*^-27+1.45835724163747*^-26*I,1.6890155276173917*^-25+0.*I,8.011416128934633*^-25-1.387617977589156*^-24*I,-7.207530572015849*^-24-1.248380914783742*^-23*I,-1.2326750614416087*^-22+1.8437563274468847*^-38*I,-5.019266817094615*^-22+8.693625143952399*^-22*I,3.899089172757956*^-21+6.7534205504584825*^-21*I,5.786630153751359*^-20+0.*I,2.053329179793165*^-19-3.556470464065492*^-19*I,-1.3950717378404573*^-18-2.4163351301430804*^-18*I,-1.8164281605685033*^-17-3.738796422505117*^-33*I,-5.669616575821685*^-17+9.82006396875784*^-17*I,3.3959437970565047*^-16+5.881947196150244*^-16*I,3.905338122858883*^-15+1.075673125824675*^-30*I,1.0782872162605874*^-14-1.867648243715347*^-14*I,-5.720231544158903*^-14-9.907731665541397*^-14*I,-5.831677395114849*^-13-3.670736816443728*^-29*I,-1.4283839041397708*^-12+2.474033494683675*^-12*I,6.724862350088348*^-12+1.1647803264260062*^-11*I,6.08554573743208*^-11+0.*I,1.322998771254767*^-10-2.291501090164452*^-10*I,-5.526806440147057*^-10-9.572709557933582*^-10*I,-4.435364364852005*^-9-5.122553163211465*^-25*I,-8.544422261590882*^-9+1.4799373478397975*^-8*I,3.159608637608637*^-8+5.4726026923716387*^-8*I,2.2415474193181086*^-7+0.*I,3.8111665425640603*^-7-6.601134087827551*^-7*I,-1.2414362430189434*^-6-2.150230647266239*^-6*I,-7.740385244336418*^-6-6.151038287448291*^-21*I,-0.000011535439824262494+0.000019979967863276005*I,0.000032832804742866746+0.00005686808596963368*I,0.0001782287373797678+8.026445256390332*^-20*I,0.00023027457253262513-0.00039884725931771094*I,-0.0005654225380637154-0.0009793405636709033*I,-0.00263256376026218-1.2795018335495738*^-19*I,-0.0028973660143822196+0.005018385145033343*I,0.006010648159346259+0.010410747998408073*I,0.02340945004748158+0.*I,0.02128784021934623-0.03687162084331587*I,-0.0359246892713182-0.06222338706404766*I,-0.11151937438613485+0.*I,-0.0786099443652691+0.13615641762080885*I,0.09874730461547922+0.17103534870449072*I,0.21385741387118146+2.9452081436062025*^-17*I,0.09313248992027366-0.1613102043773103*I,-0.052563260094597046-0.09104223709529977*I,0.014313887245692401+0.*I,0.06312568428104068-0.10933689243731451*I,-0.08508512678221498-0.1473717625552358*I,-0.11007844540562596+0.*I,0.012489741917847231-0.021632867575134128*I,-0.0699716214100389-0.12119440337016174*I,-0.1372093693032328-3.0895788961058417*^-17*I,-0.005017119729865571+0.008689906279783405*I,-0.06298874283952542-0.10909970290294833*I,-0.1288324227316678+0.*I,0.006179780219820285-0.0107036933203379*I,-0.068925507149246-0.11938248031994597*I,-0.08969651991717822-6.176426529508511*^-18*I,0.03821465226761992-0.06618971932109491*I,-0.06779624201368176-0.11742653572993254*I,0.0020292258974396456+0.*I,0.06781898546210569-0.11746592853814203*I,-0.02743782879729771-0.047523713526296106*I,0.11508203571728104+0.*I,0.04437577011653488-0.07686108846683509*I,0.04661503947825042+0.08073961677315875*I,0.10485082660264773+0.*I,-0.039996469796088174+0.06927591781021873*I,0.05462190560754903+0.09460791571850628*I,-0.07880012369953233+0.*I,-0.0523308642860376+0.09063971574740874*I,-0.04465909050110986-0.07735181376773892*I,-0.08976725082783239+0.*I,0.05399336860232197-0.09351925769101584*I,-0.030190234343257596-0.05229101977493297*I,0.1266937347521919+0.*I,0.006429479091531965-0.011136184452735152*I,0.06571635574402677+0.1138240670369252*I,-0.04966263528987364+0.*I,-0.05230039504503719+0.09058694147392797*I,-0.05480640092141706-0.09492747097588408*I,-0.035505383111352366+0.*I,0.06648291435942773-0.11515178550577933*I,0.030386906190144985+0.052631665406160315*I,0.08543455277549449+0.*I,-0.06518093906270761+0.1128966981416605*I,-0.013898936875553354-0.024073664839651038*I,-0.1043544215005645+7.185757240333706*^-18*I
4.867817679319194*^-41+8.431307542562885*^-41*I,4.0055768505315856*^-39+3.6077844441606687*^-54*I,5.751399795801228*^-38-9.961716660968974*^-38*I,-1.33087672618163*^-36-2.3051461083575208*^-36*I,-5.263205117125662*^-35-4.2090383727084135*^-50*I,-4.591438701956095*^-34+7.952605111626038*^-34*I,7.212707561420877*^-33+1.249277595651718*^-32*I,2.0688251617465927*^-31+2.0110172659101211*^-47*I,1.368097829851709*^-30-2.36961495102788*^-30*I,-1.6814708559926636*^-29-2.9123929540256245*^-29*I,-3.8639866224861666*^-28+3.149873504640873*^-44*I,-2.0851746028561655*^-27+3.6116283547991354*^-27*I,2.1222276652865624*^-26+3.6758061415046037*^-26*I,4.0868008645155987*^-25+0.*I,1.8663679613238457*^-24-3.232644134631646*^-24*I,-1.620731242673536*^-23-2.807188857724807*^-23*I,-2.6814140917175917*^-22+4.0106872871490637*^-38*I,-1.058235887159416*^-21+1.832918322952835*^-21*I,7.981241654579943*^-21+1.3823916053217553*^-20*I,1.1517388046164676*^-19+0.*I,3.979183060975367*^-19-6.892147234226783*^-19*I,-2.6355134744050296*^-18-4.564843241701888*^-18*I,-3.3488439616716503*^-17-6.893003585403088*^-33*I,-1.0210992834785322*^-16+1.7685958385569928*^-16*I,5.980017549095958*^-16+1.035769422518772*^-15*I,6.7295095306240655*^-15+1.853553347840273*^-30*I,1.8195584420520892*^-14-3.1515676689750886*^-14*I,-9.459059588052897*^-14-1.6383571798329159*^-13*I,-9.455867839177384*^-13-5.951975710757067*^-29*I,-2.2723443167193563*^-12+3.9358158088483095*^-12*I,1.0501721544854007*^-11+1.818951528262786*^-11*I,9.333222491284311*^-11+0.*I,1.9935877502981807*^-10-3.4529952728633847*^-10*I,-8.185885078729276*^-10-1.4178368861279065*^-9*I,-6.459388858031422*^-9-7.460167892706109*^-25*I,-1.2239256796571863*^-8+2.119901461854516*^-8*I,4.452868942714542*^-8+7.712595248227095*^-8*I,3.108834547047366*^-7+0.*I,5.202883008849356*^-7-9.011657717163896*^-7*I,-1.668493946252265*^-6-2.8899162870300256*^-6*I,-0.000010243255853846427-8.139990059440476*^-21*I,-0.00001503240235312322+0.000026036884635427316*I,0.00004213523008109813+0.00007298035928906654*I,0.00022524811677539366+1.0143940337468543*^-19*I,0.0002865852010685757-0.000496380128948115*I,-0.0006928743921627231-0.0012000936504892408*I,-0.0031757625856883003-1.5435121126569172*^-19*I,-0.003439777553613217+0.005957869489593069*I,0.007019713699140643+0.012158500781498861*I,0.026878012568865486+0.*I,0.024009036749233877-0.041584871490461396*I,-0.03975059913394748-0.06885005733130045*I,-0.12084465782600459+0.*I,-0.08318923569913862+0.14408798287373073*I,0.10157213144232274+0.1759280922911673*I,0.21185707752129845+2.91765984962386*^-17*I,0.08683366999233808-0.15040032823439853*I,-0.0415133501228613-0.07190323160519149*I,0.038821084049519276+0.*I,0.07078666071946207-0.12260609286424844*I,-0.08325519798811717-0.14420223290962514*I,-0.08791038680694015+0.*I,0.025629424129326686-0.0443914647607255*I,-0.07490987629948385-0.12974771173940583*I,-0.12120525150962333-2.729210031814569*^-17*I,0.009081946265750535-0.015730392363890358*I,-0.06927868365507489-0.11999419997208126*I,-0.11173787069697867+0.*I,0.02026615036147171-0.035102002099899374*I,-0.0716906871328329-0.12417191254359095*I,-0.06505489306338894-4.479624937088586*^-18*I,0.04942337107183437-0.085603789777747*I,-0.06217985155211152-0.10769866209534766*I,0.030884883503365084+0.*I,0.06914592835603121-0.11976426104916355*I,-0.013468984395265142-0.0233289652989516*I,0.12779735041392756+0.*I,0.03226790952112137-0.05588965874461774*I,0.055864827760012246+0.09676072003642544*I,0.08397708476011825+0.*I,-0.050482430491952335+0.08743813450162577*I,0.04489602745201597+0.07776220060489875*I,-0.09977753615288139+0.*I,-0.04216180019440965+0.07302638007528488*I,-0.05399336860232197-0.09351925769101584*I,-0.06667574851834578+0.*I,0.060765821000342585-0.10524948933622921*I,-0.016997478223849245-0.029440495884252488*I,0.13165983396019054+0.*I,-0.00747353145085381+0.012944536184842743*I,0.062311730961942154+0.10792708393364651*I,-0.07375301158564684+0.*I,-0.0426917327098387+0.07394425011659078*I,-0.06112371134618057-0.10586937359875899*I,-0.008904852040416607+0.*I,0.06378712921720485-0.11048254867316001*I,0.04142782717698978+0.071755101517729*I,0.06339007372297178+0.*I,-0.06701599793264522+0.11607511333927237*I,-0.026157337114581725-0.04530583687316264*I
-1.0348473937414865*^-41+1.7924082640404858*^-41*I,4.310210849549515*^-40+7.465504182754389*^-40*I,2.506459992102073*^-38+2.257544345508401*^-53*I,2.936725408497918*^-37-5.0865576153968495*^-37*I,-5.881537503350016*^-36-1.0187121782424054*^-35*I,-2.0790913416812667*^-34-1.6626703772246952*^-49*I,-1.654622677384872*^-33+2.8658905445862405*^-33*I,2.4048311362785072*^-32+4.1652897116579697*^-32*I,6.447853057002551*^-31+6.267684706007925*^-47*I,4.0172094482637225*^-30-6.958010869038503*^-30*I,-4.680593577581243*^-29-8.107025885951293*^-29*I,-1.0247647982791763*^-27+8.353754300814178*^-44*I,-5.2905390219243344*^-27+9.163482385398703*^-27*I,5.1691716089013437*^-26+8.953267859659687*^-26*I,9.58432321704636*^-25+0.*I,4.22496571596908*^-24-7.317855280295066*^-24*I,-3.549275470100806*^-23-6.147525444272507*^-23*I,-5.691571356595519*^-22+8.513087536277318*^-38*I,-2.180867318350071*^-21+3.777372999948815*^-21*I,1.5993824621210917*^-20+2.7702116851283356*^-20*I,2.247283610052669*^-19+0.*I,7.569148100754066*^-19-1.3110149080519516*^-18*I,-4.8926383492816654*^-18-8.474298204015766*^-18*I,-6.073349013338391*^-17-1.2500915839461412*^-32*I,-1.8107061884564886*^-16+3.1362351159860233*^-16*I,1.0377327941851707*^-15+1.7974059242091335*^-15*I,1.1436546922108481*^-14+3.1500438090977354*^-30*I,3.030424501208522*^-14-5.248849204594731*^-14*I,-1.5448410445560328*^-13-2.675743178788825*^-13*I,-1.515253170508229*^-12-9.537728551097436*^-29*I,-3.5746587917114137*^-12+6.191490646966941*^-12*I,1.6225832040707406*^-11+2.8103965489584226*^-11*I,1.416953263372321*^-10+0.*I,2.975166161966027*^-10-5.153138953484853*^-10*I,-1.2013014579745005*^-9-2.080715160418403*^-9*I,-9.324626928746979*^-9-1.0769328794752458*^-24*I,-1.738509410869108*^-8+3.011186629061931*^-8*I,6.225260329900222*^-8+1.0782467181730175*^-7*I,4.278680302457603*^-7+0.*I,7.050746356615951*^-7-1.2212250920939948*^-6*I,-2.2267082385195304*^-6-3.856771802748035*^-6*I,-0.00001346409117550936-1.0699485582691135*^-20*I,-0.00001946269910689639+0.000033710383705569895*I,0.00005373680998725335+0.00009307488513459756*I,0.0002829659195739371+1.2743233758341033*^-19*I,0.0003546033713268192-0.000614191055673263*I,-0.0008443058917260647-0.0014623807015992927*I,-0.0038102495794930013-1.8518910716742748*^-19*I,-0.004062132456970063+0.007035819802546744*I,0.0081556792832622+0.014126050888847054*I,0.030702435295354255+0.*I,0.026939443599920607-0.046660485042698714*I,-0.043754953514503946-0.07578580256993524*I,-0.13023755012667482+0.*I,-0.0875128125570164+0.15157663766200405*I,0.10374747826258449+0.179695903507944*I,0.20787721481047117+2.862849853308167*^-17*I,0.07951829765484705-0.1377297316695802*I,-0.0299655264986375-0.05190181437119168*I,0.06225171348469637+0.*I,0.07682509714151342-0.13306497154551578*I,-0.07946201798048481-0.13763225241415136*I,-0.0637455110021211+0.*I,0.03786118457775429-0.06557749532341357*I,-0.07750540533802638-0.13424329990668188*I,-0.10151143504685434-2.2857592672193026*^-17*I,0.02268405369439647-0.039289933520315165*I,-0.07302593526720433-0.12648463015303382*I,-0.09074189078454462+0.*I,0.033393617829977476-0.05783944273005896*I,-0.07159388363406712-0.12400424396537817*I,-0.038096069025561584-2.6232631056001876*^-18*I,0.05844075009627665-0.10122234839918691*I,-0.054004863353136395-0.09353916718344678*I,0.05804861670977429+0.*I,0.06743592794878427-0.11680245346284836*I,0.0009224818569530263+0.001597785445303127*I,0.13464517014857214+0.*I,0.018854167872218806-0.032656376689115765*I,0.062469337516963444+0.1082000664945493*I,0.05953061370017652+0.*I,-0.05853737263901729+0.10138970355237019*I,0.03323366929260297+0.05756240373672998*I,-0.11594810270902982+0.*I,-0.030190234343257596+0.05229101977493297*I,-0.060765821000342585-0.10524948933622921*I,-0.0408393858468661+0.*I,0.0647315766086724-0.1121183795402577*I,-0.003199231936531325-0.005541232259269225*I,0.13075895153943204+0.*I,-0.020892184927900074+0.03618632577624765*I,0.05625796734667099+0.09744165777498501*I,-0.09443405370049354+0.*I,-0.031400936280937854+0.05438801704381727*I,-0.0648500059213832-0.11232350512697824*I,0.017761748057514105+0.*I,0.05858659783563027-0.10147496409391647*I,0.05073561586359842+0.08787666442904996*I,0.039174461463081046+0.*I,-0.06634219742625953+0.1149080566280467*I
-4.3745955997462705*^-42-3.813318515197438*^-57*I,-9.221193652258139*^-41+1.5971575912142685*^-40*I,2.7142318751661942*^-39+4.7011875113108036*^-39*I,1.2879815289829539*^-37+1.1600725433627111*^-52*I,1.306116974516814*^-36-2.2622609604912622*^-36*I,-2.3382273491532135*^-35-4.049928568380467*^-35*I,-7.540558935125665*^-34-6.030261257791568*^-49*I,-5.5522950101061935*^-33+9.616857056115062*^-33*I,7.543468384068805*^-32+1.3065670506496667*^-31*I,1.9055739320874185*^-30+1.852327663909877*^-46*I,1.1255064729391728*^-29-1.9494343953782926*^-29*I,-1.24942570992802*^-28-2.164068809878145*^-28*I,-2.6170500921723667*^-27+2.133386460936487*^-43*I,-1.2970870503303205*^-26+2.246620673011765*^-26*I,1.220251985203023*^-25+2.113538436408422*^-25*I,2.183981080014185*^-24+0.*I,9.313756219406376*^-24-1.6131898981322467*^-23*I,-7.583908086808911*^-23-1.313571412628551*^-22*I,-1.1808010716782737*^-21+1.766166539312281*^-37*I,-4.3996928140328915*^-21+7.62049149160066*^-21*I,3.141822668482221*^-20+5.441796490182834*^-20*I,4.3037938780320483*^-19+0.*I,1.414755242079149*^-18-2.450427959555493*^-18*I,-8.934079090182836*^-18-1.54742789030354*^-17*I,-1.0844251573551146*^-16-2.2320975785383646*^-32*I,-3.1640369066812283*^-16+5.480272679394951*^-16*I,1.7759385304080283*^-15+3.0760157657859127*^-15*I,1.9181610534474105*^-14+5.2833179388997145*^-30*I,4.984428204910161*^-14-8.633282897583732*^-14*I,-2.4932664116656873*^-13-4.3184641018099105*^-13*I,-2.4008977022914768*^-12-1.5112399042682148*^-28*I,-5.5633717318852456*^-12+9.6360425010177*^-12*I,2.4815282925899987*^-11+4.2981330831855245*^-11*I,2.1303634127694575*^-10+0.*I,4.3990285119457074*^-10-7.619340886634079*^-10*I,-1.747396425493987*^-9-3.026579389919829*^-9*I,-1.3347405637320381*^-8-1.5415372750419674*^-24*I,-2.4495502642434465*^-8+4.242745513363417*^-8*I,8.636041663593562*^-8+1.49580629376257*^-7*I,5.84527414086456*^-7+0.*I,9.487319736388789*^-7-1.6432519811076312*^-6*I,-2.95152021010297*^-6-5.112182963464724*^-6*I,-0.00001758240173706023-1.3972176171604292*^-20*I,-0.000025040927231365352+0.00004337215823335976*I,0.00006811986087979118+0.00011798706004832201*I,0.00035340863744813046+1.5915587594433158*^-19*I,0.00043630315130454596-0.0007556992255618841*I,-0.001023242976170031-0.0017723088232144853*I,-0.004547361785618997-2.210148840586225*^-19*I,-0.004772363512236118+0.008265976075380812*I,0.009427503658467012+0.016328915325006334*I,0.03489513091020267+0.*I,0.030075423921275195-0.05209216229082104*I,-0.04791494929994026-0.08299112662958331*I,-0.13960033498684216+0.*I,-0.09150994326945007+0.15849987114043312*I,0.1052050503597569+0.18222049243594138*I,0.20187613105062174+2.7802039424648896*^-17*I,0.0712600602546114-0.12342604491140652*I,-0.01809787433363225-0.0313464378548478*I,0.08417339771323838+0.*I,0.08112467098011981-0.140512051884876*I,-0.07381718764883996-0.1278551194796366*I,-0.03824006321721698+0.*I,0.0488550350779232-0.08461940296052262*I,-0.0777208869840412-0.13461652506567814*I,-0.07882607877163741-1.7749472260702947*^-17*I,0.03534173659148468-0.06121368340416755*I,-0.07415105154479235-0.12843338871023904*I,-0.06669498463994035+0.*I,0.04508625493631544-0.07809168427270144*I,-0.06870241928666332-0.11899608080740083*I,-0.009952091698362926-6.852926205679701*^-19*I,0.06494720670506077-0.1124918618228433*I,-0.04367215114459049-0.07564238465825804*I,0.08240388100999693+0.*I,0.0628337432312514-0.10883123570626442*I,0.015097437898286693+0.026149529503948447*I,0.13546088042355656+0.*I,0.004762622394701034-0.008249103964887546*I,0.06619483243025245+0.1146528129677053*I,0.0326957455524413+0.*I,-0.06385478628659405+0.11059973415483332*I,0.02020704356232404+0.034999626120702836*I,-0.1266937347521919+0.*I,-0.016997478223849245+0.029440495884252488*I,-0.0647315766086724-0.1121183795402577*I,-0.013475498967552154+0.*I,0.06577873761178513-0.11393211560135372*I,0.010583090408501252+0.018330450288619033*I,0.12416258573597369+0.*I,-0.033257993026292745+0.05760453367931044*I,0.047871999726257115+0.0829167357858007*I,-0.11091018577367436+0.*I,-0.018932780427367547+0.0327925376287462*I,-0.06588895423311514-0.11412301638933588*I,0.043424083013952654+0.*I,0.05113838301781325-0.08857427760377004*I,0.05798764060499111+0.10043753973888862*I,0.013744164073835422+0.*I
-4.5968233238858485*^-43-7.961931550387963*^-43*I,-3.922484001072065*^-41-3.4192145367040068*^-56*I,-5.843242284028175*^-40+1.012079251687159*^-39*I,1.4035253078749096*^-38+2.4309771429480984*^-38*I,5.764467383046474*^-37+5.1920001861071856*^-52*I,5.225350163212646*^-36-9.050571970022609*^-36*I,-8.534166047038117*^-35-1.4781609193699297*^-34*I,-2.546412203473454*^-33-2.0363915976366185*^-48*I,-1.7527427115564162*^-32+3.035839429011749*^-32*I,2.2436172627289643*^-31+3.886059091785177*^-31*I,5.373095865731836*^-30+5.222958787031878*^-46*I,3.023718712088932*^-29-5.23723443713476*^-29*I,-3.2113762210191304*^-28-5.562266777023675*^-28*I,-6.457785439654*^-27+5.2643058173772365*^-43*I,-3.0818393635788987*^-26+5.337902358484387*^-26*I,2.7987214115405753*^-25+4.847527681019163*^-25*I,4.8460092003846755*^-24+0.*I,2.0031959614194398*^-23-3.4696371826952545*^-23*I,-1.5837804471868304*^-22-2.7431882025617466*^-22*I,-2.397949435403046*^-21+3.586699027764409*^-37*I,-8.700323282952991*^-21+1.5069401968349042*^-20*I,6.057218504815558*^-20+1.0491410202886935*^-19*I,8.098393931566826*^-19+0.*I,2.6008610864019435*^-18-4.5048235450769544*^-18*I,-1.6060805897620147*^-17-2.7818131825179957*^-17*I,-1.9079080423917752*^-16-3.927091595590847*^-32*I,-5.452146387649064*^-16+9.443394553711296*^-16*I,2.9993160225562564*^-15+5.19496773902284*^-15*I,3.177042831456967*^-14+8.750739336471223*^-30*I,8.10121005010602*^-14-1.4031707409571234*^-13*I,-3.9786163065655235*^-13-6.891165586793521*^-13*I,-3.763389955258542*^-12-2.368857727791025*^-28*I,-8.570017276884079*^-12+1.4843705345306295*^-11*I,3.7582045553016224*^-11+6.509401235019209*^-11*I,3.1731935818983883*^-10+0.*I,6.446601654004577*^-10-1.1165841600893487*^-9*I,-2.520183364833795*^-9-4.365085632282025*^-9*I,-1.895073281213654*^-8-2.1886845888302677*^-24*I,-3.424619712408176*^-8+5.9316153384928755*^-8*I,1.1891388975260378*^-7+2.0596489877715382*^-7*I,7.928591750649109*^-7+0.*I,1.2678723003844876*^-6-2.1960192417751563*^-6*I,-3.886613689464694*^-6-6.731812379545593*^-6*I,-0.000022815742135866372-1.8130945554285863*^-20*I,-0.00003202267401993995+0.0000554648983967518*I,0.00008584846982828948+0.00014869391149464133*I,0.0004389008941681486+1.9765690156436663*^-19*I,0.0005339016532962783-0.0009247447897541767*I,-0.001233551617783996-0.0021365740757606673*I,-0.0053991718413035125-2.624153068911452*^-19*I,-0.005578587770680889+0.009662397453301698*I,0.010843737913908906+0.018781905010851176*I,0.03946539792560187+0.*I,0.03341020526663308-0.0578681730131138*I,-0.05220334693944815-0.09041884922426942*I,-0.1488272000301741+0.*I,-0.09510956625885354+0.16473460104617293*I,0.10588374424633779+0.18339602473028588*I,0.1938439714168881+2.6695863981123383*^-17*I,0.06215210356838062-0.10765060117771816*I,-0.0060988906018907595-0.010563588392279128*I,0.10417901021342293+0.*I,0.0836071964801907-0.14481191218208408*I,-0.06647602852313679-0.1151398588874708*I,-0.012076494880208581+0.*I,0.05832176548456519-0.1010162610063837*I,-0.07559130376867378-0.13092797873771586*I,-0.05392577134574312-1.2142605563460715*^-17*I,0.046650699908588146-0.08080138245032341*I,-0.07266825268676579-0.12586510575073193*I,-0.04053344777504175+0.*I,0.054936348092521306-0.09515254607853649*I,-0.06318944184616616-0.10944732377947872*I,0.018234295626424462+1.2555981810435892*^-18*I,0.06873543584681466-0.11905326716707408*I,-0.03165852993660868-0.054834182343146534*I,0.10298987479209147+0.*I,0.055602708521972896-0.0963067161985*I,0.028447991774223625+0.049273367126256816*I,0.13034893748366302+0.*I,-0.009370518460897589+0.016230214067536743*I,0.06694320326716939+0.11594902928014827*I,0.004722008175908287+0.*I,-0.06626091356873905+0.11476726885698606*I,0.006429479091531965+0.011136184452735152*I,-0.13165983396019054+0.*I,-0.003199231936531325+0.005541232259269225*I,-0.06577873761178513-0.11393211560135372*I,0.01417260960615477+0.*I,0.06392728321792415-0.11072530252328987*I,0.023749676739103696+0.041135646775464337*I,0.11228226258085318+0.*I,-0.044066232655003604+0.07632495385661703*I,0.03755877367411768+0.06505370427355221*I,-0.12258669650638644+0.*I,-0.005824164266313883+0.01008774842088276*I,-0.06425576731411171-0.11129425366736508*I,0.06708506439612905+0.*I,0.04177913122435991-0.0723635779766787*I,0.06294941706181034+0.10903158865789861*I
9.60625345607969*^-44-1.6638519056314089*^-43*I,-4.147249583497958*^-42-7.183246990287354*^-42*I,-2.5009942898072684*^-40-2.1801073068967288*^-55*I,-3.040309995946421*^-39+5.265971383738718*^-39*I,6.320720907967649*^-38+1.0947809753062877*^-37*I,2.32057561044324*^-36+2.0901200754005483*^-51*I,1.9191089412480568*^-35-3.3239941915013434*^-35*I,-2.9000339605205115*^-34-5.0230061632967325*^-34*I,-8.089066782745893*^-33-6.468908532026258*^-48*I,-5.245990700187278*^-32+9.086322428758178*^-32*I,6.3663002544791704*^-31+1.1026755496996597*^-30*I,1.4526661273904325*^-29+1.4120751805428696*^-45*I,7.821294220101212*^-29-1.3546878970160094*^-28*I,-7.974956401165806*^-28-1.3813029674965822*^-27*I,-1.5441857682348668*^-26+1.2588008999050134*^-42*I,-7.113857787073259*^-26+1.2321563125030385*^-25*I,6.250151462000789*^-25+1.0825579887186268*^-24*I,1.0490334242529334*^-23+0.*I,4.2105949422278696*^-23-7.292964370031213*^-23*I,-3.2373420106359745*^-22-5.607240843898692*^-22*I,-4.773053033148494*^-21+7.13922671625652*^-37*I,-1.688432749084621*^-20+2.924451306577759*^-20*I,1.147339281013562*^-19+1.9872499282350352*^-19*I,1.4987222595433957*^-18+0.*I,4.706924757249207*^-18-8.152632826959432*^-18*I,-2.8447551243199356*^-17-4.9272604104140445*^-17*I,-3.3099492589578423*^-16-6.81294571220029*^-32*I,-9.270841468752771*^-16+1.6057568452796268*^-15*I,5.001937939820134*^-15+8.663610648074876*^-15*I,5.1994552072918966*^-14+1.4321203592273833*^-29*I,1.3017788714581498*^-13-2.2547471455851894*^-13*I,-6.28039633807593*^-13-1.0877965549217035*^-12*I,-5.838478373199533*^-12-3.675017677498249*^-28*I,-1.3072217920424525*^-11+2.2641745605787645*^-11*I,5.6384749222718843*^-11+9.766125042577881*^-11*I,4.684288775961414*^-10+0.*I,9.366606618220276*^-10-1.6223438557268419*^-9*I,-3.605065840459075*^-9-6.244157200306114*^-9*I,-2.669617302294225*^-8-3.0832318230269324*^-24*I,-4.7520041044181385*^-8+8.230712546628053*^-8*I,1.625642873433578*^-7+2.815696051749219*^-7*I,1.0680466987053228*^-6+0.*I,1.6831825691752033*^-6-2.915357728225762*^-6*I,-5.085505270995724*^-6-8.808353511523947*^-6*I,-0.00002942620918764602-2.3384073744922567*^-20*I,-0.000040710567266301506+0.0000705127709101845*I,0.00010757851484034429+0.00018633145350627897*I,0.0005420935427766784+2.4412921333042153*^-19*I,0.000649873580784283-0.0011256140604150944*I,-0.0014794418991290424-0.0025624685361376937*I,-0.006378431321539917-3.1001013894788135*^-19*I,-0.006489014613736996+0.011239303002049408*I,0.012412344631220389+0.021498811542328494*I,0.04441891328425551+0.*I,0.03693365970156814-0.0639709751125752*I,-0.05658850839463534-0.09801417166404632*I,-0.15780538373367572+0.*I,-0.09824151649002133+0.17015929797333265*I,0.10573116599450197+0.18313175144597618*I,0.1838043118356335+2.5313219039220362*^-17*I,0.05230580031724058-0.09059630368001298*I,0.00583627293977965+0.01010872125853773*I,0.12189607908784113+0.*I,0.08423457219511182-0.14589855879576236*I,-0.057633407709235446-0.09982399036572762*I,0.014055144555294458+0.*I,0.06602033702207176-0.1143505780550487*I,-0.07122106015635445-0.12335849475972542*I,-0.027638590680767253-6.223453027955445*^-18*I,0.05626187282486517-0.09744842226164514*I,-0.06868166776576864-0.11896013811887692*I,-0.013242516311820132+0.*I,0.06261691175518443-0.10845567257303632*I,-0.05532304901258368-0.09582233171941813*I,0.04535494575926671+3.1231032206223318*^-18*I,0.0697139755630098-0.12074814767274808*I,-0.018493962524298715-0.03203248272536015*I,0.11903470509357093+0.*I,0.046108352342633344-0.07986200891072838*I,0.04042207628590869+0.07001308987461892*I,0.11966621959921679+0.*I,-0.02292897367605056+0.0397141473723289*I,0.06475009219310826+0.11215044947323242*I,-0.02313380734713979+0.*I,-0.06571635574402677+0.1138240670369252*I,-0.00747353145085381-0.012944536184842743*I,-0.13075895153943204+0.*I,0.010583090408501252-0.018330450288619033*I,-0.06392728321792415-0.11072530252328987*I,0.04089113420809011+0.*I,0.05932231170848438-0.10274925790153304*I,0.03574718859442435+0.061915946873289655*I,0.09574141403427788+0.*I,-0.05289448084068608+0.09161592825604684*I,0.02579054651046023+0.04467053691108533*I,-0.12908566272098082+0.*I,0.007379037874832837-0.012780868510185549*I,-0.060071951599585165-0.10404767228029999*I,0.08785699835826005+0.*I,0.03090889338668288-0.05353577375146442*I
3.9925835604965547*^-44+6.345558669555942*^-59*I,8.719728314963168*^-43-1.5103012469713106*^-42*I,-2.6605028163049215*^-41-4.608126051520228*^-41*I,-1.3092856258640783*^-39-1.1412993509797652*^-54*I,-1.3776150662888374*^-38+2.3860992880846283*^-38*I,2.5601945355125713*^-37+4.434387012767984*^-37*I,8.575435553509485*^-36+7.723812111543431*^-51*I,6.561823541699485*^-35-1.136541176452504*^-34*I,-9.269636332634231*^-34-1.6055481095808957*^-33*I,-2.4361551543997675*^-32-1.948217920174817*^-47*I,-1.4978579815259883*^-31+2.594366126525572*^-31*I,1.7319727605810686*^-30+2.999864818651738*^-30*I,3.7811514351099487*^-29+3.6754970703311366*^-45*I,1.9545440952397639*^-28-3.3853696785890125*^-28*I,-1.9190358051280433*^-27-3.323867516025619*^-27*I,-3.5870968405181136*^-26+2.9241564219647985*^-42*I,-1.5988011285846795*^-25+2.769204785907127*^-25*I,1.361647068270452*^-24+2.3584419042216307*^-24*I,2.219163724284458*^-23+0.*I,8.662210059138015*^-23-1.500338792826125*^-22*I,-6.485578782747298*^-22-1.123335196820903*^-21*I,-9.323124971166471*^-21+1.3944932606215868*^-36*I,-3.219088661078512*^-20+5.575625115056856*^-20*I,2.137268763660551*^-19+3.7018580880899927*^-19*I,2.730244838592673*^-18+0.*I,8.392500912538791*^-18-1.4536237983085354*^-17*I,-4.9682407085894424*^-17-8.605245331508913*^-17*I,-5.666112368914453*^-16-1.1662691161856396*^-31*I,-1.5565640156276746*^-15+2.696047960300567*^-15*I,8.241869034237822*^-15+1.427533591662855*^-14*I,8.412404249827873*^-14+2.31708417822958*^-29*I,2.0691458594785142*^-13-3.5838657568875584*^-13*I,-9.811425171001281*^-13-1.6993886890834383*^-12*I,-8.968493659732982*^-12-5.645199079839646*^-28*I,-1.9752069732263923*^-11+3.4211588330924496*^-11*I,8.383456761916604*^-11+1.452057305469642*^-10*I,6.855585080992182*^-10+0.*I,1.3497424160060233*^-9-2.3378224416532005*^-9*I,-5.116410793449009*^-9-8.861883446647475*^-9*I,-3.7324012715674966*^-8-4.310677177179452*^-24*I,-6.546278690262484*^-8+1.1338487292040066*^-7*I,2.2069882683839211*^-7+3.822615812549409*^-7*I,1.4291848296296791*^-6+0.*I,2.220268007217159*^-6-3.845616994919813*^-6*I,-6.61337043747805*^-6-0.000011454693606986022*I,-0.00003772773575703678-2.9981033219252897*^-20*I,-0.000051460886264544065+0.00008913286961271353*I,0.00013406824223569978+0.0002322130072336839*I,0.0006659918051195831+2.9992619841135274*^-19*I,0.0007869641551251182-0.0013630619004122188*I,-0.0017654671862809943-0.0030578788657343522*I,-0.0074984948728962645-3.6444845452773906*^-19*I,-0.007511840331150001+0.013010889111896821*I,0.014140505843290678+0.02449207456530405*I,0.04975723487737417+0.*I,0.04063212357429772-0.0703769024501008*I,-0.06103451926127426-0.10571488837606827*I,-0.1664165347261503+0.*I,-0.10083780661435042+0.17465620437985993*I,0.10470504576620605+0.18135445907589348*I,0.1718151058580721+2.3662085864021877*^-17*I,0.04184908659308625-0.0724847442295749*I,0.017509782669915035+0.030327833213781873*I,0.13699543463519112+0.*I,0.08300972417739326-0.14377705979752375*I,-0.04751856674147136-0.08230457189908107*I,0.03947570254361499+0.*I,0.07176370407556039-0.12429838159820816*I,-0.06477907869715159-0.11220065557096935*I,-0.0008164628718074897-1.838450589052417*^-19*I,0.06389116148724651-0.11066273785049882*I,-0.062378631956696-0.10804295985563708*I,0.014180586037485376+0.*I,0.06789063614561085-0.11759003116237007*I,-0.04545234397380823-0.07872576908573294*I,0.07037796985200043+4.8461675044719*^-18*I,0.06790598415996649-0.11761661470302934*I,-0.004737819393242079-0.008206143906180434*I,0.1299789890883258+0.*I,0.03479864096143398-0.06027301417955111*I,0.05054431876054218+0.08754532812721587*I,0.10399552626397532+0.*I,-0.03534202233777527+0.06121417833126095*I,0.05977733097241977+0.10353737438509174*I,-0.04966263528987364+0.*I,-0.062311730961942154+0.10792708393364651*I,-0.020892184927900074-0.03618632577624765*I,-0.12416258573597369+0.*I,0.023749676739103696-0.041135646775464337*I,-0.05932231170848438-0.10274925790153304*I,0.06554687409469957+0.*I,0.05222228595970454-0.09045165256959908*I,0.046090289746207776+0.07983072357600272*I,0.07533984088593093+0.*I,-0.05941671289030713+0.1029127655447446*I,0.013084512712547212+0.02266304081041264*I,-0.13025219850164613+0.*I,0.020144281495712322-0.034890919032543315*I,-0.05355612902623787-0.09276193653015831*I,0.1049916560895948+0.*I
4.125670641012825*^-45+7.145871165529497*^-45*I,3.6460088584931185*^-43+5.794734855445672*^-58*I,5.627643621985425*^-42-9.747364680169662*^-42*I,-1.4012350821280234*^-40-2.4270103555936935*^-40*I,-5.968644455197147*^-39-5.202844901355892*^-54*I,-5.613987892515967*^-38+9.72371226291416*^-38*I,9.51868273976283*^-37+1.648684212639817*^-36*I,2.950060818758455*^-35+2.6570913325086166*^-50*I,2.1102831773513786*^-34-3.6551176815304644*^-34*I,-2.808877489377677*^-33-4.865118523838656*^-33*I,-6.998725336941455*^-32-5.596951448344985*^-47*I,-4.10018159785639*^-31+7.101722847746198*^-31*I,4.5361332874999176*^-30+7.856813323854299*^-30*I,9.507925053300978*^-29+9.242251012176026*^-45*I,4.732643523039462*^-28-8.197179036016116*^-28*I,-4.485794162448529*^-27-7.769623401656733*^-27*I,-8.112499229093564*^-26+6.61320777598857*^-42*I,-3.505103346122686*^-25+6.071017081264173*^-25*I,2.8987283583681745*^-24+5.0207447940344035*^-24*I,4.5943984895074684*^-23+0.*I,1.7464439320792165*^-22-3.0249296229315727*^-22*I,-1.274946932004164*^-21-2.208272863185274*^-21*I,-1.7889649164309657*^-20+2.6758190275972617*^-36*I,-6.035386958870329*^-20+1.045359685610203*^-19*I,3.9188535688777377*^-19+6.787653488718863*^-19*I,4.899938318318074*^-18+0.*I,1.4753680291438*^-17-2.5554123863398216*^-17*I,-8.561208605393798*^-17-1.4828448278737946*^-16*I,-9.576793074067753*^-16-1.9712136412369804*^-31*I,-2.58202943146177*^-15+4.472206161929966*^-15*I,1.3425047527930354*^-14+2.3252864412402345*^-14*I,1.346245789753819*^-13+3.70805387711912*^-29*I,3.2546973715928497*^-13-5.637301210859697*^-13*I,-1.5175824933635444*^-12-2.628529983182718*^-12*I,-1.3646181089915835*^-11-8.589559390334855*^-28*I,-2.9575528314670704*^-11+5.122631770170158*^-11*I,1.2357056596934616*^-10+2.1403049857894924*^-10*I,9.950378321235097*^-10+0.*I,1.9296036912157406*^-9-3.3421716316581095*^-9*I,-7.206292653221471*^-9-1.2481665009589916*^-8*I,-5.1803537699459955*^-8-5.982966766176096*^-24*I,-8.955167517298646*^-8+1.5510805130251696*^-7*I,2.976177946798902*^-7+5.15489141622172*^-7*I,1.9001416992922325*^-6+0.*I,2.910634661849924*^-6-5.041367116595115*^-6*I,-8.549127426720321*^-6-0.000014807523063460206*I,-0.000048094221791019955-3.821895038855459*^-20*I,-0.00006469072903458153+0.00011204762946656616*I,0.00016618931898882414+0.0002878483441639149*I,0.0008139829707666656+3.665733063333855*^-19*I,0.0009481999457832747-0.001642330481830685*I,-0.0020965177234063964-0.003631275215908516*I,-0.008773224053390916-4.2640396528655987*^-19*I,-0.008655129595096636+0.014991124204800418*I,0.016034422257091452+0.027772434019295626*I,0.05547732448531466+0.*I,0.04448826373942568-0.07705593313720946*I,-0.06550139855405189-0.11345175026243645*I,-0.17453826807601364+0.*I,-0.10283393828124303+0.17811360584551506*I,0.10277451352216146+0.1780106791435583*I,0.15796894735210867+2.1755216326452803*^-17*I,0.03092439659335233-0.05356262609309614*I,0.028725218036884638+0.049753537098378126*I,0.14919888345486007+0.*I,0.07997652765508964-0.13852340931155266*I,-0.03638910991968903-0.06302778722311003*I,0.06353478501965376+0.*I,0.07542293939958725-0.13063636309627344*I,-0.056492096992695376-0.09784718221745746*I,0.02569226759555501+5.7851944192604425*^-18*I,0.06932668208069767-0.12007733568394317*I,-0.0540204144090938-0.09356610240247634*I,0.04076238166147644+0.*I,0.07061513824721746-0.12230900722768093*I,-0.033991123082441226-0.05887435218511543*I,0.09238437731629928+6.361510117620915*^-18*I,0.06344356992352528-0.10988748652109451*I,0.009044796913696071+0.01566604779866377*I,0.13548953763132113+0.*I,0.022181880706651703-0.038420144391352565*I,0.05843256553111526+0.10120817231648954*I,0.08411099242810237+0.*I,-0.046106780031858745+0.07985928558858153*I,0.05230039504503719+0.09058694147392797*I,-0.07375301158564684+0.*I,-0.05625796734667099+0.09744165777498501*I,-0.033257993026292745-0.05760453367931044*I,-0.11228226258085318+0.*I,0.03574718859442435-0.061915946873289655*I,-0.05222228595970454-0.09045165256959908*I,0.08713209065695447+0.*I,0.04298310884561804-0.07444892838787368*I,0.0543791424268177+0.0941874375552726*I,0.052012722833016556+0.*I,-0.06341266482093169+0.10983395731318926*I,-0.00002022617166541945-0.000035032756967116504*I,-0.12615138287530334+0.*I,0.03197297809646654-0.0553788225323669*I,-0.04501152194970588-0.07796224294289232*I
-8.479922303698451*^-46+1.4687656274242164*^-45*I,3.7900247309368015*^-44+6.564515395925128*^-44*I,2.367174355394754*^-42+3.7622365382272735*^-57*I,2.9817282978971544*^-41-5.164504906323722*^-41*I,-6.42616726708024*^-40-1.1130448204519055*^-39*I,-2.4469480191372233*^-38-2.132995376222404*^-53*I,-2.0998427192764947*^-37+3.6370342776904725*^-37*I,3.294346301508596*^-36+5.705975171939519*^-36*I,9.544896863395881*^-35+8.59699656500351*^-50*I,6.4334163279935365*^-34-1.1143003946327985*^-33*I,-8.118665516934354*^-33-1.4061941164987774*^-32*I,-1.9275097521887376*^-31-1.5414490467669113*^-46*I,-1.0804400682873326*^-30+1.871377092806844*^-30*I,1.1476470167648238*^-29+1.987782942191526*^-29*I,2.3163985917940793*^-28+2.2516729054547217*^-44*I,1.1131099052903333*^-27-1.927962910371038*^-27*I,-1.0207939491140228*^-26-1.768066983924367*^-26*I,-1.7896078019653112*^-25+1.4588658682990318*^-41*I,-7.5084574063389185*^-25+1.3005029714245842*^-24*I,6.0389911660854746*^-24+1.0459839526119664*^-23*I,9.321447031429816*^-23+0.*I,3.454924234718218*^-22-5.9841043108329755*^-22*I,-2.4619846844662594*^-21-4.2642825609519915*^-21*I,-3.375514849662546*^-20+5.0488787005861316*^-36*I,-1.1137427086420553*^-19+1.9290589579274217*^-19*I,7.0785214535416835*^-19+1.2260358800000497*^-18*I,8.669810310449578*^-18+0.*I,2.5589352067158776*^-17-4.432205791308667*^-17*I,-1.4565116455587715*^-16-2.522752171923544*^-16*I,-1.599104638033318*^-15-3.2914743504191737*^-31*I,-4.233833116731449*^-15+7.33321406894656*^-15*I,2.1628364472591677*^-14+3.746142615114646*^-14*I,2.131916423318738*^-13+5.872078501078593*^-29*I,5.068523495455889*^-13-8.7789402134862*^-13*I,-2.3249880169078284*^-12-4.026997372273168*^-12*I,-2.0574817233080402*^-11-1.2950774535699728*^-27*I,-4.389952251344437*^-11+7.603620342129941*^-11*I,1.8062523779523398*^-10+3.1285208899055553*^-10*I,1.4327187284431308*^-9+0.*I,2.7375227314955225*^-9-4.741528457824979*^-9*I,-1.0075550076284316*^-8-1.745136464632891*^-8*I,-7.13955680002463*^-8-8.24571698318959*^-24*I,-1.2167933393985667*^-7+2.1075478861497176*^-7*I,3.987474456519424*^-7+6.906508352574738*^-7*I,2.5105760953423325*^-6+0.*I,3.79282717401292*^-6-6.569369369718245*^-6*I,-0.000010987800147724858-0.000019031428119272317*I,-0.00006096853646694537-4.844975932073503*^-20*I,-0.00008088572023866504+0.0001400981770601698*I,0.0002049382556876326+0.0003549634712655214*I,0.0009898631084368215+4.457800783416439*^-19*I,0.0011368971026728231-0.001969163544807178*I,-0.0024778079980719682-0.004291689344061179*I,-0.010216870072478682-4.965693210626107*^-19*I,-0.009926684516985156+0.01719352193412561*I,0.018099106598435107+0.031348572200094724*I,0.06157110206883088+0.*I,0.04848099651774294-0.08397154917030059*I,-0.06994539795871658-0.12114898302012153*I,-0.18204589807748423+0.*I,-0.10417021744377089+0.18042810924810893*I,0.09992120307399117+0.17306860047756026*I,0.14239262434559127+1.961007145932796*^-17*I,0.01968623624761431-0.03409756139067207*I,0.0392916914001273+0.06805520582033761*I,0.15828571812748568+0.*I,0.07521871777277868-0.13028264086263677*I,-0.02452432769126272-0.04247738158273537*I,0.08562749808949077+0.*I,0.07692959299986224-0.13324596368135627*I,-0.04663643440519086-0.08077667387364387*I,0.05106919488813234+1.149938284599144*^-17*I,0.07243335040134388-0.1254582430575671*I,-0.04393081957550638-0.07609041152291848*I,0.06558645722438636+0.*I,0.07074452842367153-0.12253311758729968*I,-0.02139993905831742-0.03706578172788345*I,0.1105985912522868+7.615725490438648*^-18*I,0.056558163705696274-0.09796161312106398*I,0.022305727126781177+0.038634652683352345*I,0.13546319311748442+0.*I,0.008803332119482697-0.015247818506847036*I,0.06380965781361327+0.1105215693467626*I,0.06093738866945647+0.*I,-0.05480640092141706+0.09492747097588408*I,0.0426917327098387+0.07394425011659078*I,-0.09443405370049354+0.*I,-0.047871999726257115+0.0829167357858007*I,-0.044066232655003604-0.07632495385661703*I,-0.09574141403427788+0.*I,0.046090289746207776-0.07983072357600272*I,-0.04298310884561804-0.07444892838787368*I,0.10480162635662316+0.*I,0.032038967527739805-0.05549311958009478*I,0.060312401552468205+0.10446414381537096*I,0.026786217255448396+0.*I,-0.06477237677738629+0.11218904750542752*I,-0.012985374989315568-0.02249132923682873*I,-0.11705656555880228+0.*I,0.042418733331129936-0.07347140132223247*I
-3.4671419818398197*^-46-7.13775241757225*^-61*I,-7.835971763864444*^-45+1.3572301221688264*^-44*I,2.475215463789399*^-43+4.287198942963418*^-43*I,1.2616395368696678*^-41+2.0051697302591177*^-56*I,1.3755550543234154*^-40-2.3825312426963145*^-40*I,-2.65018064358777*^-39-4.59024752392962*^-39*I,-9.207043759856461*^-38-8.025745383580151*^-53*I,-7.310806958625243*^-37+1.266268909666699*^-36*I,1.072264431944505*^-35+1.8572164752768668*^-35*I,2.927325575583421*^-34+2.636613918213042*^-49*I,1.8706784257767955*^-33-3.240110078068368*^-33*I,-2.2494428587468014*^-32-3.896149320072449*^-32*I,-5.109921379040246*^-31-4.086455816802622*^-46*I,-2.7501155483301312*^-30+4.7633398563929205*^-30*I,2.8130124129443217*^-29+4.87228042154149*^-29*I,5.481402970989453*^-28+5.328239534154043*^-44*I,2.5485301978499495*^-27-4.414183787299675*^-27*I,-2.2657057286116478*^-26-3.924317436955237*^-26*I,-3.857266616326285*^-25+3.144395439776245*^-41*I,-1.5739453904738724*^-24+2.7261533846395834*^-24*I,1.2328544709026144*^-23+2.1353665819417747*^-23*I,1.8555437455442907*^-22+0.*I,6.713478178026963*^-22-1.162808529984764*^-21*I,-4.67467947026692*^-21-8.096782351601467*^-21*I,-6.268465478537556*^-20+9.37596877795151*^-36*I,-2.0245279261157378*^-19+3.5065852293745093*^-19*I,1.2604674844631547*^-18+2.1831937243787184*^-18*I,1.5134017752729802*^-17+0.*I,4.3816780168511367*^-17-7.589288947593809*^-17*I,-2.4478829020039556*^-16-4.2398575572499974*^-16*I,-2.6392958562603576*^-15-5.432524180989573*^-31*I,-6.86594345945288*^-15+1.1892162913667607*^-14*I,3.447859010170912*^-14+5.971866982950162*^-14*I,3.342288209325875*^-13+9.2058856171477*^-29*I,7.817669015492189*^-13-1.3540599931589429*^-12*I,-3.529387613250436*^-12-6.113078665754012*^-12*I,-3.075002572069198*^-11-1.935553767327568*^-27*I,-6.461541301189938*^-11+1.1191717828865685*^-10*I,2.619063307722647*^-10+4.5363507172150255*^-10*I,2.0470712067700812*^-9+0.*I,3.855107162398776*^-9-6.677241473897364*^-9*I,-1.398767791814819*^-8-2.422736883414192*^-8*I,-9.772975711290303*^-8-1.12871420532165*^-23*I,-1.642557715524476*^-7+2.844993417652658*^-7*I,5.308943902943986*^-7+9.195360574431999*^-7*I,3.2971313128376455*^-6+0.*I,4.913738358785402*^-6-8.510844492516405*^-6*I,-0.000014043180625991555-0.000024323502344084343*I,-0.00007687241579144437-6.108806704779921*^-20*I,-0.00010060823170071735+0.00017425856896530393*I,0.000251448072388404+0.0004355208368419731*I,0.0011978621817013391+5.394514581360389*^-19*I,0.0013566664712092685-0.00234981525705963*I,-0.002914857266777676-0.005048680882870289*I,-0.011843934947138998-5.756493616624497*^-19*I,-0.011333902288012183+0.01963089461085825*I,0.020338174308581952+0.03522675123565596*I,0.06802504254828282+0.*I,0.05258546499552554-0.09108069711188496*I,-0.07431939054685247-0.12872496041470255*I,-0.1888143222155269+0.*I,-0.10479304641387382+0.181506880668753*I,0.09614015466974271+0.16651963253552468*I,0.12524595563239224+1.7248661236708754*^-17*I,0.008298445490987634-0.014373329214231437*I,0.049027894946183904+0.08491880503493993*I,0.16409790303840918+0.*I,0.068857826847097-0.11926525459795227*I,-0.012218045025397351-0.02116227475315239*I,0.1052096299899675+0.*I,0.07627626995803716-0.1321143749791598*I,-0.035528533130478504-0.06153722450038296*I,0.07455034999979886+1.6786695342040022*^-17*I,0.07315479777738525-0.12670782656785798*I,-0.03248315216698437-0.05626246994320801*I,0.08782332680325854+0.*I,0.06832743714153078-0.11834659268010012*I,-0.008167294397838384-0.01414616885742874*I,0.12441204371979882+8.566908149066036*^-18*I,0.04756754336505623-0.08238940189951323*I,0.03453460035307132+0.05981568243060562*I,0.13002128178992878+0.*I,-0.004778436223503612+0.008276494319835802*I,0.06651028002421112+0.11519918422756709*I,0.035505383111352366+0.*I,-0.06112371134618057+0.10586937359875899*I,0.031400936280937854+0.05438801704381727*I,-0.11091018577367436+0.*I,-0.03755877367411768+0.06505370427355221*I,-0.05289448084068608-0.09161592825604684*I,-0.07533984088593093+0.*I,0.0543791424268177-0.0941874375552726*I,-0.032038967527739805-0.05549311958009478*I,0.11790123333318431+0.*I,0.019880949598982126-0.034434814808153136*I,0.06369545785861502+0.11032376922248355*I,0.0007316771974373084+0.*I,-0.06349603525274929+0.1099783591369463*I,-0.025294952619961845-0.043812143112821396*I,-0.10343004096031944+0.*I
-3.52507966605031*^-47-6.105617082327096*^-47*I,-3.222526754391822*^-45-6.634166772612471*^-60*I,-5.147454510663595*^-44+8.915652742118898*^-44*I,1.3269412480734552*^-42+2.2983296603220907*^-42*I,5.854421445815066*^-41+9.304645525341431*^-56*I,5.706181103376632*^-40-9.883395588237728*^-40*I,-1.0030454502227397*^-38-1.7373256820865902*^-38*I,-3.2244392407564694*^-37-2.810731547075798*^-52*I,-2.3936431774658522*^-36+4.1459115985614547*^-36*I,3.3080295514870227*^-35+5.729675256114819*^-35*I,8.562541933933988*^-34+7.712198952722817*^-49*I,5.213993006592402*^-33-9.030900797726829*^-33*I,-5.999024969680331*^-32-1.0390616043360699*^-31*I,-1.3084584563764576*^-30-1.046387463422858*^-45*I,-6.781369973980566*^-30+1.1745677339856356*^-29*I,6.696707653963277*^-29+1.159903790009978*^-28*I,1.2625923864201575*^-27+1.2273125519964118*^-43*I,5.6909365417212165*^-27-9.856991232911465*^-27*I,-4.9131849196773923*^-26-8.509885907862458*^-26*I,-8.1351606816710515*^-25+6.631681108332711*^-41*I,-3.2329190480767364*^-24+5.599580048026118*^-24*I,2.4692676080714414*^-23+4.27689695466381*^-23*I,3.627939435159458*^-22+0.*I,1.2826428528973592*^-21-2.22160258918332*^-21*I,-8.735288863355954*^-21-1.5129964130123094*^-20*I,-1.1466149457074785*^-19+1.7150331238314523*^-35*I,-3.6278082887189884*^-19+6.283548276180794*^-19*I,2.214229196791288*^-18+3.835157468444936*^-18*I,2.6079388357414886*^-17+0.*I,7.411324090908959*^-17-1.2836789876813536*^-16*I,-4.0662888710208487*^-16-7.043018922859998*^-16*I,-4.30794192103358*^-15-8.867137271027098*^-31*I,-1.1016952069828883*^-14+1.908192072949472*^-14*I,5.441018041725767*^-14+9.424119693167951*^-14*I,5.189430646077141*^-13+1.4293592279865869*^-28*I,1.1947049386007605*^-12-2.0692896537099727*^-12*I,-5.310558632107498*^-12-9.198157367383666*^-12*I,-4.557029706316481*^-11-2.86841256524517*^-27*I,-9.433975810816458*^-11+1.6340125421709894*^-10*I,3.7682760385434215*^-10+6.526845555701583*^-10*I,2.903173191582721*^-9+0.*I,5.3903193178598235*^-9-9.336306927553226*^-9*I,-1.928617361185352*^-8-3.3404632579324454*^-8*I,-1.3289956679568871*^-7-1.534902299512442*^-23*I,-2.203316336297559*^-7+3.816255839613886*^-7*I,7.025477857470922*^-7+1.2168484596589775*^-6*I,4.304827935813513*^-6+0.*I,6.3301075602223056*^-6-0.000010964067911680876*I,-0.00001785081008800833-0.000030918510028693566*I,-0.00009641726834588057-7.661974054852497*^-20*I,-0.0001245060735064477+0.00021565084516407234*I,0.00030700005549762606+0.0005317396940483539*I,0.0014426669036026205+6.496980843386183*^-19*I,0.0016114150611148865-0.002791052757932688*I,-0.0034134626871485858-0.005912290803881943*I,-0.013669010953277721-6.643533137365018*^-19*I,-0.012883622724948723+0.022315089145160175*I,0.022753635153706122+0.039410452143104284*I,0.0748198261889647+0.*I,0.05677307942552336-0.09833385806714974*I,-0.07857334705635137-0.13609302922234304*I,-0.19472002656830856+0.*I,-0.10465616496285206+0.18126979504096954*I,0.0914404901013087+0.15837957472446568*I,0.10671991839131323+1.469728671274466*^-17*I,-0.003068793139366042+0.0053153056353007835*I,0.05776597866986235+0.10005361000514162*I,0.16654381220286027+0.*I,0.06105021080981765-0.10574206693539487*I,0.00022880669773619731+0.00039630482559114866*I,0.12181089123589628+0.*I,0.07351546552628002-0.12733252143359514*I,-0.023514602718246732-0.040728486627800604*I,0.09544815033315013+2.1492307153596862*^-17*I,0.07151267224114384-0.12386358170668157*I,-0.02008606356205502-0.03479008261353719*I,0.10675598280934198+0.*I,0.06350176382022993-0.10998828130687736*I,0.0052092975935935735+0.00902276810385036*I,0.13339936809349598+9.185767707299248*^-18*I,0.03686020506889738-0.06384374795673813*I,0.04527714875408186+0.07842232206392369*I,0.1194954786159808+0.*I,-0.01801449070327915+0.031202013170556674*I,0.06648291435942773+0.11515178550577933*I,0.008904852040416607+0.*I,-0.0648500059213832+0.11232350512697824*I,0.018932780427367547+0.0327925376287462*I,-0.12258669650638644+0.*I,-0.02579054651046023+0.04467053691108533*I,-0.05941671289030713-0.1029127655447446*I,-0.052012722833016556+0.*I,0.060312401552468205-0.10446414381537096*I,-0.019880949598982126-0.034434814808153136*I,0.12598650143471762+0.*I,0.007034451376459967-0.012184027187401487*I,0.064443893027708+0.11162009696152399*I,-0.025079573161678394+0.*I,-0.059689411699048865+0.10338509373664877*I,-0.0364748159250051-0.06317623437883124*I
7.130145067425434*^-48-1.2349773522117412*^-47*I,-3.295253641541387*^-46-5.7075467309760705*^-46*I,-2.129098775316722*^-44-4.383143237388524*^-59*I,-2.7754640916821964*^-43+4.807244821376545*^-43*I,6.19312384927673*^-42+1.0726805164513874*^-41*I,2.4426772735877786*^-40+3.882236079841609*^-55*I,2.1722538544877407*^-39-3.762454042910085*^-39*I,-3.533296310726165*^-38-6.119848728373411*^-38*I,-1.0618900151321444*^-36-9.256455284784626*^-52*I,-7.427867692706927*^-36+1.2865444235667782*^-35*I,9.732952519742591*^-35+1.6857968271849727*^-34*I,2.400623712033963*^-33+2.1622186286127473*^-48*I,1.3987272414716516*^-32-2.4226666481595574*^-32*I,-1.5452202137981717*^-31-2.676399919180882*^-31*I,-3.245621306941745*^-30-2.595556190608498*^-45*I,-1.6240009978509735*^-29+2.8128522398204367*^-29*I,1.5517438808272148*^-28+2.6876992419268417*^-28*I,2.836304620676983*^-27+2.757051523264839*^-43*I,1.241503592467071*^-26-2.150347299932252*^-26*I,-1.0424699108785772*^-25-1.8056108510034956*^-25*I,-1.6811056851896073*^-24+1.3704163015121417*^-40*I,-6.5145608773886135*^-24+1.1283550428637564*^-23*I,4.85737628784172*^-23+8.413222522022167*^-23*I,6.973877295161878*^-22+0.*I,2.4115665250975922*^-21-4.176955747301355*^-21*I,-1.6077344287732208*^-20-2.784677715712944*^-20*I,-2.0674363875538365*^-19+3.0923388006960837*^-35*I,-6.412735659575793*^-19+1.1107183977893995*^-18*I,3.839624277483843*^-18+6.650424330576957*^-18*I,4.4390654407014346*^-17+0.*I,1.2389648364953888*^-16-2.1459500456012804*^-16*I,-6.679645722088584*^-16-1.1569485767217527*^-15*I,-6.957024445541361*^-15-1.4319805579390395*^-30*I,-1.749866318736864*^-14+3.030857370505763*^-14*I,8.503357154437904*^-14+1.472824662639077*^-13*I,7.982901536273227*^-13+2.198783403263315*^-28*I,1.8096064791849664*^-12-3.134330363654193*^-12*I,-7.922934524379285*^-12-1.3722925141266484*^-11*I,-6.698521251945966*^-11-4.216369821116372*^-27*I,-1.3666623936504808*^-10+2.36712870259633*^-10*I,5.381290759041386*^-10+9.32066900496057*^-10*I,4.0878195144489654*^-9+0.*I,7.48507300365774*^-9-1.2964526740697389*^-8*I,-2.641606694126441*^-8-4.5753970078410546*^-8*I,-1.795782761543214*^-7-2.0740105905348215*^-23*I,-2.937463017840626*^-7+5.087835192254566*^-7*I,9.242362678323556*^-7+1.6008241740834766*^-6*I,5.5886793856763325*^-6+0.*I,8.110224886540837*^-6-0.000014047321564298231*I,-0.00002257129582217072-0.00003909463115666691*I,-0.00012031588810088202-9.56112145501248*^-20*I,-0.00015332159844959166+0.00026556079841236587*I,0.00037303542928849074+0.0006461163165509338*I,0.0017294406135879218+7.788452419748407*^-19*I,0.0019053433399353742-0.0033001514706310436*I,-0.0039796645773556025-0.006892981245062033*I,-0.015706598651611784-7.633859463127721*^-19*I,-0.014581967362334707+0.02525670834587484*I,0.025345689588331232+0.043900022119859196*I,0.08193005345091606+0.*I,0.0610116245009043-0.1056752334878804*I,-0.08265489590689006-0.14316247920505037*I,-0.19964317900777856+0.*I,-0.10372181293632732+0.17965144985887377*I,0.08584583880452251+0.14868935442780093*I,0.08703409164081065+1.1986187938580817*^-17*I,-0.01424213543308777+0.02466810217838499*I,0.06535516768737556+0.11319847097171824*I,0.16560043295545604+0.*I,0.051983250429212806-0.09003763088597322*I,0.012515693020916093+0.021677816204161884*I,0.13504589752670104+0.*I,0.06875674540247091-0.11909017640015732*I,-0.010959710232050295-0.018982774958143617*I,0.11317022397384847+2.5482832362887012*^-17*I,0.06760346566798793-0.11709263730469331*I,-0.0071688059261878255-0.012416736093758176*I,0.12180047723583662+0.*I,0.056486509737844935-0.09783750480818158*I,0.01824168956276326+0.031595533138604866*I,0.137327012862916+9.456222005578945*^-18*I,0.024877829452467155-0.043089664593706535*I,0.05415043800110012+0.0937913098700139*I,0.10440616224104897+0.*I,-0.030386906190144985+0.052631665406160315*I,0.06378712921720485+0.11048254867316001*I,-0.017761748057514105+0.*I,-0.06588895423311514+0.11412301638933588*I,0.005824164266313883+0.01008774842088276*I,-0.12908566272098082+0.*I,-0.013084512712547212+0.02266304081041264*I,-0.06341266482093169-0.10983395731318926*I,-0.026786217255448396+0.*I,0.06369545785861502-0.11032376922248355*I,-0.007034451376459967-0.012184027187401487*I,0.1288322049952337+0.*I,-0.005963626981796297+0.010329304929859822*I,0.0625823059036743+0.10839573347998158*I,-0.04961912947991563+0.*I,-0.0535553484002261+0.09276058444624419*I
2.8693529801205184*^-48+0.*I,6.703244026933538*^-47-1.1610359230181432*^-46*I,-2.1895725744156465*^-45-3.7924509457473035*^-45*I,-1.1545553354425065*^-43-2.376865493233331*^-58*I,-1.3027897458160447*^-42+2.256498031333122*^-42*I,2.598827799401518*^-41+4.501301788685864*^-41*I,9.352375149079724*^-40+1.486407092273895*^-54*I,7.696020202415264*^-39-1.3329898006659709*^-38*I,-1.1703268222721063*^-37-2.027065517635927*^-37*I,-3.314300276796392*^-36-2.889063073890696*^-51*I,-2.1981280777068136*^-35+3.8072695121319023*^-35*I,2.744643156154028*^-34+4.753861395104984*^-34*I,6.477585290527835*^-33+5.834298608897958*^-48*I,3.6238986258276125*^-32-6.276776541412449*^-32*I,-3.855393554192063*^-31-6.677737519034221*^-31*I,-7.818340395541034*^-30-6.252405901615328*^-45*I,-3.785303022259896*^-29+6.556337156598153*^-29*I,3.50649758591216*^-28+6.073431975417475*^-28*I,6.224284335782269*^-27+6.050363026629343*^-43*I,2.649900909025236*^-26-4.589763009454661*^-26*I,-2.1671201913459186*^-25-3.7535622775195182*^-25*I,-3.407891324885399*^-24+2.778070329872223*^-40*I,-1.2892271674463331*^-23+2.2330069565151578*^-23*I,9.393719206494277*^-23+1.6270398937683688*^-22*I,1.3191699953434947*^-21+0.*I,4.465614932323865*^-21-7.734671949823188*^-21*I,-2.9166648990614136*^-20-5.0518117938271175*^-20*I,-3.6770727783317267*^-19+5.499929716760125*^-35*I,-1.1189088796928195*^-18+1.938007028667937*^-18*I,6.576322495889847*^-18+1.1390524689839382*^-17*I,7.467424824875668*^-17+0.*I,2.0480814012512247*^-16-3.547381045003982*^-16*I,-1.0855707276257563*^-15-1.8802636554573244*^-15*I,-1.1120827349809659*^-14-2.2890258152434848*^-30*I,-2.752363102369387*^-14+4.7672327341816754*^-14*I,1.3165699728467082*^-13+2.2803660846900773*^-13*I,1.2170828775155267*^-12+3.352291919569913*^-28*I,2.717634600683142*^-12-4.707081204790358*^-12*I,-1.172387824862842*^-11-2.0306352788376054*^-11*I,-9.769285800056986*^-11-6.149255973361994*^-27*I,-1.9649613906413547*^-10+3.403412963502022*^-10*I,7.629368473050814*^-10+1.3214453824988195*^-9*I,5.7160235314002895*^-9+0.*I,1.0324754053636718*^-8-1.7882998596551515*^-8*I,-3.5950486204318426*^-8-6.226806866268351*^-8*I,-2.4115987562151153*^-7-2.78523742828032*^-23*I,-3.8930484206479623*^-7+6.742957660888044*^-7*I,1.208947186769625*^-6+2.093957951152451*^-6*I,7.215555290937123*^-6+0.*I,0.000010335858277100868-0.00001790223167576998*I,-0.000028393978322357957-0.00004917981308333342*I,-0.00014939505728741453-1.1871950662956924*^-19*I,-0.000187901146238967+0.00032545433208631995*I,0.0004511667412261847+0.0007814437184890325*I,0.00206383941655121+9.294401306132637*^-19*I,0.0022429378325777376-0.003884882284243054*I,-0.004619703414647817-0.008001561030069458*I,-0.017970904198199383-8.734377195046498*^-19*I,-0.016434172044256963+0.028464820960981144*I,0.028112533933617324+0.04869233710252935*I,0.08932403465481172+0.*I,0.06526543614922906-0.11304305138860718*I,-0.08650996118847187-0.14983964813924489*I,-0.20346977328931842+0.*I,-0.10196178766545205+0.17660299666711263*I,0.07939449848270505+0.1375153052134953*I,0.06643345644219038+9.149103291752348*^-18*I,-0.025048376933930697+0.0433850614967043*I,0.07166503372405977+0.12412747953620858*I,0.16131398898468494+0.*I,0.04187083294923417-0.07252241002330259*I,0.024349856653098374+0.04217518888018544*I,0.144622653164226+0.*I,0.062162403891236354-0.10766844186023852*I,0.0017633397589187569+0.0030541940534535455*I,0.12723465692864983+2.864975714823591*^-17*I,0.06159307997036942-0.10668234390333274*I,0.005833589401244227+0.010104073233450308*I,0.13252108466610263+0.*I,0.04757113705296664-0.08239562634956062*I,0.03046828484059803+0.052772617363396404*I,0.13615439173030314+9.375476305754472*^-18*I,0.012096611448895437-0.020951945628906263*I,0.060854615725546055+0.10540328631172576*I,0.08543455277549449+0.*I,-0.04142782717698978+0.071755101517729*I,0.05858659783563027+0.10147496409391647*I,-0.043424083013952654+0.*I,-0.06425576731411171+0.11129425366736508*I,-0.007379037874832837-0.012780868510185549*I,-0.13025219850164613+0.*I,0.00002022617166541945-0.000035032756967116504*I,-0.06477237677738629-0.11218904750542752*I,-0.0007316771974373084+0.*I,0.064443893027708-0.11162009696152399*I,0.005963626981796297+0.010329304929859822*I,0.12643228876762136+0.*I,-0.01858696839359499+0.0321935736163834*I,0.05823884241439963+0.10087263403573746*I,-0.07194050795097681+0.*I
2.8718340912661285*^-49+4.9741625569813305*^-49*I,2.7127499770933063*^-47+0.*I,4.4791847423628524*^-46-7.758175550259734*^-46*I,-1.1940601772891182*^-44-2.0681728943594638*^-44*I,-5.450119705518197*^-43-1.122007847035954*^-57*I,-5.497933153443363*^-42+9.522699558381233*^-42*I,1.0006811356692878*^-40+1.7332305691549376*^-40*I,3.3323078129670895*^-39+5.296158342537602*^-54*I,2.563694412488768*^-38-4.4404489775109745*^-38*I,-3.6736521863039318*^-37-6.362952236014919*^-37*I,-9.864272825536629*^-36-8.598649485854077*^-51*I,-6.234257386683936*^-35+1.0798050541198126*^-34*I,7.448549404463231*^-34+1.2901266011217245*^-33*I,1.6879496718395334*^-32+1.520319992807177*^-47*I,9.09420174213585*^-32-1.5751619471660657*^-31*I,-9.341203069250013*^-31-1.6179438319759392*^-30*I,-1.8329633373492294*^-29-1.465839322424869*^-44*I,-8.603730755681414*^-29+1.4902098803483152*^-28*I,7.740177564572427*^-28+1.3406380801444179*^-27*I,1.3363507408197168*^-26+1.2990099225356437*^-42*I,5.541246192043246*^-26-9.597719941866469*^-26*I,-4.419177603183319*^-25-7.654240136383965*^-25*I,-6.784340499390338*^-24+5.530509412514966*^-40*I,-2.508148413541254*^-23+4.3442404851767283*^-23*I,1.7875692996410611*^-22+3.096160849028633*^-22*I,2.457497626348303*^-21+0.*I,8.15034322250109*^-21-1.411680856049654*^-20*I,-5.2190536391657255*^-20-9.03966607046228*^-20*I,-6.455088999160573*^-19+9.655108275262904*^-35*I,-1.9281995172833436*^-18+3.3397395310645363*^-18*I,1.1131158925244135*^-17+1.9279732805646618*^-17*I,1.2420900177420552*^-16+0.*I,3.3493682285964016*^-16-5.801275945185938*^-16*I,-1.7462273176319453*^-15-3.024554435703245*^-15*I,-1.7602985365322344*^-14-3.623263509010934*^-30*I,-4.288725242667355*^-14+7.428290020003018*^-14*I,2.0201998451210902*^-13+3.499088773192508*^-13*I,1.8396775341904373*^-12+5.067145587546259*^-28*I,4.047774495594599*^-12-7.0109510839513285*^-12*I,-1.7211650721495795*^-11-2.9811453531760246*^-11*I,-1.4140099181016851*^-10-8.900455072395539*^-27*I,-2.804690677513536*^-10+4.857866752968221*^-10*I,1.0741239532594564*^-9+1.8604372606721165*^-9*I,7.93924123388984*^-9+0.*I,1.4150082297113058*^-8-2.4508661469880743*^-8*I,-4.8623252813543745*^-8-8.421794430232411*^-8*I,-3.219292325498523*^-7-3.7180702031985376*^-23*I,-5.129882629560388*^-7+8.885217351263624*^-7*I,1.572616323800101*^-6+2.7238513736339635*^-6*I,9.266318726797344*^-6+0.*I,0.00001310441985907492-0.000022697520999632294*I,-0.00003554095988251241-0.00006155874826627884*I,-0.0001846090042272972-1.4670291172402199*^-19*I,-0.00022920473657479597+0.00039699424908298646*I,0.0005431887364415907+0.0009408304896159762*I,0.0024520237895346883+1.104257091387615*^-18*I,0.0026289585297867768-0.004553489744582271*I,-0.005339968292954124-0.0092490963942034*I,-0.02047561710505741-9.951739830366281*^-19*I,-0.01844441526586061+0.0319466643563696*I,0.031050178582434387+0.05378048688886333*I,0.09696366406063686+0.*I,0.0694956492563059-0.1203699954169081*I,-0.0900834709766915-0.156029148653786*I,-0.20609378457203323+0.*I,-0.09935837089722088+0.17209374655125947*I,0.07213931930188767+0.12494896625430367*I,0.04518460896848432+6.2227479464332466*^-18*I,-0.03531780267176423+0.06117222863918747*I,0.07658834428089488+0.1326549035620872*I,0.15379897632053205+0.*I,0.030948236505434174-0.053603918032069875*I,0.03545338463893776+0.06140706349492219*I,0.15034837001364648+0.*I,0.0539417715668518-0.09342988900406146*I,0.01428499970203826+0.02474234527003657*I,0.1372813438586055+3.091199565805479*^-17*I,0.05370940664829961-0.09302742115923253*I,0.018494718910986353+0.0320337928255333*I,0.13863980870430256+0.*I,0.037102955102041715-0.06426420334768317*I,0.04146948291007437+0.07182725136385806*I,0.13002794949784774+8.953614673096057*^-18*I,-0.0009917867620710416+0.0017178250621812693*I,0.06518093906270761+0.1128966981416605*I,0.06339007372297178+0.*I,-0.05073561586359842+0.08787666442904996*I,0.05113838301781325+0.08857427760377004*I,-0.06708506439612905+0.*I,-0.060071951599585165+0.10404767228029999*I,-0.020144281495712322-0.034890919032543315*I,-0.12615138287530334+0.*I,0.012985374989315568-0.02249132923682873*I,-0.06349603525274929-0.1099783591369463*I,0.025079573161678394+0.*I,0.0625823059036743-0.10839573347998158*I,0.01858696839359499+0.0321935736163834*I,0.11899107259717023+0.*I,-0.030340372076702978+0.05255106595739361*I,0.05163590805963514+0.08943601625424334*I
-5.719229721740067*^-50+9.90599645821181*^-50*I,2.730217531282658*^-48+4.7288754798968336*^-48*I,1.8228041599284845*^-46+0.*I,2.4563286625045295*^-45-4.25448604354553*^-45*I,-5.668166835477877*^-44-9.817552944824631*^-44*I,-2.3129217592222025*^-42-4.761576816010082*^-57*I,-2.1288853352412028*^-41+3.6873375641260475*^-41*I,3.5855726178930243*^-40+6.2103939484184896*^-40*I,1.1163233030434442*^-38+1.7742133398890361*^-53*I,8.09295940666947*^-38-1.401741687594395*^-37*I,-1.0995806944768539*^-36-1.9045296298557883*^-36*I,-2.813575050195507*^-35-2.4525827789499856*^-50*I,-1.7015249497241586*^-34+2.9471276632683157*^-34*I,1.9520555432927716*^-33+3.381059380179555*^-33*I,4.260187910314543*^-32+3.8371101705349637*^-47*I,2.2160843425520023*^-31-3.8383706751579323*^-31*I,-2.2026059507367492*^-30-3.815025415729609*^-30*I,-4.190272192019196*^-29-3.351003059127156*^-44*I,-1.9101801682788647*^-28+3.3085291030694555*^-28*I,1.671476615306848*^-27+2.8950824213747203*^-27*I,2.8107693304754154*^-26+2.7322297498086306*^-42*I,1.1365847860017085*^-25-1.9686225964647584*^-25*I,-8.849296130227722*^-25-1.5327430508777069*^-24*I,-1.3276594732831878*^-23+1.0822913758923455*^-39*I,-4.801138479151479*^-23+8.315815780064332*^-23*I,3.3499001747841015*^-22+5.802197303009926*^-22*I,4.5120707002288115*^-21+0.*I,1.4671733698228126*^-20-2.541218820045154*^-20*I,-9.217325062166672*^-20-1.596487531755063*^-19*I,-1.1191445050863543*^-18+1.6739445999395857*^-34*I,-3.2836001570248416*^-18+5.687362303708172*^-18*I,1.8628539152697605*^-17+3.226557628325833*^-17*I,2.043812588781367*^-16+0.*I,5.421194478893598*^-16-9.389784275155595*^-16*I,-2.7813629655064315*^-15-4.817461970547582*^-15*I,-2.7601705256949575*^-14-5.68132333058662*^-30*I,-6.622568415672433*^-14+1.1470624972545573*^-13*I,3.073165418546244*^-13+5.322878644985772*^-13*I,2.7577876477938144*^-12+7.595957036599571*^-28*I,5.981181850638249*^-12-1.0359710854614288*^-11*I,-2.5076055435922732*^-11-4.3433002068431915*^-11*I,-2.03170316708628*^-10-1.2788511966996517*^-26*I,-3.975208475827816*^-10+6.885263050812214*^-10*I,1.502047219037767*^-9+2.6016220987409507*^-9*I,1.0955713485829963*^-8+0.*I,1.927180699582727*^-8-3.337974887043416*^-8*I,-6.536865120276726*^-8-1.1322182510544128*^-7*I,-4.2726649459356805*^-7-4.9346460704758495*^-23*I,-6.722020113190831*^-7+1.164288036554641*^-6*I,2.0346968575249213*^-6+3.5241983352338968*^-6*I,0.000011838264084881747+0.*I,0.000016531387174058525-0.00002863320250506178*I,-0.0000442715017252354-0.00007668049031548109*I,-0.00022705366085205728-1.8043233212819692*^-19*I,-0.000278315902164336+0.0004820572831029979*I,0.0006510884740085705+0.0011277183172053338*I,0.0029006648384650962+1.3063004246878167*^-18*I,0.0030684206419758294-0.005314660450895243*I,-0.006146936683551977-0.010646806646820968*I,-0.023233670088103536-1.1292233041623943*^-18*I,-0.020615644789358453+0.035707344205961424*I,0.03415228351823943+0.05915349024808786*I,0.10480438695783832+0.*I,0.0736605164026694-0.12758375692118407*I,-0.0933201265355898-0.16163520052839808*I,-0.20741929515661744+0.*I,-0.09590510201053212+0.16611250938731772*I,0.06414730654923675+0.11110639411197387*I,0.02357145650202436+3.246221133499673*^-18*I,-0.04488751160877577+0.07774745073173743*I,0.08004342346813018+0.1386392762585525*I,0.14323564543822478+0.*I,0.01946655271830114-0.03371705835631562*I,0.045569785738755746+0.07892918418955261*I,0.15213253600179963+0.*I,0.04434437623020625-0.07680671266066677*I,0.026249530655789177+0.04546552077066369*I,0.14307925777343927+3.221752694674695*^-17*I,0.044233242822742665-0.07661422395252164*I,0.03041034967030013+0.05267227070489528*I,0.14004019782226382+0.*I,0.02547307278045834-0.04412065628065366*I,0.05088093442338957+0.08812836355789098*I,0.11926875458370066+8.212745607437197*^-18*I,-0.013898936875553354+0.024073664839651038*I,0.06701599793264522+0.11607511333927237*I,0.039174461463081046+0.*I,-0.05798764060499111+0.10043753973888862*I,0.04177913122435991+0.0723635779766787*I,-0.08785699835826005+0.*I,-0.05355612902623787+0.09276193653015831*I,-0.03197297809646654-0.0553788225323669*I,-0.11705656555880228+0.*I,0.025294952619961845-0.043812143112821396*I,-0.059689411699048865-0.10338509373664877*I,0.04961912947991563+0.*I,0.05823884241439963-0.10087263403573746*I,0.030340372076702978+0.05255106595739361*I,0.10690656128939949+0.*I,-0.04077801798069878+0.07062959897452753*I
-2.266424058035886*^-50+1.3040642779779057*^-66*I,-5.467151826187732*^-49+9.469384735650125*^-49*I,1.844663841847408*^-47+3.195051496964911*^-47*I,1.0051281786385982*^-45+0.*I,1.1724684581930936*^-44-2.0307749398623746*^-44*I,-2.4188019524254753*^-43-4.189487875047741*^-43*I,-9.005777458682465*^-42-1.8540056958878298*^-56*I,-7.670565400960168*^-41+1.3285808997242883*^-40*I,1.2078714756844271*^-39+2.0920947648986316*^-39*I,3.543672995120169*^-38+5.632088735410066*^-53*I,2.4359277281621954*^-37-4.219150588742736*^-37*I,-3.1539451752274244*^-36-5.462793287780645*^-36*I,-7.722387089799258*^-35-6.731575753599069*^-50*I,-4.4844002131639565*^-34+7.76720901067266*^-34*I,4.9546543949131406*^-33+8.581713145934009*^-33*I,1.0440204778772332*^-31+9.403391771077363*^-47*I,5.255157691965333*^-31-9.102200124270334*^-31*I,-5.064049600924602*^-30-8.771191200850325*^-30*I,-9.356425767451013*^-29-7.482428332207221*^-44*I,-4.14869788207295*^-28+7.185755517003731*^-28*I,3.535911510527037*^-27+6.1243783873004436*^-27*I,5.798618811557005*^-26+5.636591609620377*^-42*I,2.2891967017069356*^-25-3.965004995875507*^-25*I,-1.741852079901258*^-24-3.016976301658503*^-24*I,-2.556295960054602*^-23+2.0838604532786066*^-39*I,-9.05017763211624*^-23+1.5675367476348728*^-22*I,6.186849469502252*^-22+1.0715937619958458*^-21*I,8.170486466028308*^-21+0.*I,2.6065933030610156*^-20-4.5147520355704596*^-20*I,-1.6076089863823304*^-19-2.784460443118499*^-19*I,-1.9172982673141297*^-18+2.8677718261203163*^-34*I,-5.5285127788143855*^-18+9.57566502320032*^-18*I,3.0839101188729877*^-17+5.341489011863791*^-17*I,3.3283139988479537*^-16+0.*I,8.688008633368313*^-16-1.5048072369590968*^-15*I,-4.388276362499203*^-15-7.600717617502158*^-15*I,-4.2888457854132046*^-14-8.827831249962778*^-30*I,-1.0137835848318255*^-13+1.7559246768080342*^-13*I,4.636119673790155*^-13+8.029994824974203*^-13*I,4.101144950618265*^-12+1.12960549630008*^-27*I,8.770475269060308*^-12-1.519090877253877*^-11*I,-3.626555125918502*^-11-6.281377734540193*^-11*I,-2.8986283715112406*^-10-1.8245354054405976*^-26*I,-5.596017162713636*^-10+9.692586045847447*^-10*I,2.086751037118543*^-9+3.614358819036364*^-9*I,1.5023398161108604*^-8+0.*I,2.6088812169337913*^-8-4.518714818641448*^-8*I,-8.736969205601915*^-8-1.5132874568267207*^-7*I,-5.638913179026858*^-7-6.51257262451823*^-23*I,-8.76068114344817*^-7+1.5173944849362835*^-6*I,2.618816901447025*^-6+4.535923929026344*^-6*I,0.000015047882701489567+0.*I,0.000020752993549245708-0.00003594523923644264*I,-0.00005488679188411847-0.00009506671220775252*I,-0.00027798164248575926-2.20903181451953*^-19*I,-0.000336451534240186+0.0005827511515885008*I,0.0007770544167290563+0.0013458977300205264*I,0.00341694437679874+1.538804425577399*^-18*I,0.0035665702806538763-0.006177480934857697*I,-0.007047105481583468-0.01220594474039972*I,-0.02625698311935552-1.2761650278643107*^-18*I,-0.02294940530425178+0.03974953599045477*I,0.037410015428102766+0.06479604743340955*I,0.1127952671345842+0.*I,0.07771579630466645-0.1346077077503559*I,-0.09616522131064453-0.16656304923114165*I,-0.20736254832444387+0.*I,-0.09160737689008923+0.15866863112174556*I,0.055498942676468294+0.09612698848199576*I,0.001890478773108339+2.603535401034626*^-19*I,-0.05360464259709624+0.0928459644997416*I,0.08197597049601978+0.14198654589887352*I,0.1298660005933565+0.*I,0.007686791997176881-0.013313914286324202*I,0.054469918941370564+0.09434466709061218*I,0.14998722545412213+0.*I,0.03365218579400261-0.05828729558096005*I,0.03732482029932309+0.06464848514180584*I,0.14452958739641109+3.254410142327764*^-17*I,0.03348790257809392-0.05800274870417543*I,0.04121070097764964+0.07137902790881757*I,0.1367656286151032+0.*I,0.013101472373665693-0.022692415805149*I,0.05840425963496377+0.10115914506620138*I,0.1043544215005645+7.185757240333706*^-18*I,-0.026157337114581725+0.04530583687316264*I,0.06634219742625953+0.1149080566280467*I,0.013744164073835422+0.*I,-0.06294941706181034+0.10903158865789861*I,0.03090889338668288+0.05353577375146442*I,-0.1049916560895948+0.*I,-0.04501152194970588+0.07796224294289232*I,-0.042418733331129936-0.07347140132223247*I,-0.10343004096031944+0.*I,0.0364748159250051-0.06317623437883124*I,-0.0535553484002261-0.09276058444624419*I,0.07194050795097681+0.*I,0.05163590805963514-0.08943601625424334*I,0.04077801798069878+0.07062959897452753*I,0.09074699339528923+0.*I
