0.04182969071506555+0.*I,-0.05269668582600197+0.09127333724113011*I,-0.09388515976407862-0.1626138667881054*I,0.2731460740794753-1.516733381117919*^-17*I,-0.17205354144762783+0.2980054754094492*I,-0.19386850396855299-0.33579009886090216*I,0.3988322552559957-4.4292944502457065*^-17*I,-0.18990653223535992+0.32892776252086015*I,-0.16917008005047465-0.293011173767916*I,0.28415868910927095-9.473153390569301*^-17*I,-0.11320343100351736+0.1960740940892101*I,-0.08599870114155583-0.14895411976210618*I,0.12510074889246572-2.778652155078674*^-17*I,-0.043710611535371445+0.07570900000916964*I,-0.029434150731194816-0.050981444544070026*I,0.03829697934241839-4.258385662876612*^-18*I,-0.012061551579709928+0.020891220154170276*I,-0.007370676706389626-0.012766386541631248*I,0.008754467816485409-5.837049483746568*^-18*I,-0.002530181052708502+0.00438240213563924*I,-0.0014254935159456947-0.002469027195477935*I,0.001567524145832687-1.0464393357033773*^-18*I,-0.00042101885722798857+0.0007292260516634649*I,-0.00022119040047941101-0.00038311301177684646*I,0.00022751985097716073-1.0107030211054813*^-19*I,-0.00005732551162183958+0.0000992906986989064*I,-0.000028326303906766817-0.00004906259755715686*I,0.000027470506608847324-1.376245289338707*^-20*I,-6.540128813661569*^-6+0.00001132783539330701*I,-3.0599614001840587*^-6-5.300008614318388*^-6*I,2.815230514891733*^-6-6.2607221081946855*^-22*I,-6.369887518977807*^-7+1.1032968821368428*^-6*I,-2.8371703932818864*^-7-4.914123270894388*^-7*I,2.4887833333913805*^-7-2.7725018780381234*^-22*I,-5.3770773069660184*^-8+9.313371091890803*^-8*I,-2.2900285834095447*^-8-3.9664458572503035*^-8*I,1.9233055871648838*^-8-2.5647315450762984*^-23*I,-3.9833281035055355*^-9+6.89932665848859*^-9*I,-1.628106937622249*^-9-2.819963936117099*^-9*I,1.3137395179126138*^-9-1.903730516741146*^-24*I,-2.6168445057723526*^-10+4.5325076395051967*^-10*I,-1.0297092969755382*^-10-1.7835088193876562*^-10*I,8.006609162139184*^-11-1.0690018134827241*^-25*I,-1.5382008626764607*^-11+2.6642420464019158*^-11*I,-5.842723807588739*^-12-1.0119894489335941*^-11*I,4.389021828701957*^-12-7.343108606843259*^-27*I,-8.15243742743577*^-13+1.4120435829844923*^-12*I,-2.9961750970080204*^-13-5.18952749639048*^-13*I,2.1792407529021584*^-13-1.93615212317935*^-28*I,-3.921984030678784*^-14+6.793075607609444*^-14*I,-1.3974924287582426*^-14-2.420527889802101*^-14*I,9.861046713394638*^-15-8.80444634398329*^-30*I,-1.7227410148913065*^-15+2.9838749660745212*^-15*I,-5.962257156428054*^-16-1.0326932322724501*^-15*I,4.0885796634267294*^-16-4.096676178563698*^-31*I,-6.945280151695084*^-17+1.2029578095535591*^-16*I,-2.3384301394404313*^-17-4.050279811461197*^-17*I,1.5607940923344723*^-17-6.972086203985*^-33*I,-2.581845588203766*^-18+4.47188773606648*^-18*I,-8.469015037306271*^-19-1.4668764334679277*^-18*I,5.50954734343001*^-19-2.4505094468602765*^-34*I,-8.886886856404616*^-20+1.539253955640887*^-19*I,-2.8436913115237155*^-20-4.925417832601245*^-20*I,1.805389103154526*^-20-1.1095803239918434*^-35*I,-2.8430171469196172*^-21+4.924250145254314*^-21*I,-8.884877524427569*^-22-1.538905929133526*^-21*I,5.511097802545493*^-22-1.2278713701275279*^-36*I,-8.482021444411189*^-23+1.469129209260901*^-22*I,-2.5916333180794064*^-23-4.48884058150182*^-23*I,1.5721994852326433*^-23-3.7795443554194197*^-38*I,-2.367321699151904*^-24+4.100321460791406*^-24*I,-7.078752848536567*^-25-1.2260759587888182*^-24*I,4.203868685465811*^-25-1.1211733279333816*^-39*I,-6.198496507015863*^-26+1.0736110880689757*^-25*I,-1.815512091825942*^-26-3.144559184798165*^-26*I,1.0563969887726707*^-26-2.954803442336855*^-41*I,-1.5265780291622347*^-27+2.644110708227371*^-27*I,-4.383311045843582*^-28-7.592117436778906*^-28*I,2.5009996390290756*^-28-7.248361292721568*^-43*I,-3.5448570996290404*^-29+6.139872602128787*^-29*I,-9.985788971634794*^-30-1.729589385253233*^-29*I,5.591116157685833*^-30-1.4709432123657631*^-44*I,-7.778399377388109*^-31+1.3472582923198412*^-30*I,-2.1511952815721675*^-31-3.7259795246854066*^-31*I,1.1827660064902431*^-31-3.1583382684461545*^-46*I,-1.6161736449989743*^-32+2.7992948669920273*^-32*I,-4.391040468554648*^-33-7.605505189627652*^-33*I,2.3722827661075906*^-33-6.377864982400128*^-48*I,-3.185838578192086*^-34+5.518034282141729*^-34*I,-8.508586306659741*^-35-1.4737303783719382*^-34*I,4.519545825715434*^-35-1.5122966869202678*^-49*I,-5.968603747679781*^-36+1.0337924941227473*^-35*I,-1.5678607152473755*^-36-2.715614417999712*^-36*I,8.192654584208221*^-37-2.892683512743987*^-51*I,-1.0645335837619182*^-37+1.8438262534390361*^-37*I,-2.751859199839718*^-38-4.76635994939819*^-38*I,1.4153023677805052*^-38-2.514858150178889*^-53*I,-1.8103477862737868*^-39+3.135614345196054*^-39*I,-4.607630265241319*^-40-7.980649721889991*^-40*I,2.333558353833343*^-40-4.580264225595507*^-55*I
0.05269668582600197+0.09127333724113011*I,-0.223717641772784+0.*I,0.16202707130956576-0.28063911970975347*I,0.18149321610715027+0.3143554715266623*I,-0.3207141589807932+1.7808708119370336*^-17*I,0.10374434472384839-0.17969047605964567*I,0.027566544721743084+0.047746656047178676*I,0.09824047601790614-1.0910250850606613*^-17*I,-0.11089875327707222+0.1920822751719346*I,-0.1495295592345873-0.25899279382768503*I,0.32813782622408033-1.0939309900438549*^-16*I,-0.15877245247288627+0.27500195452535403*I,-0.1403073883515432-0.24301952530217028*I,0.23079214971714548-5.1261971639996194*^-17*I,-0.08938835093011083+0.15482516541574876*I,-0.06575176927283659-0.11388540506809908*I,0.09240776018422527-1.0275167594515453*^-17*I,-0.031160020495830974+0.05397073866366687*I,-0.020242329368513397-0.035060742929808784*I,0.025409838903980003-1.694203350399708*^-17*I,-0.007723664632501687+0.013377779564115747*I,-0.004557678456364862-0.00789413065098602*I,0.0052307561669707806-3.491920059504775*^-18*I,-0.0014618279661549678+0.0025319603093054864*I,-0.0007969796762436452-0.0013804092918537853*I,0.0008487265021486777-3.7702663575499014*^-19*I,-0.00022093343265217934+0.00038266793044417174*I,-0.00011258068390491735-0.00019499546447416838*I,0.0001124034648650105-5.63130273600406*^-20*I,-0.000027509845233541426+0.00004764844965285029*I,-0.000013213495567418951-0.000022886445668355763*I,0.000012464648254811653-2.7719825601126934*^-21*I,-2.8885039394354672*^-6+5.003035580965087*^-6*I,-1.316295515193248*^-6-2.279890710089751*^-6*I,1.1802377532692042*^-6-1.3147835504874713*^-21*I,-2.6041301586410566*^-7+4.510485744288724*^-7*I,-1.1317207607068532*^-7-1.9601978575247637*^-7*I,9.691746118997866*^-8-1.2923961311268037*^-22*I,-2.0452733209778852*^-8+3.542517307298837*^-8*I,-8.512486782481799*^-9-1.4744059606016945*^-8*I,6.990146946156041*^-9-1.012937182482422*^-23*I,-1.4161542587837964*^-9+2.452851127568587*^-9*I,-5.664613188935414*^-10-9.811397848460867*^-10*I,4.475159831946163*^-10-5.975006246835867*^-25*I,-8.73114755284136*^-11+1.5122791169901954*^-10*I,-3.366493074260942*^-11-5.830937047948675*^-11*I,2.565964602791443*^-11-4.293019605506385*^-26*I,-4.834118374197931*^-12+8.372938633913109*^-12*I,-1.8012721164087063*^-12-3.119894823876988*^-12*I,1.3278332524251373*^-12-1.1797169117213624*^-27*I,-2.421151707127219*^-13+4.1935577695764755*^-13*I,-8.73780594670039*^-14-1.513432384636252*^-13*I,6.24278416523902*^-14-5.573876670237794*^-29*I,-1.103950380696211*^-14+1.912098148400846*^-14*I,-3.866270563017212*^-15-6.696577050953723*^-15*I,2.6821876552398413*^-15-2.6874991263957286*^-30*I,-4.608184907327215*^-16+7.981610390162834*^-16*I,-1.5688485371808963*^-16-2.71732537577742*^-16*I,1.058561889534325*^-16-4.728608842341116*^-32*I,-1.769769375086031*^-17+3.0653304753284306*^-17*I,-5.8659827877528836*^-18-1.0160180224712506*^-17*I,3.855269079777754*^-18-1.7147276738531806*^-33*I,-6.281050120280313*^-19+1.087909793321212*^-18*I,-2.0296686329644793*^-19-3.515489194823341*^-19*I,1.301046937195617*^-19-7.996149304212052*^-35*I,-2.068251851131963*^-20+3.58231728900896*^-20*I,-6.5238252454826164*^-21-1.1299596784876335*^-20*I,4.083604850880036*^-21-9.098262565751479*^-36*I,-6.341470578747211*^-22+1.0983749237093437*^-21*I,-1.9547079728264781*^-22-3.3856535228954053*^-22*I,1.1961031996134876*^-22-2.875414436310745*^-37*I,-1.8163856765517984*^-23+3.146072277928102*^-23*I,-5.47692119613973*^-24-9.486305780764867*^-24*I,3.2794344685415473*^-24-8.746263815390221*^-39*I,-4.874714997618612*^-25+8.443254048293488*^-25*I,-1.439195605228134*^-25-2.492759910284953*^-25*I,8.440187470118633*^-26-2.360769223665559*^-40*I,-1.229125630354001*^-26+2.1289080406582664*^-26*I,-3.556161705131414*^-27-6.159452753218342*^-27*I,2.0443058793362912*^-27-5.924777986780045*^-42*I,-2.9190163510213737*^-28+5.055884628093361*^-28*I,-8.282846053266602*^-29-1.434631019552902*^-28*I,4.671004581420009*^-29-1.2288749312647024*^-43*I,-6.544447612559356*^-30+1.1335315772425716*^-29*I,-1.822599194779489*^-30-3.156834407192179*^-30*I,1.0090147097338447*^-30-2.6943704449488494*^-45*I,-1.3881418777165443*^-31+2.4043322603191336*^-31*I,-3.796831739257997*^-32-6.576305480184917*^-32*I,2.0648588092267368*^-32-5.551357907715103*^-47*I,-2.7911332216627*^-33+4.834384550613239*^-33*I,-7.502585209885854*^-34-1.2994858771637008*^-33*I,4.010604102056266*^-34-1.3419984064722731*^-48*I,-5.329848102579245*^-35+9.231567710291902*^-35*I,-1.4087797577417452*^-35-2.4400781170832575*^-35*I,7.406637207593068*^-36-2.615154479547883*^-50*I,-9.682436187506735*^-37+1.6770471417805297*^-36*I,-2.5179617742482854*^-37-4.3612377245142715*^-37*I,1.3026847517204768*^-37-2.3147473215321286*^-52*I,-1.6760598120813645*^-38+2.9030207510492797*^-38*I,-4.2905545475056*^-39-7.431458468925361*^-39*I
-0.09388515976407862+0.1626138667881054*I,-0.16202707130956576-0.28063911970975347*I,0.3536217957103361+0.*I,-0.12490905264290932+0.21634882550281453*I,-0.02902427003185186-0.05027151034776617*I,-0.1374288303986591+7.631187645515644*^-18*I,0.13057753062907285-0.2261669173764355*I,0.1390855926618718+0.24090331309119084*I,-0.19867661834473804+2.2064344882614744*^-17*I,0.031152193309851296-0.053957181579869715*I,-0.04205076615796753-0.07283406348279763*I,0.20380892805107098-6.794489529239268*^-17*I,-0.13893786895761617+0.24064744812993813*I,-0.15212377871210989-0.26348611376873887*I,0.29210753559246627-6.488092521223987*^-17*I,-0.12765580008798882+0.2211063316332523*I,-0.10365660234819613-0.179538501807039*I,0.158382336923273-1.761112976500272*^-17*I,-0.05741604157863149+0.09944750118367704*I,-0.03975578536399413-0.0688590401452409*I,0.05283178591543789-3.5225641942781126*^-17*I,-0.016907509551109656+0.02928466557197803*I,-0.01045651482128988-0.018111214940571045*I,0.012529530489641198-8.364396553068994*^-18*I,-0.00364401037074606+0.00631161110544009*I,-0.002061697105809795-0.0035709641370802654*I,0.002272890674117274-1.0096778198063277*^-18*I,-0.0006111859291263818+0.0010586050821180853*I,-0.00032110854723682927-0.0005561763185588186*I,0.00032999578471931625-1.653246336837927*^-19*I,-0.00008300382211379736+0.00014376683712350626*I,-0.000040917987378803015-0.00007087203308354885*I,0.00003956619418686072-8.799028902694649*^-21*I,-9.388027786520017*^-6+0.000016260541109121063*I,-4.37586131812239*^-6-7.579214129863278*^-6*I,4.009377735475929*^-6-4.466442358493234*^-21*I,-9.032098873723436*^-7+1.5644054148274669*^-6*I,-4.0043674588631855*^-7-6.935767890926494*^-7*I,3.4957566246316664*^-7-4.661597901516239*^-22*I,-7.515085770238115*^-8+1.3016510377290346*^-7*I,-3.184212594177923*^-8-5.515217995216844*^-8*I,2.6603155525929278*^-8-3.855044194513695*^-23*I,-5.480418600079268*^-9+9.492363462082822*^-9*I,-2.2279226837133716*^-9-3.8588752835267535*^-9*I,1.787925304343379*^-9-2.3871471106053947*^-24*I,-3.541767767098278*^-10+6.13452172122401*^-10*I,-1.3859354219339335*^-10-2.4005105667989733*^-10*I,1.0716468205127924*^-10-1.792932297520835*^-25*I,-2.047307490194428*^-11+3.546040591733085*^-11*I,-7.732998859398195*^-12-1.3393946919349794*^-11*I,5.776454646494898*^-12-5.1321061765966575*^-27*I,-1.0669476962445658*^-12+1.8480076189141577*^-12*I,-3.8993126806772696*^-13-6.753807677530615*^-13*I,2.820307122641342*^-13-2.5181142992782263*^-28*I,-5.0474742209125376*^-14+8.74248180051467*^-14*I,-1.7885582174448363*^-14-3.097873704909273*^-14*I,1.2550801547216324*^-14-1.2575655595094396*^-29*I,-2.180589271517069*^-15+3.776891408707178*^-15*I,-7.505533523304503*^-16-1.299996540027483*^-15*I,5.118853498148657*^-16-2.2865980868291612*^-31*I,-8.648334304489754*^-17+1.4979354416217119*^-16*I,-2.896164788318222*^-17-5.0163045604591187*^-17*I,1.9227148269736312*^-17-8.551756711439647*^-33*I,-3.1636220065010223*^-18+5.4795540512027726*^-18*I,-1.0322557831694407*^-18-1.7879194628562713*^-18*I,6.680143381395143*^-19-4.1055723912863186*^-34*I,-1.0718908407554712*^-19+1.856569396356206*^-19*I,-3.4121664472095176*^-20-5.910045650448642*^-20*I,2.1551692732828883*^-20-4.8017123688502427*^-35*I,-3.3765170555936114*^-21+5.848299092911032*^-21*I,-1.049871114270977*^-21-1.818430111316273*^-21*I,6.4793876295204605*^-22-1.5576352219772375*^-36*I,-9.922538043314885*^-23+1.718634003105655*^-22*I,-3.0167601919148114*^-23-5.225181926647661*^-23*I,1.8211048887609908*^-23-4.856893450804046*^-38*I,-2.7287319746440435*^-24+4.726302420321262*^-24*I,-8.119939681513177*^-25-1.406414808277538*^-24*I,4.799033084076273*^-25-1.342317294295933*^-39*I,-7.042316309174805*^-26+1.2197649650461775*^-25*I,-2.052904763660469*^-26-3.5557353537600873*^-26*I,1.188921347362442*^-26-3.4457148013255317*^-41*I,-1.7100822754140192*^-27+2.9619493861400945*^-27*I,-4.887512845045501*^-28-8.46542057026427*^-28*I,2.7758906029728657*^-28-7.302973727526478*^-43*I,-3.916569952320725*^-29+6.783698148817154*^-29*I,-1.098305562515291*^-29-1.902321036511987*^-29*I,6.121925294060309*^-30-1.634736780284584*^-44*I,-8.478975577477014*^-31+1.4686016496325945*^-30*I,-2.3345941733004644*^-31-4.043635723210639*^-31*I,1.2779781812251633*^-31-3.435835055903159*^-46*I,-1.738681967592213*^-32+3.0114855060735603*^-32*I,-4.703502959885596*^-33-8.14670610007239*^-33*I,2.530209391998371*^-33-8.466397793694165*^-48*I,-3.383481650593158*^-34+5.860362125304403*^-34*I,-8.998318954034975*^-35-1.5585545611098485*^-34*I,4.759665116566361*^-35-1.680554778351469*^-49*I,-6.259584941012233*^-36+1.084191915212631*^-35*I,-1.637513385292155*^-36-2.8362563814001012*^-36*I,8.521574895214702*^-37-1.5142030823560456*^-51*I,-1.1027714777258024*^-37+1.910056228558908*^-37*I
-0.2731460740794753-1.516733381117919*^-17*I,0.18149321610715027-0.3143554715266623*I,0.12490905264290932+0.21634882550281453*I,-0.009784065579482361+0.*I,-0.10201147177420702+0.176689052067805*I,-0.13742778348894338-0.23803190337442515*I,0.18554380946310314-1.0302930050189502*^-17*I,-0.0028648132547136403+0.004962002111360785*I,0.0826201872697029+0.1431023620819807*I,-0.2534849374243404+2.815116911328682*^-17*I,0.11804634923157092-0.20446227451710017*I,0.06771748648248901+0.11729012714852954*I,0.0033970661273915147-1.1324984853907507*^-18*I,-0.06793053938423628+0.11765914559905599*I,-0.11616315748872419-0.20120049073809526*I,0.28177515777502893-6.258596821608407*^-17*I,-0.14402106505132153+0.2494518020290714*I,-0.13155411421693672-0.2278584097684535*I,0.22091176360885262-2.456401269931907*^-17*I,-0.08666185024231252+0.15010272769761068*I,-0.06422227662308116-0.11123624608891941*I,0.09058967261363032-6.040074769210191*^-17*I,-0.030574850076918483+0.05295719376702408*I,-0.019839538273289714-0.03436308828804504*I,0.024837112468411714-1.658062591337523*^-17*I,-0.007520238501121963+0.013025435168978883*I,-0.004416305544098076-0.007649265584125968*I,0.0050405098773121035-2.2391270647512695*^-18*I,-0.0014000930833159733+0.0024250323556290337*I,-0.0007583476079508519-0.0013134965867691978*I,0.0008020499924574983-4.018191363017219*^-19*I,-0.00020729730422448613+0.0003590494631888727*I,-0.0001048594750741731-0.00018162193848346997*I,0.00010391303341414033-2.3108964689895057*^-20*I,-0.000025239324999333526+0.00004371579324758901*I,-0.000012030227335916151-0.000020836964972410702*I,0.000011261125845777708-1.2544881724877946*^-20*I,-2.5894608171621285*^-6+4.485077699533642*^-6*I,-1.1709041395010445*^-6-2.02806546040852*^-6*I,1.0417717996083073*^-6-1.3892046147304583*^-21*I,-2.2809197081289066*^-7+3.950668822464453*^-7*I,-9.836585643909316*^-8-1.70374661082535*^-7*I,8.35953625488482*^-8-1.211374405446392*^-22*I,-1.750761128003027*^-8+3.0324072256178515*^-8*I,-7.231863048923781*^-9-1.2525954234115919*^-8*I,5.8941758768811*^-9-7.869604440250419*^-24*I,-1.185268844303563*^-9+2.0529458589622227*^-9*I,-4.706237852027795*^-10-8.15144307221593*^-10*I,3.690951076302248*^-10-6.175192485622267*^-25*I,-7.149189412389339*^-11+1.238275929519187*^-10*I,-2.7368383805535337*^-11-4.740343127223227*^-11*I,2.0712793771232932*^-11-1.8402335576618674*^-26*I,-3.874831550100881*^-12+6.711405115545611*^-12*I,-1.4338162575948885*^-12-2.483442606872607*^-12*I,1.0497055930365778*^-12-9.372307869017436*^-28*I,-1.9010210273818565*^-13+3.2926650056821686*^-13*I,-6.814583532531064*^-14-1.1803204910765973*^-13*I,4.836354837323241*^-14-4.845932153499421*^-29*I,-8.496166339130864*^-15+1.471579176893116*^-14*I,-2.9561724703902684*^-15-5.120240914652341*^-15*I,2.0376093804073726*^-15-9.102025898240197*^-31*I,-3.478450099900095*^-16+6.024852304620008*^-16*I,-1.1767671363808755*^-16-2.0382204688890084*^-16*I,7.890573537548507*^-17-3.5095306001800517*^-32*I,-1.3110540393589723*^-17+2.2708122076381487*^-17*I,-4.319015017336173*^-18-7.480753448679218*^-18*I,2.8214129511006114*^-18-1.7340219296366536*^-33*I,-4.569196827987335*^-19+7.914081055856657*^-19*I,-1.467761884304877*^-19-2.542238157029066*^-19*I,9.353477129626027*^-20-2.083952633412842*^-34*I,-1.478289846895474*^-20+2.560473123136191*^-20*I,-4.636182447090923*^-21-8.03010355152044*^-21*I,2.8855559894583365*^-21-6.936834005253567*^-36*I,-4.455829159498982*^-22+7.717722494099205*^-22*I,-1.3658340731462296*^-22-2.3656940093980025*^-22*I,8.311637073359898*^-23-2.216716671082417*^-37*I,-1.2553123537463051*^-23+2.1742647760574894*^-23*I,-3.764693304778851*^-24-6.520640078791313*^-24*I,2.2421497411502527*^-24-6.271422432851266*^-39*I,-3.315203722838699*^-25+5.742101285398155*^-25*I,-9.736403467536345*^-26-1.6863945488762633*^-25*I,5.68029141300382*^-26-1.646253912510738*^-40*I,-8.229553198765464*^-27+1.4254004263852853*^-26*I,-2.3688865115391112*^-27-4.103031795350313*^-27*I,1.3549159766715442*^-27-3.5645914035809307*^-42*I,-1.9249850398396937*^-28+3.33417189281237*^-28*I,-5.435193838355569*^-29-9.414031877017089*^-29*I,3.0500734285064393*^-29-8.144606437758761*^-44*I,-4.2526257065801945*^-30+7.365763789370441*^-30*I,-1.178633521257271*^-30-2.041453142321393*^-30*I,6.493928961489703*^-31-1.7458880835540664*^-45*I,-8.891703561366846*^-32+1.5400882334128626*^-31*I,-2.4206495122474187*^-32-4.192687942529318*^-32*I,1.3103231820032625*^-32-4.384505619266897*^-47*I,-1.763047050322078*^-33+3.053687067292306*^-33*I,-4.717447006739775*^-34-8.170857897686944*^-34*I,2.5103590931744115*^-34-8.863640332023552*^-49*I,-3.3211445690121985*^-35+5.752391132810615*^-35*I,-8.739359549399749*^-36-1.5137014765172496*^-35*I,4.574435754608509*^-36-8.128338722408648*^-51*I
-0.17205354144762783-0.2980054754094492*I,0.3207141589807932+1.7808708119370336*^-17*I,-0.02902427003185186+0.05027151034776617*I,0.10201147177420702+0.176689052067805*I,-0.26681042111011655+0.*I,0.05907805101204383-0.10232618596500585*I,-0.05144072261427231-0.08909794514597694*I,0.23823325420750846-1.322868470164223*^-17*I,-0.1081356615144735+0.18729645985313864*I,-0.035738794825226815-0.061901408438572496*I,-0.10336731951190811+1.1479620532622067*^-17*I,0.11044781509569516-0.19130122733071686*I,0.1194299245434554+0.20685869725338188*I,-0.16503247446570435+5.501777721242388*^-17*I,0.019254947892159143-0.03335054804631092*I,-0.047460022912331916-0.08220317101254186*I,0.20067730895609578-4.4573069461443247*^-17*I,-0.1311762862658776+0.22720399256069965*I,-0.13991704562594784-0.24234343186907434*I,0.2631143142523974-2.925667357448736*^-17*I,-0.11287511457944449+0.19550543336175666*I,-0.09008967542231155-0.15603989506883256*I,0.135415745933668-9.028857338476123*^-17*I,-0.04832223464461986+0.08369656553974675*I,-0.03295195480189269-0.0570744599255913*I,0.043144917160765454-2.8802451670500565*^-17*I,-0.013609297561283469+0.023571994831466228*I,-0.008298902806452289-0.014374121307851281*I,0.009808285084979834-4.35709821568408*^-18*I,-0.0028145061830576424+0.004874867707272592*I,-0.0015716126035996666-0.0027221128792502256*I,0.0017105099485171431-8.569486149394647*^-19*I,-0.0004542242502439109+0.0007867394794523342*I,-0.00023573153741316246-0.0004082989997459208*I,0.00023936337894441126-5.323143488685472*^-20*I,-0.000059503352901296946+0.00010306283044574734*I,-0.00002899734709900762-0.00005022487846019107*I,0.00002772501608725288-3.088563722652419*^-20*I,-6.506159262010379*^-6+0.00001126899840393684*I,-2.9999394118712727*^-6-5.196047480989326*^-6*I,2.7196750693459254*^-6-3.626691717248717*^-21*I,-6.063301505239486*^-7+1.0501946268683673*^-6*I,-2.6608544397224327*^-7-4.6087350811444574*^-7*I,2.2997384816190134*^-7-3.3325345460707077*^-22*I,-4.8955538509034995*^-8+8.47934800095436*^-8*I,-2.054368994771277*^-8-3.5582714764380415*^-8*I,1.7001739826388427*^-8-2.2699860001552475*^-23*I,-3.4700090918626742*^-9+6.010232049832111*^-9*I,-1.3977971879682488*^-9-2.4210557482379016*^-9*I,1.1117031258350284*^-9-1.8599490069039018*^-24*I,-2.1828356034011134*^-10+3.780782169661011*^-10*I,-8.467777704784357*^-11-1.466662121188542*^-10*I,6.491808085171613*^-11-5.767663802468458*^-26*I,-1.2298290312013088*^-11+2.1301263666638817*^-11*I,-4.60697226966386*^-12-7.979510040118695*^-12*I,3.4134345162902847*^-12-3.0476887414553747*^-27*I,-6.254473977104435*^-13+1.0833066702962286*^-12*I,-2.2678089522976708*^-13-3.9279603272391007*^-13*I,1.6275611044162782*^-13-1.6307841241940568*^-28*I,-2.890598523468559*^-14+5.006663506931134*^-14*I,-1.0165725330149247*^-14-1.7607552767608373*^-14*I,7.08069467730604*^-15-3.162954928951401*^-30*I,-1.2212190586053414*^-15+2.1152134566758877*^-15*I,-4.1731259453585564*^-16-7.228066163744915*^-16*I,2.825898486762599*^-16-1.2568892698485765*^-31*I,-4.740921983724208*^-17+8.211517750530565*^-17*I,-1.5766726009277002*^-17-2.7308770517085418*^-17*I,1.0395883159999432*^-17-6.389241734481773*^-33*I,-1.6990207304879604*^-18+2.9427902283179504*^-18*I,-5.50690143082449*^-19-9.538233070461714*^-19*I,3.540372836093025*^-19-7.887942839642501*^-34*I,-5.644083538202466*^-20+9.775839450329837*^-20*I,-1.7852056931728752*^-20-3.092066962536618*^-20*I,1.1204417514092749*^-20-2.693525431658911*^-35*I,-1.7444579823881574*^-21+3.0214898571653993*^-21*I,-5.390688566340805*^-22-9.336946484682852*^-22*I,3.3066722571100757*^-22-8.818907097899268*^-37*I,-5.0333877639022264*^-23+8.718083341274211*^-23*I,-1.521211498860883*^-23-2.6348156050850383*^-23*I,9.129038359185138*^-24-2.5534447992212293*^-38*I,-1.3599458003625105*^-24+2.355495221767805*^-24*I,-4.0235824386741286*^-25-6.969049212225432*^-25*I,2.3645109104513175*^-25-6.852791616630024*^-40*I,-3.4503095979009663*^-26+5.976111525407057*^-26*I,-1.0002145984910458*^-26-1.7324225030585856*^-26*I,5.760838110715232*^-27-1.515594646490392*^-41*I,-8.241067373442778*^-28+1.427394739940118*^-27*I,-2.3426828397681327*^-28-4.057645704498118*^-28*I,1.3234628194802562*^-28-3.534040754209501*^-43*I,-1.8574762931186396*^-29+3.217243313536205*^-29*I,-5.1816998784982654*^-30-8.974967459132417*^-30*I,2.8733728651363645*^-30-7.725042073294227*^-45*I,-3.959359872825511*^-31+6.857812465183288*^-31*I,-1.084658229871545*^-31-1.8786831629852237*^-31*I,5.907812983641791*^-32-1.976828280238033*^-46*I,-7.997728579434529*^-33+1.3852472244726371*^-32*I,-2.152941167605471*^-33-3.7290034879993076*^-33*I,1.1525294977789153*^-33-4.06938073845131*^-48*I,-1.5337849897121526*^-34+2.6565935300679767*^-34*I,-4.0596347322766084*^-35-7.031493616474306*^-35*I
0.19386850396855299-0.33579009886090216*I,0.10374434472384839+0.17969047605964567*I,0.1374288303986591+7.631187645515644*^-18*I,-0.13742778348894338+0.23803190337442515*I,-0.05907805101204383-0.10232618596500585*I,-0.13367310500820848+0.*I,0.12267974212062822-0.21248754641237574*I,0.07335414398048033+0.12705310431991465*I,0.057651145441043-3.2012693956813697*^-18*I,-0.10480903627228783+0.18153457591593194*I,-0.1087790076368592-0.188410768023963*I,0.09558485288840483-1.0615326439793995*^-17*I,0.03653237064106689-0.06327592207126545*I,0.0995963549525532+0.17250594702648625*I,-0.23275951765536362+7.75963114404811*^-17*I,0.08682810836219518-0.15039069520841827*I,0.02816169397896058+0.048777484798766216*I,0.07441397079356626-1.6528321544361063*^-17*I,-0.09123213683385996+0.15801869627932155*I,-0.12451101993007087-0.21565941262110377*I,0.27185514203451283-3.0228599202778537*^-17*I,-0.12981284904743617+0.22484245002542885*I,-0.11268102754557961-0.19516926475801183*I,0.1815362319534958-1.2103944993778662*^-16*I,-0.06873872231696491+0.11905895950035209*I,-0.049375143462266416-0.08552025710764759*I,0.0677158612206753-4.520539030976369*^-17*I,-0.02227401481081959+0.03857972534088128*I,-0.014112841290536308-0.024444158154364758*I,0.017278754038578235-7.675677015753067*^-18*I,-0.005123223975257228+0.008873684223700523*I,-0.0029495896104667946-0.005108839066805777*I,0.003303653679954475-1.6550979126025698*^-18*I,-0.0009013028855966436+0.0015611023908618268*I,-0.0004798563068849477-0.0008311355038570923*I,0.0004992002042760383-1.1101590931165684*^-19*I,-0.0001269902800841197+0.0002199536171730976*I,-0.00006326115315335884-0.00010957153140701334*I,0.00006177042205503088-6.881218178257901*^-20*I,-0.000014790407083416868+0.0000256177365331047*I,-6.95285634578136*^-6-0.000012042700448620966*I,6.421548625848468*^-6-8.563146927281814*^-21*I,-1.4574888566696325*^-6+2.524444751217285*^-6*I,-6.507493837276485*^-7-1.1271309956104192*^-6*I,5.718872921427543*^-7-8.287177749805948*^-22*I,-1.2371815602637868*^-7+2.1428613205642223*^-7*I,-5.2733387078325746*^-8-9.133690567485602*^-8*I,4.430639229549902*^-8-5.915564598398727*^-23*I,-9.1764036572265*^-9+1.5893997365077208*^-8*I,-3.749468411071967*^-9-6.4942697893511705*^-9*I,3.0235937476612604*^-9-5.058661847351811*^-24*I,-6.017275688355902*^-10+1.0422227215381455*^-9*I,-2.3650304801841734*^-10-4.0963529531279904*^-10*I,1.8364273521427031*^-10-1.6315786643493276*^-25*I,-3.5225207979806935*^-11+6.10118499282064*^-11*I,-1.3356483582345824*^-11-2.313410817508249*^-11*I,1.0014038967857073*^-11-8.941045645721698*^-27*I,-1.856218633093971*^-12+3.215064982474817*^-12*I,-6.806917791566227*^-13-1.1789927457937213*^-12*I,4.939435504781591*^-13-4.949216949103267*^-28*I,-8.867861512292545*^-14+1.53595866937753*^-13*I,-3.1518118058550473*^-14-5.459098183636351*^-14*I,2.218157986766135*^-14-9.908538719966647*^-30*I,-3.864673258520211*^-15+6.693810438409784*^-15*I,-1.3338129775621651*^-15-2.3102318449323948*^-15*I,9.120515576636975*^-16-4.05657818830378*^-31*I,-1.544804333314718*^-16+2.6756795930536606*^-16*I,-5.1858696207799775*^-17-8.982189664618855*^-17*I,3.450923784227338*^-17-2.1209151666439365*^-32*I,-5.691068799033463*^-18+9.857220309296001*^-18*I,-1.86103070380398*^-18-3.223399733434143*^-18*I,1.2069205773596943*^-18-2.6890163739668484*^-33*I,-1.9406236168452986*^-19+3.3612587027441524*^-19*I,-6.190009137995034*^-20-1.0721410326322968*^-19*I,3.917297323245601*^-20-9.417124942247186*^-35*I,-6.148838395833814*^-21+1.0650100509114538*^-20*I,-1.915380769174063*^-21-3.3175368080498144*^-21*I,1.18420030421917*^-21-3.1582665762406285*^-36*I,-1.816620025516468*^-22+3.146478182241612*^-22*I,-5.532369878079412*^-23-9.582345715097115*^-23*I,3.345140213227581*^-23-9.356550541314839*^-38*I,-5.020302326439786*^-24+8.695418698750002*^-24*I,-1.4962111338272705*^-24-2.591513702639052*^-24*I,8.856193824625904*^-25-2.5666893956121802*^-39*I,-1.3015027514227916*^-25+2.254268891654977*^-25*I,-3.7994272069259034*^-26-6.580800962055135*^-26*I,2.2034663048202072*^-26-5.797006739515635*^-41*I,-3.1736501924377982*^-27+5.496923378753046*^-27*I,-9.082472497289729*^-28-1.5731303823652692*^-27*I,5.165097975094142*^-28-1.3792353268100238*^-42*I,-7.296734850499469*^-29+1.2638315490423656*^-28*I,-2.0487040821169252*^-29-3.5484595599002533*^-29*I,1.1433121682640436*^-29-3.0737864583856675*^-44*I,-1.58536314303999*^-30+2.7459295121923696*^-30*I,-4.370122281030781*^-31-7.569273826034051*^-31*I,2.394920492256375*^-31-8.013704176355919*^-46*I,-3.2618374556941947*^-32+5.649668199293585*^-32*I,-8.83339184298586*^-33-1.5299883475215868*^-32*I,4.756814355025581*^-33-1.6795482241481866*^-47*I,-6.367476076441676*^-34+1.10287920803764*^-33*I
0.3988322552559957+4.4292944502457065*^-17*I,-0.027566544721743084+0.047746656047178676*I,0.13057753062907285+0.2261669173764355*I,-0.18554380946310314-1.0302930050189502*^-17*I,-0.05144072261427231+0.08909794514597694*I,-0.12267974212062822-0.21248754641237574*I,0.11870743758952465+0.*I,0.057056064546936895-0.09882400267522407*I,0.114352497392889+0.1980643354568713*I,-0.14500843160816368+8.05206992283779*^-18*I,-0.02341612218637001+0.0405579133430337*I,-0.09812744704445664-0.1699617238980233*I,0.21033291296653647-2.335885304734735*^-17*I,-0.048672150344391124+0.08430263731011646*I,0.03242593366990045+0.056163364599125895*I,-0.18939965361942418+6.314119678978211*^-17*I,0.11282215525946585-0.1954137051288192*I,0.08567487251888567+0.14839323213469643*I,-0.058796782574424354+1.3059538656523253*^-17*I,-0.034274825501185574+0.059365739188610864*I,-0.08750778887089673-0.15156793638240348*I,0.24153941037878018-2.6857678590786625*^-17*I,-0.1326672416611995+0.2297864030572163*I,-0.12725157796472586-0.2204061983782171*I,0.22166104800450095-1.477927080141836*^-16*I,-0.08952429671790137+0.1550606304272771*I,-0.06795576872341344-0.1177028440963519*I,0.09782424494003604-6.53049831244272*^-17*I,-0.03360068562679238+0.05819809467475381*I,-0.02214026417978173-0.03834806245237916*I,0.028096814499233996-1.2481344012776596*^-17*I,-0.008611249961656487+0.014915122450264594*I,-0.005112690906293403-0.008855440413095533*I,0.005893566596848038-2.9526187419142066*^-18*I,-0.0016519424323880687+0.0028612482240750513*I,-0.0009022205804036404-0.0015626918848933857*I,0.0009615374659588392-2.138339592137275*^-19*I,-0.0002502806971107+0.0004334988835494898*I,-0.000127434740648768-0.0002207234454530285*I,0.00012705701288645582-1.415413716892712*^-19*I,-0.00003103685180770033+0.000053757404237923083*I,-0.00001487256322541399-0.00002576003514519742*I,0.000013991429746281794-1.8657597352433342*^-20*I,-3.2324187554379204*^-6+5.598713515757053*^-6*I,-1.4681116255162595*^-6-2.5428439265766858*^-6*I,1.3116610516299695*^-6-1.9007186261522304*^-21*I,-2.8831768863915265*^-7+4.99380885443838*^-7*I,-1.2480357403846096*^-7-2.1616613120079782*^-7*I,1.0643942163823724*^-7-1.4211251286671703*^-22*I,-2.2366996812076516*^-8+3.874077489124775*^-8*I,-9.26872544496219*^-9-1.60539033920809*^-8*I,7.577322365274677*^-9-1.2677335235247653*^-23*I,-1.5281673222495201*^-9+2.646863444602661*^-9*I,-6.084600433040757*^-10-1.0538837093782142*^-9*I,4.784618232606164*^-10-4.250906531243162*^-25*I,-9.291092878835467*^-11+1.6092644923984453*^-10*I,-3.565443403624676*^-11-6.175529126589234*^-11*I,2.7046670897952913*^-11-2.414864969465547*^-26*I,-5.071048222694762*^-12+8.7833131693392*^-12*I,-1.8804842631078107*^-12-3.2570942865364407*^-12*I,1.3795542777619528*^-12-1.3822861756364355*^-27*I,-2.5033361208206394*^-13+4.3359053496837393*^-13*I,-8.990841714062119*^-14-1.5572594651565224*^-13*I,6.392600888731716*^-14-2.855582596244061*^-29*I,-1.1249989446265518*^-14+1.948555330554556*^-14*I,-3.921040823541326*^-15-6.791441924925284*^-15*I,2.7071309025820614*^-15-1.2040644062302904*^-30*I,-4.628778563139505*^-16+8.017279648343293*^-16*I,-1.56834019506302*^-16-2.7164449014016307*^-16*I,1.0531867730422018*^-16-6.472816961253524*^-32*I,-1.7524415765494188*^-17+3.0353178478797125*^-17*I,-5.781144944996107*^-18-1.0013236770653188*^-17*I,3.78166445605684*^-18-8.425540034648576*^-33*I,-6.132326703456883*^-19+1.062150141899874*^-18*I,-1.972390150317546*^-19-3.4162799526983847*^-19*I,1.2584779539902856*^-19-3.0253624251250364*^-34*I,-1.991368609225548*^-20+3.449151607776442*^-20*I,-6.252548184722663*^-21-1.0829731132712144*^-20*I,3.895974252559282*^-21-1.0390577691892522*^-35*I,-6.022701496153029*^-22+1.0431624990158204*^-21*I,-1.8480927165071942*^-22-3.2009904820884254*^-22*I,1.1258037909430047*^-22-3.1489382800485405*^-37*I,-1.7020256269670622*^-23+2.947994861691244*^-23*I,-5.1094055343197755*^-24-8.849749981915401*^-24*I,3.0459351511259822*^-24-8.827685580207682*^-39*I,-4.50786346207388*^-25+7.80784854989535*^-25*I,-1.3251139568937956*^-25-2.2951646991586743*^-25*I,7.737656623228882*^-26-2.0356675069091013*^-40*I,-1.1219917796314864*^-26+1.9433467679963703*^-26*I,-3.232384550617456*^-27-5.598654271270091*^-27*I,1.850323168017999*^-27-4.940915141689929*^-42*I,-2.6309371030127513*^-28+4.556916733936187*^-28*I,-7.434260307360212*^-29-1.2876516569040424*^-28*I,4.1750787208242334*^-29-1.1224668809612355*^-43*I,-5.8255305922760834*^-30+1.0090114966869068*^-29*I,-1.6157480529580514*^-30-2.7985577199538127*^-30*I,8.90864672497983*^-31-2.980944866290281*^-45*I,-1.2206512436254575*^-31+2.1142299722814447*^-31*I,-3.3253261872427693*^-32-5.759633908043727*^-32*I,1.8012334469120547*^-32-6.359841295553752*^-47*I
0.18990653223535992+0.32892776252086015*I,0.09824047601790614+1.0910250850606613*^-17*I,-0.1390855926618718+0.24090331309119084*I,-0.0028648132547136403-0.004962002111360785*I,-0.23823325420750846-1.322868470164223*^-17*I,0.07335414398048033-0.12705310431991465*I,-0.057056064546936895-0.09882400267522407*I,0.22737787954413372+0.*I,-0.04790384908632622+0.08297190049562894*I,0.06061685098132149+0.10499146569448016*I,-0.21791717214312956+1.2100567449932849*^-17*I,0.06409436191441226-0.11101469131446969*I,-0.02832762344819485-0.049064883069952936*I,0.19393322010313957-2.15375593172564*^-17*I,-0.09971244703526767+0.17270702441210428*I,-0.042717151327867395-0.0739882764544746*I,-0.07146139437041693+2.3823475273515352*^-17*I,0.09423135194214913-0.16321348922970663*I,0.10938897245650693+0.18946725808242237*I,-0.16214893561344104+3.601541104868127*^-17*I,0.02539975883729352-0.043993672806189*I,-0.03655739944936227-0.06331927323888592*I,0.17552218135026734-1.9516973751267336*^-17*I,-0.11929649016707015+0.20662758213400675*I,-0.13007880981624842-0.2253031075898312*I,0.24838973739857856-1.6561408629775332*^-16*I,-0.10782039293785448+0.18675039866040485*I,-0.0868828396825979-0.15048549263612077*I,0.13165176339646414-8.788737589722515*^-17*I,-0.04730641127380725+0.08193710784998344*I,-0.03245622321577482-0.05621582763151841*I,0.04272621029740587-1.898010641379646*^-17*I,-0.013542745845764823+0.02345672387885704*I,-0.008294622562941778-0.014366707708622322*I,0.009842456295340217-4.9309735364041235*^-18*I,-0.0028346593604014238+0.004909774034365966*I,-0.0015882017357059838-0.0027508460989118405*I,0.0017339491214909306-3.856086932128366*^-19*I,-0.00046177864142749866+0.0007998240688025586*I,-0.00024029634298382944-0.0004162054749209887*I,0.0002446107707144958-2.7249612776462714*^-19*I,-0.000060950612418552933+0.00010556955746137253*I,-0.000029768082202685136-0.00005155983081893737*I,0.0000285209143977754-3.803269191258497*^-20*I,-6.7060012011452605*^-6+0.000011615134796001546*I,-3.097786551298457*^-6-5.365523697852482*^-6*I,2.8132793265694785*^-6-4.076702902731395*^-21*I,-6.282349878717868*^-7+1.0881349180863557*^-6*I,-2.761306592563751*^-7-4.782723313595294*^-7*I,2.390114843178698*^-7-3.1911600154931973*^-22*I,-5.0951587513925636*^-8+8.825073830041151*^-8*I,-2.1410210923532624*^-8-3.7083573120324533*^-8*I,1.7741712936006775*^-8-2.9682997725956524*^-23*I,-3.6254959037934684*^-9+6.279543108003158*^-9*I,-1.4621509530548759*^-9-2.532519739026291*^-9*I,1.1641964496263895*^-9-1.034333368050407*^-24*I,-2.28837617016143*^-10+3.9635837935494883*^-10*I,-8.886394904271408*^-11-1.5391687470319217*^-10*I,6.819516850744923*^-11-6.088813079317039*^-26*I,-1.293145899130867*^-11+2.2397943988940053*^-11*I,-4.84861058539808*^-12-8.398039880025731*^-12*I,3.5956481456831513*^-12-3.6027685204918286*^-27*I,-6.593957333832643*^-13+1.1421069125139576*^-12*I,-2.3928647294431837*^-13-4.144563287035144*^-13*I,1.7186706403189767*^-13-7.677322665054112*^-29*I,-3.0547439210047886*^-14+5.2909716752924687*^-14*I,-1.0750921982095839*^-14-1.862114310119907*^-14*I,7.493638245880768*^-15-3.332983667847408*^-30*I,-1.29333103432037*^-15+2.24011506244849*^-15*I,-4.4224929119765855*^-16-7.65998241965667*^-16*I,2.9966944930504642*^-16-1.8417488178551996*^-31*I,-5.030604262458501*^-17+8.713262175350727*^-17*I,-1.6740247985722204*^-17-2.899496004257326*^-17*I,1.1044263346445269*^-17-2.460659428142501*^-32*I,-1.8060151132279485*^-18+3.1281099353480814*^-18*I,-5.856929923497764*^-19-1.0144500203868567*^-18*I,3.767426199308433*^-19-9.056836972534954*^-34*I,-6.009184324908486*^-20+1.0408212562788043*^-19*I,-1.9016486996578544*^-20-3.293752165954674*^-20*I,1.1941121367153964*^-20-3.1847014700424575*^-35*I,-1.8600484815531634*^-21+3.2216984745914407*^-21*I,-5.750561822936136*^-22-9.960265249391226*^-22*I,3.5290195111826087*^-22-9.870871566787695*^-37*I,-5.374214237556476*^-23+9.308412110207914*^-23*I,-1.6249158437183216*^-23-2.814436799343764*^-23*I,9.75546996101829*^-24-2.8273163160153055*^-38*I,-1.4538581689983556*^-24+2.5181562157042273*^-24*I,-4.303146999377573*^-25-7.453269235359472*^-25*I,2.529782385498185*^-25-6.655497978870854*^-40*I,-3.692872859331419*^-26+6.396243418254215*^-26*I,-1.0709272248935103*^-26-1.854900364724289*^-26*I,6.170340039017089*^-27-1.6476649622677474*^-41*I,-8.829982851580465*^-28+1.529397892889938*^-27*I,-2.510957148777596*^-28-4.349105357311053*^-28*I,1.4190036862545545*^-28-3.814981101645437*^-43*I,-1.9922219188145333*^-29+3.4506295833391573*^-29*I,-5.5593771759863906*^-30-9.629123727247139*^-30*I,3.0837717272664368*^-30-1.0318686757922609*^-44*I,-4.2505836708747685*^-31+7.362226879777783*^-31*I,-1.1647882104256115*^-31-2.017472360514371*^-31*I
-0.16917008005047465+0.293011173767916*I,0.11089875327707222+0.1920822751719346*I,-0.19867661834473804-2.2064344882614744*^-17*I,-0.0826201872697029+0.1431023620819807*I,-0.1081356615144735-0.18729645985313864*I,-0.057651145441043-3.2012693956813697*^-18*I,0.114352497392889-0.1980643354568713*I,0.04790384908632622+0.08297190049562894*I,0.14203170541025914+0.*I,-0.10480762373605901+0.18153212933141605*I,-0.029289378258749763-0.05073069126625784*I,-0.1413391141732702+7.848319008306924*^-18*I,0.10373368805940143-0.17967201817538433*I,0.050267764835929575+0.08706632267875421*I,0.07890043168074366-8.762411754816432*^-18*I,-0.09848415118831283+0.17057955359845264*I,-0.09224033213945694-0.15976494177256775*I,0.06371191933079948-2.1239990461672965*^-17*I,0.04390255873524012-0.07604146231171277*I,0.09635801991867574+0.16689698621588014*I,-0.2111274092604269+4.689417417012711*^-17*I,0.07371790230743729-0.12768315222388044*I,0.017554610706955007+0.03040547765153867*I,0.08507202647438271-9.45947967883501*^-18*I,-0.09075245972266828+0.15718787115150978*I,-0.11931535516287553-0.20666025726522572*I,0.2556966323141362-1.7048596521589054*^-16*I,-0.12068286276022915+0.20902884990357923*I,-0.10390474915668442-0.17996830468707659*I,0.16637571926480596-1.1106820753446837*^-16*I,-0.06269623866707394+0.1085930708148367*I,-0.04485973435599107-0.0776993391186195*I,0.06132447331607407-2.724194402469101*^-17*I,-0.02011653848244372+0.034842866724007084*I,-0.012715937687766422-0.022024650141091333*I,0.015536705209373072-7.783736084924375*^-18*I,-0.004598439246105911+0.007964730409774167*I,-0.0026432499186999315-0.004578243156290584*I,0.002956343147106943-6.574539030674758*^-19*I,-0.0008055219542442398+0.0013952049513631967*I,-0.00042836845664973115-0.0007419559312771987*I,0.00044517071247794025-4.959196808469488*^-19*I,-0.0001131377796802227+0.00019596038266168003*I,-0.000056311143441298624-0.0000975337614726279*I,0.0000549399667313488-7.326254688889064*^-20*I,-0.00001314514820386833+0.000022768064562122788*I,-6.1751866517490394*^-6-0.00001069573702705044*I,5.6996664346638*^-6-8.259345767534743*^-21*I,-1.2928760175269592*^-6+2.2393269502440103*^-6*I,-5.769319567135776*^-7-9.992754615380416*^-7*I,5.067526428314481*^-7-6.765904057557945*^-22*I,-1.0957408533725464*^-7+1.8978788299701358*^-7*I,-4.668332005621477*^-8-8.085788220336285*^-8*I,3.92062939048869*^-8-6.559458700631387*^-23*I,-8.116820267195621*^-9+1.4058745098687663*^-8*I,-3.315254932822811*^-9-5.74218998369243*^-9*I,2.6724739523204885*^-9-2.3743664439259567*^-24*I,-5.316686526008308*^-10+9.20877119096328*^-10*I,-2.0889913665080512*^-10-3.6182391833646755*^-10*I,1.6215841652928617*^-10-1.447833195656677*^-25*I,-3.1095082404212766*^-11+5.385826258963762*^-11*I,-1.178714920640389*^-11-2.041594130188666*^-11*I,8.835072051398214*^-12-8.852567930282567*^-27*I,-1.6372666075064038*^-12+2.835828949737029*^-12*I,-6.002541534712261*^-13-1.039670691266409*^-12*I,4.3547275782921687*^-13-1.9452621085534885*^-28*I,-7.816384189118799*^-14+1.3538374547031834*^-13*I,-2.7775036919786765*^-14-4.8107775127172*^-14*I,1.954330522659093*^-14-8.692375452176432*^-30*I,-3.4043410966247646*^-15+5.896491745648845*^-15*I,-1.1747172145069702*^-15-2.034669900051857*^-15*I,8.031174489821961*^-16-4.935907266129629*^-31*I,-1.3600579674709543*^-16+2.3556895008985643*^-16*I,-4.564914261296829*^-17-7.906663432761816*^-17*I,3.0372193595077056*^-17-6.766918007904096*^-32*I,-5.00802991515785*^-18+8.674162258878294*^-18*I,-1.6374245485303235*^-18-2.8361025116150352*^-18*I,1.0617527637898974*^-18-2.552437971724222*^-33*I,-1.7069669949279255*^-19+2.9565535620583495*^-19*I,-5.44397661392557*^-20-9.429244090535811*^-20*I,3.4447252690350065*^-20-9.187094989557808*^-35*I,-5.406373917608943*^-21+9.364114310013942*^-21*I,-1.6838943142257842*^-21-2.9165905068153916*^-21*I,1.0409581348464907*^-21-2.9116200754665906*^-36*I,-1.5966957956776576*^-22+2.765558242345336*^-22*I,-4.8620655615507634*^-23-8.421344582336771*^-23*I,2.939523302411201*^-23-8.519284286071312*^-38*I,-4.4110992223593576*^-24+7.640247970354021*^-24*I,-1.3145150007415044*^-24-2.2768067685957122*^-24*I,7.779949241173654*^-25-2.0467940937201313*^-39*I,-1.1432282583684335*^-25+1.9801294281426189*^-25*I,-3.3370704109798635*^-26-5.77997550025184*^-26*I,1.9351478909904407*^-26-5.167422470446519*^-41*I,-2.7869449267069088*^-27+4.827130210952717*^-27*I,-7.9750982117967235*^-28-1.3813275298183535*^-27*I,4.53496692677977*^-28-1.2192225636789731*^-42*I,-6.406025921764486*^-29+1.1095562371099425*^-28*I,-1.7984768155366876*^-29-3.115053220744199*^-29*I,1.0035911055036598*^-29-3.358141641667237*^-44*I,-1.3915151915064466*^-30+2.41017501119312*^-30*I
-0.28415868910927095-9.473153390569301*^-17*I,-0.1495295592345873+0.25899279382768503*I,-0.031152193309851296-0.053957181579869715*I,-0.2534849374243404-2.815116911328682*^-17*I,0.035738794825226815-0.061901408438572496*I,-0.10480903627228783-0.18153457591593194*I,0.14500843160816368+8.05206992283779*^-18*I,0.06061685098132149-0.10499146569448016*I,0.10480762373605901+0.18153212933141605*I,-0.0340159559764965+0.*I,-0.08587793059801224+0.1487449390446311*I,-0.09173322753193748-0.15888661082759187*I,0.011039396876331724-6.129988068168018*^-19*I,0.08245444424518894-0.1428152867425225*I,0.09582761372110397+0.1659782957330365*I,-0.06356596673076786+7.05941858900994*^-18*I,-0.05384314838088547+0.09325906863516356*I,-0.10001763415904334-0.17323562401629944*I,0.1638463499898307-5.4622352418781934*^-17*I,-0.017138399420358028+0.029684578556469127*I,0.05498322163036487+0.09523373342761196*I,-0.19867686945179208+4.4128745539408536*^-17*I,0.10051243818668085-0.1740926497319575*I,0.06378732172612589+0.1104828821083921*I,-0.013516857019079592+1.50299034350856*^-18*I,-0.051045791710611056+0.08841390475535668*I,-0.09542229950741193-0.16527627092189187*I,0.24016591037165036-1.6013084204942119*^-16*I,-0.1255990199913883+0.21754388400594407*I,-0.11664849779570419-0.20204112480874553*I,0.19844686943293996-1.324780934149552*^-16*I,-0.0786833552224861+0.13628356895533614*I,-0.05883631102420038-0.10190748002383972*I,0.0836372359042734-3.7153860044434814*^-17*I,-0.028419903189764534+0.049224716270861016*I,-0.018551831275162925-0.03213271434202746*I,0.023349311288851607-1.169777468182393*^-17*I,-0.007103775587113202+0.012304100242447505*I,-0.004189903685100425-0.007257126061414002*I,0.0048010661406900764-1.0676973260599681*^-18*I,-0.0013384194471263574+0.0023182104842610993*I,-0.0007273580664863399-0.0012598211264493989*I,0.0007716386445678654-8.596045957588249*^-19*I,-0.000200004481113071+0.0003464179230292899*I,-0.00010143765648092065-0.0001756951748256725*I,0.0001007693069120827-1.3437605648193706*^-19*I,-0.000024531946122440873+0.000042490577092610035*I,-0.000011718185285611254-0.00002029649228718464*I,0.000010991143634456903-1.5927187441272217*^-20*I,-2.5321680849074293*^-6+4.385843776364064*^-6*I,-1.1470407842893976*^-6-1.9867329167428834*^-6*I,1.0222585852382362*^-6-1.3648677727838386*^-21*I,-2.241758244517985*^-7+3.882839177791577*^-7*I,-9.6822648998371*^-8-1.677017473885858*^-7*I,8.240141397186639*^-8-1.378627301864703*^-22*I,-1.728096356309018*^-8+2.9931506895018814*^-8*I,-7.1474454794805276*^-9-1.2379738714788719*^-8*I,5.832523142291892*^-9-5.1819203777289806*^-24*I,-1.1742430473657706*^-9+2.0338486184720266*^-9*I,-4.667663106638002*^-10-8.084629653311789*^-10*I,3.6646014006211764*^-10-3.27194336885441*^-25*I,-7.105388606428526*^-11+1.2306894073855256*^-10*I,-2.7227252540500866*^-11-4.715898475065617*^-11*I,2.0625250878597318*^-11-2.0666094562636575*^-26*I,-3.861914261646519*^-12+6.689031715646633*^-12*I,-1.4302662840157351*^-12-2.4772938722679885*^-12*I,1.0479722855323806*^-12-4.681304952398022*^-28*I,-1.89939037666714*^-13+3.289840635794877*^-13*I,-6.813944451314417*^-14-1.1802097989628596*^-13*I,4.839461554018302*^-14-2.1524719757568984*^-29*I,-8.50765458882666*^-15+1.4735690001094294*^-14*I,-2.962194237378564*^-15-5.130670921027409*^-15*I,2.043107261072906*^-15-1.2556803476493165*^-30*I,-3.490057465379355*^-16+6.044956851372132*^-16*I,-1.1814204791931244*^-16-2.0462802950648501*^-16*I,7.926487319125419*^-17-1.7660196196005834*^-31*I,-1.3177788596732447*^-17+2.282459938094249*^-17*I,-4.343585023075036*^-18-7.523309946961153*^-18*I,2.8389925177581325*^-18-6.824896106605041*^-33*I,-4.600066499886333*^-19+7.967548895998708*^-19*I,-1.4784257246211429*^-19-2.5607084702606385*^-19*I,9.42605533757317*^-20-2.513932432915684*^-34*I,-1.4904695592364303*^-20+2.5815690037323034*^-20*I,-4.676539056062816*^-21-8.100003248680943*^-21*I,2.911979141801414*^-21-8.144973985778304*^-36*I,-4.498590056341914*^-22+7.791786540008385*^-22*I,-1.3795251619069851*^-22-2.389407670742564*^-22*I,8.398407360157136*^-23-2.43401437888665*^-37*I,-1.268924971995393*^-23+2.19784252248895*^-23*I,-3.806999459287617*^-24-6.5939164878733554*^-24*I,2.2682054134760476*^-24-5.967326135082141*^-39*I,-3.3549666593800853*^-25+5.810972711745973*^-25*I,-9.85672407291293*^-26-1.7072346890472321*^-25*I,5.752500899756015*^-26-1.536089440453515*^-40*I,-8.33701383195862*^-27+1.444013154035692*^-26*I,-2.400617656215264*^-27-4.1579917501117274*^-27*I,1.3735105754949086*^-27-3.692673203868787*^-42*I,-1.952020900813105*^-28+3.3809993776446924*^-28*I,-5.51323221881128*^-29-9.549198316906756*^-29*I,3.0947992850805*^-29-1.035558634870038*^-43*I
-0.11320343100351736-0.1960740940892101*I,-0.32813782622408033-1.0939309900438549*^-16*I,-0.04205076615796753+0.07283406348279763*I,-0.11804634923157092-0.20446227451710017*I,-0.10336731951190811-1.1479620532622067*^-17*I,0.1087790076368592-0.188410768023963*I,-0.02341612218637001-0.0405579133430337*I,0.21791717214312956+1.2100567449932849*^-17*I,-0.029289378258749763+0.05073069126625784*I,0.08587793059801224+0.1487449390446311*I,-0.1708645094611806+0.*I,-0.01697997829460032+0.02941018511766449*I,-0.09609082969542725-0.1664341991739282*I,0.14397999444519602-7.994962568074881*^-18*I,0.021209607378608598-0.03673611758833785*I,0.09204090319878439+0.1594195207148233*I,-0.16620565007014154+1.8458230340036943*^-17*I,0.009487379569138643-0.016432623444439052*I,-0.06891445982889097-0.1193633457998035*I,0.1985361548163088-6.618708208586488*^-17*I,-0.0680459017335872+0.11785895904941227*I,0.0005291622199989656+0.0009165358504841476*I,-0.13451642546924886+2.987786714569532*^-17*I,0.1016113421201343-0.1759960071773362*I,0.09343403448792324+0.16183249488922577*I,-0.10271472763123089+1.142123820263389*^-17*I,-0.0062799981879979525+0.010877275933052955*I,-0.06111729525192418-0.10585826059752065*I,0.20172936652081125-1.345032410182013*^-16*I,-0.12094632666491971+0.20948518277246372*I,-0.12298365673646988-0.2130139419681759*I,0.22401794457186322-1.4954869417905476*^-16*I,-0.093874524508153+0.16259544598449108*I,-0.0735619786306131-0.12741308449351765*I,0.10893164181888201-4.8390300453992567*^-17*I,-0.0383873750794087+0.0664888840067393*I,-0.025897702297272483-0.04485613617816913*I,0.0335932593052536-1.682989161091736*^-17*I,-0.010509451659803602+0.01820290423446892*I,-0.006361743122022542-0.011018862312044887*I,0.00746932861436615-1.6610856745822021*^-18*I,-0.002130561516203752+0.0036902407947158825*I,-0.0011832342619625788-0.0020494218589754438*I,0.001281391985838729-1.4274692535809396*^-18*I,-0.0003387112629673738+0.0005866651165553158*I,-0.00017503718410366304-0.000303173296081331*I,0.00017703383763143348-2.360749487493315*^-19*I,-0.000043847386418111785+0.00007594590105527539*I,-0.00002129459454340989-0.00003688331967576479*I,0.000020294862672081216-2.940913999702164*^-20*I,-4.748181392110458*^-6+8.224091414688461*^-6*I,-2.183134374641141*^-6-3.781299656628553*^-6*I,1.973878651365972*^-6-2.6354225804888577*^-21*I,-4.389468917919758*^-7+7.602783184081427*^-7*I,-1.9216834416396243*^-7-3.328453356983637*^-7*I,1.6571081316821466*^-7-2.7724457656260675*^-22*I,-3.519941029570299*^-8+6.096716702862086*^-8*I,-1.4740725626429388*^-8-2.5531685725408163*^-8*I,1.2175391195548146*^-8-1.0817258020898474*^-23*I,-2.4803247653796436*^-9+4.2960485129089085*^-9*I,-9.973485225147237*^-10-1.72745831384925*^-9*I,7.918636984820412*^-10-7.070163693234578*^-25*I,-1.5522910773453488*^-10+2.68864701409798*^-10*I,-6.012315282788057*^-11-1.0413635540911731*^-10*I,4.6024162559142013*^-11-4.611530309191913*^-26*I,-8.706406181667527*^-12+1.507993785797994*^-11*I,-3.2569283359111223*^-12-5.641165354408813*^-12*I,2.4099365662110305*^-12-1.0765215968128001*^-27*I,-4.4100948842052925*^-13+7.638508405643159*^-13*I,-1.5970818132445102*^-13-2.766226844383718*^-13*I,1.1448296475159782*^-13-5.091917160180156*^-29*I,-2.0309183716644744*^-14+3.517653805747926*^-14*I,-7.134466039515172*^-15-1.2357257665314968*^-14*I,4.964022766331388*^-15-3.050855895687453*^-30*I,-8.552671725158059*^-16+1.4813661968431594*^-15*I,-2.919677014205439*^-16-5.057028930294793*^-16*I,1.975190513480138*^-16-4.400720090522712*^-31*I,-3.310607559740731*^-17+5.734140497392592*^-17*I,-1.0999972021631854*^-17-1.9052510423302402*^-17*I,7.246507160539398*^-18-1.7420496248966987*^-32*I,-1.1832999340581724*^-18+2.049535606381669*^-18*I,-3.832157214467492*^-19-6.637490998049282*^-19*I,2.461701554360139*^-19-6.565367119156133*^-34*I,-3.9213922653407896*^-20+6.792050639977905*^-20*I,-1.2393820618619834*^-20-2.146672701134415*^-20*I,7.772943972807314*^-21-2.1741373604847535*^-35*I,-1.2093302394878879*^-21+2.0946214179224738*^-21*I,-3.734438024359325*^-22-6.468236395907449*^-22*I,2.28916398384371*^-22-6.634422234313705*^-37*I,-3.4822398187751916*^-23+6.03141629025811*^-23*I,-1.0517388370964872*^-23-1.8216651021445115*^-23*I,6.307693205658302*^-24-1.6594644512606586*^-38*I,-9.390771342807092*^-25+1.62652930880038*^-24*I,-2.7767281281412737*^-25-4.809434196746278*^-25*I,1.6308310527630012*^-25-4.354805680115906*^-40*I,-2.378368133947587*^-26+4.119454447100028*^-26*I,-6.890861205920412*^-27-1.193532171655942*^-26*I,3.9667151387608665*^-27-1.066448483296531*^-41*I,-5.671518573773658*^-28+9.82335832584663*^-28*I,-1.6114070875178343*^-28-2.7910389472574557*^-28*I
0.08599870114155583-0.14895411976210618*I,-0.15877245247288627-0.27500195452535403*I,-0.20380892805107098-6.794489529239268*^-17*I,0.06771748648248901-0.11729012714852954*I,-0.11044781509569516-0.19130122733071686*I,0.09558485288840483+1.0615326439793995*^-17*I,0.09812744704445664-0.1699617238980233*I,0.06409436191441226+0.11101469131446969*I,0.1413391141732702+7.848319008306924*^-18*I,-0.09173322753193748+0.15888661082759187*I,0.01697997829460032+0.02941018511766449*I,-0.1966633048828859+0.*I,0.05526354308825478-0.09571926443512914*I,-0.049772181390357995-0.0862079469716342*I,0.19465648871813915-1.080894152643398*^-17*I,-0.04515440701913985+0.07820972714279498*I,0.047873717854660366+0.08291971167148902*I,-0.19220593623406393+2.134573308568982*^-17*I,0.0644894275654515-0.11169896509439488*I,-0.015159091909922503-0.026256317384592085*I,0.16431949217490757-5.4780086412728504*^-17*I,-0.09442091984435012+0.163541830467803*I,-0.05034655999932398-0.08720279990514396*I,-0.04012564901181939+8.912434344934388*^-18*I,0.07910966887960039-0.13702196586941842*I,0.10184180012031972+0.17639517214266792*I,-0.16745649182169267+1.8620119293306127*^-17*I,0.036590892631351-0.06337728513179768*I,-0.020884304258387613-0.036172676056254356*I,0.14378391668015386-9.58680589411189*^-17*I,-0.10630771421632874+0.1841303622591939*I,-0.12136679913944681-0.21021346246152825*I,0.23945656398841197-1.5985512466650892*^-16*I,-0.10671167497547439+0.18483004281829832*I,-0.08795243009115702-0.15233807756703346*I,0.1359840102631131-6.040767405775237*^-17*I,-0.04977133506470454+0.08620648109260276*I,-0.03473684251424779-0.06016597612919573*I,0.04647010117980424-2.3281062397007694*^-17*I,-0.014955736268739524+0.025904095082057457*I,-0.009294207844215249-0.016098040202286005*I,0.01118329292193082-2.4870250897178156*^-18*I,-0.003264270350203692+0.005653882096193451*I,-0.0018526965456065593-0.0032089645479979026*I,0.0020481577201761883-2.2816454327379455*^-18*I,-0.0005521045199583784+0.0009562730796563395*I,-0.0002906974082453648-0.0005035026807095624*I,0.0002993189341037564-3.991423502627748*^-19*I,-0.0000754170654406426+0.00013062618910094026*I,-0.00003723510362794986-0.00006449309130870118*I,0.00003605456898732004-5.224641743149244*^-20*I,-8.565397483179056*^-6+0.00001483570362788876*I,-3.996873716421452*^-6-6.922788348278574*^-6*I,3.665813328584193*^-6-4.894407878276701*^-21*I,-8.265643040216212*^-7+1.4316513702882605*^-6*I,-3.667576521557135*^-7-6.352428875983665*^-7*I,3.20413245981902*^-7-5.360714428281015*^-22*I,-6.892827944358929*^-8+1.1938728207460256*^-7*I,-2.9223555404848163*^-8-5.061668273900089*^-8*I,2.4429108480144482*^-8-2.17041050596276*^-23*I,-5.035122099876549*^-9+8.721087299299099*^-9*I,-2.047852351124892*^-9-3.5469843185476866*^-9*I,1.6441159745424106*^-9-1.4679507461902377*^-24*I,-3.25815444623786*^-10+5.643289039790425*^-10*I,-1.2754061850777737*^-10-2.2090683128422934*^-10*I,9.86501815414092*^-11-9.884553610310685*^-26*I,-1.88520201517573*^-11+3.265265672815605*^-11*I,-7.122629614639164*^-12-1.2336756376049752*^-11*I,5.321833866922238*^-12-2.3772696645700385*^-27*I,-9.831989298076562*^-13+1.7029505003742086*^-12*I,-3.593984637610455*^-13-6.224963993963321*^-13*I,2.599960259916058*^-13-1.1563975733837954*^-28*I,-4.6539258958839*^-14+8.060836106331426*^-14*I,-1.6493656861299108*^-14-2.856785168637703*^-14*I,1.157571563960436*^-14-7.114359052786584*^-30*I,-2.0114407237833292*^-15+3.48391753000586*^-15*I,-6.924155573263426*^-16-1.1992989252403397*^-15*I,4.722860556520078*^-16-1.05225228624632*^-30*I,-7.980088755653015*^-17+1.3821919173700193*^-16*I,-2.6726207487366704*^-17-4.629114926174661*^-17*I,1.7744511273917256*^-17-4.265754317753528*^-32*I,-2.9198827893581057*^-18+5.057385343314201*^-18*I,-9.5278878276203*^-19-1.6502785806255326*^-18*I,6.166242867279663*^-19-1.6445392455419605*^-33*I,-9.894826834132712*^-20+1.7138342808813868*^-19*I,-3.149982244013436*^-20-5.455929289571061*^-20*I,1.9896523026091164*^-20-5.565172501706168*^-35*I,-3.1173134119201817*^-21+5.3993452125616774*^-21*I,-9.693066534067495*^-22-1.6788883718150355*^-21*I,5.982338291319687*^-22-1.733792705687935*^-36*I,-9.161568261455157*^-23+1.5868301705850904*^-22*I,-2.7854556556861073*^-23-4.824550717878389*^-23*I,1.681501709023475*^-23-4.423792058173319*^-38*I,-2.5195832479549212*^-24+4.364046199357364*^-24*I,-7.497643725960489*^-25-1.2986299870413506*^-24*I,4.431274773503543*^-25-1.1832826288850364*^-39*I,-6.502678229003613*^-26+1.1262969077906336*^-25*I,-1.8955981575042796*^-26-3.283272319531343*^-26*I,1.0978180089092683*^-26-2.95147574146863*^-41*I,-1.5790397448834368*^-27+2.734977065308732*^-27*I
0.12510074889246572+2.778652155078674*^-17*I,0.1403073883515432-0.24301952530217028*I,-0.13893786895761617-0.24064744812993813*I,-0.0033970661273915147-1.1324984853907507*^-18*I,0.1194299245434554-0.20685869725338188*I,-0.03653237064106689-0.06327592207126545*I,0.21033291296653647+2.335885304734735*^-17*I,0.02832762344819485-0.049064883069952936*I,0.10373368805940143+0.17967201817538433*I,-0.011039396876331724-6.129988068168018*^-19*I,-0.09609082969542725+0.1664341991739282*I,-0.05526354308825478-0.09571926443512914*I,-0.11627243228805531+0.*I,0.09372146355394172-0.16233033663514185*I,0.017030714574222068+0.029498062931756372*I,0.15194727458978907-8.43737199287614*^-18*I,-0.08696033210520787+0.1506197134492831*I,-0.012918499677480284-0.022375497798957998*I,-0.141591635443548+1.5724682164153832*^-17*I,0.09217324468711559-0.15964874289656228*I,0.040187841840011264+0.06960738391344178*I,0.08002185842802086-2.6677323922885808*^-17*I,-0.09122741654444236+0.1580105204982239*I,-0.08429416936075865-0.14600178411464962*I,0.05833316172801857-1.2956562369377907*^-17*I,0.04011126291754223-0.06947474532893663*I,0.0890080913609602+0.1541665365219155*I,-0.19795663067902478+2.201154483798218*^-17*I,0.07108352082541383-0.12312026965049729*I,0.019823992806046867+0.03433616274895304*I,0.0726984323854389-4.847174678345775*^-17*I,-0.08259070545152565+0.1430512980749985*I,-0.11110787424083936-0.19244448330610678*I,0.24186225236873615-1.6146110117239454*^-16*I,-0.1156511132738612+0.20031360414223134*I,-0.10075400255246399-0.1745110514867916*I,0.16312975747620773-7.246652896672231*^-17*I,-0.06213006516847792+0.10761242954936925*I,-0.044914861209307724-0.0777948216294254*I,0.06201932832231758-3.107107184694244*^-17*I,-0.02054525603997767+0.03558542731575269*I,-0.013112591948626911-0.022711675473940388*I,0.016173550482637484-3.5967962317482014*^-18*I,-0.004831622034101483+0.00836861484603306*I,-0.002802789329705499-0.00485457352196183*I,0.003163103950856493-3.523694299346358*^-18*I,-0.0008695238095477177+0.0015060594165274954*I,-0.0004664532903664788-0.0008079207982724173*I,0.0004889300326162973-6.519890995765608*^-19*I,-0.000125314606071772+0.00021705126464678908*I,-0.00006289385530985526-0.00010893535288055456*I,0.000061868469931463-8.965315622060975*^-20*I,-0.000014923206904802091+0.00002584775257097999*I,-7.066628632302274*^-6-0.000012239759829368467*I,6.573976306212889*^-6-8.777239466571422*^-21*I,-1.5028106060938434*^-6+2.6029443239079237*^-6*I,-6.757622482967969*^-7-1.1704545478870227*^-6*I,5.980557632717249*^-7-1.0005847758455145*^-21*I,-1.302822543138619*^-7+2.2565548379621923*^-7*I,-5.591487444139369*^-8-9.684740343132793*^-8*I,4.730064650586499*^-8-4.202438259202201*^-23*I,-9.862824728127687*^-9+1.7082913535263893*^-8*I,-4.0569139957442346*^-9-7.026781162566268*^-9*I,3.2931851415311557*^-9-2.9403239556739452*^-24*I,-6.596730277778728*^-10+1.1425872004940733*^-9*I,-2.60958478439544*^-10-4.5199334332315654*^-10*I,2.0393149172640112*^-10-2.04335332313008*^-25*I,-3.936500572982863*^-11+6.818218996430332*^-11*I,-1.5019856100350516*^-11-2.6015153888180408*^-11*I,1.13310676812161*^-11-5.061601722137825*^-27*I,-2.1132458086068027*^-12+3.660249109388961*^-12*I,-7.796551079997349*^-13-1.3504022594361396*^-12*I,5.691577839339966*^-13-2.531472078096386*^-28*I,-1.0278984490831007*^-13+1.7803723388331826*^-13*I,-3.674857956369097*^-14-6.36504069103*^-14*I,2.6013282804056818*^-14-1.5987593317907774*^-29*I,-4.558392644838572*^-15+7.89536766170872*^-15*I,-1.5822110725856168*^-15-2.7404699660163228*^-15*I,1.0880130048667158*^-15-2.4240905657403003*^-30*I,-1.8531411037298125*^-16+3.209734545254318*^-16*I,-6.25536164224042*^-17-1.0834604184077836*^-16*I,4.185409215159186*^-17-1.0061661972834538*^-31*I,-6.9397597423599*^-18+1.2020016466088518*^-17*I,-2.2815441945039228*^-18-3.951750464594581*^-18*I,1.4874962658991367*^-18-3.967158023971005*^-33*I,-2.4043507923586597*^-19+4.1644577315837125*^-19*I,-7.709123359731347*^-20-1.3352593340870691*^-19*I,4.90383285794772*^-20-1.3716303968400101*^-34*I,-7.736708232416887*^-21+1.340037174188254*^-20*I,-2.422206898457972*^-21-4.195385414573009*^-21*I,1.5050591445494034*^-21-4.361940832124088*^-36*I,-2.3203015881376785*^-22+4.0188802395372405*^-22*I,-7.101064972480181*^-23-1.2299405320183292*^-22*I,4.314583446023338*^-23-1.1351055952199242*^-37*I,-6.5064986435980006*^-24+1.1269586230089794*^-23*I,-1.948427528654864*^-24-3.374775474496067*^-24*I,1.1587604972879687*^-24-3.094236393729564*^-39*I,-1.7109150703695578*^-25+2.963391829315374*^-25*I,-5.017878969906876*^-26-8.691221322110036*^-26*I,2.9235421190428224*^-26-7.859921747949599*^-41*I
0.043710611535371445+0.07570900000916964*I,0.23079214971714548+5.1261971639996194*^-17*I,0.15212377871210989-0.26348611376873887*I,-0.06793053938423628-0.11765914559905599*I,0.16503247446570435+5.501777721242388*^-17*I,0.0995963549525532-0.17250594702648625*I,0.048672150344391124+0.08430263731011646*I,0.19393322010313957+2.15375593172564*^-17*I,-0.050267764835929575+0.08706632267875421*I,0.08245444424518894+0.1428152867425225*I,-0.14397999444519602-7.994962568074881*^-18*I,-0.049772181390357995+0.0862079469716342*I,-0.09372146355394172-0.16233033663514185*I,0.014713913427722373+0.*I,0.08535818420094964-0.1478447118778678*I,0.07138479760549053+0.12364209634073073*I,0.0470334662656707-2.6116878507311015*^-18*I,-0.09041541203352996+0.15660408742934842*I,-0.06467373869722642-0.11201820133902954*I,-0.04235340563779779+4.7036241945900844*^-18*I,0.08624331219421422-0.14937779853340355*I,0.0790377550696494+0.13689740749681728*I,-0.023401215885077993+7.801391127614763*^-18*I,-0.06243848964072881+0.10814663640560539*I,-0.09415142466845125-0.16307505113075116*I,0.13695356736820968-3.0419188412732745*^-17*I,-0.0054735454623309416+0.009480458838295278*I,0.05910761675801218+0.10237739533918667*I,-0.19117364769695994+2.125731936176119*^-17*I,0.09231550374664073-0.159895142815497*I,0.055515877351312984+0.09615632019923627*I,-0.0031674796209576906+2.111919956056381*^-18*I,-0.05193604903850358+0.08995587567907708*I,-0.0925157142880056-0.16024191764535137*I,0.22950777028366617-1.5321356249145625*^-16*I,-0.11935571639904807+0.2067301649769335*I,-0.110666723228568-0.19168038733904225*I,0.18837504454077156-8.368114949114905*^-17*I,-0.07483702456958137+0.12962152884179545*I,-0.056125065117322015-0.09721146436131332*I,0.08007477941995834-4.011667478169521*^-17*I,-0.02732330162537635+0.047325346645681145*I,-0.0179179279667494-0.031034761604769253*I,0.022662198556276922-5.039790765660874*^-18*I,-0.00693028415769252+0.012003604272013132*I,-0.0041094495754652-0.007117775455848062*I,0.004734793348440419-5.274554548219934*^-18*I,-0.001327366281964124+0.0022990658406156655*I,-0.0007254738953761127-0.0012565576463563317*I,0.0007740922118763678-1.0322533911648251*^-18*I,-0.00020181152397801208+0.00034954781308282277*I,-0.00010295529582205723-0.0001783238032720863*I,0.00010288007031889012-1.4908277231527558*^-19*I,-0.000025193825539163438+0.00004363698587085757*I,-0.000012105517496572346-0.000020967371355977237*I,0.000011421554793798433-1.524948019830742*^-20*I,-2.6468534503858416*^-6+4.584484656257281*^-6*I,-1.2060479065748477*^-6-2.088936250549711*^-6*I,1.081150379166318*^-6-1.808832346795592*^-21*I,-2.384752729731119*^-7+4.1305128913828864*^-7*I,-1.0359741894053099*^-7-1.7943599313799728*^-7*I,8.867699455537364*^-8-7.878530678948753*^-23*I,-1.8703999322090862*^-8+3.239627713059529*^-8*I,-7.78023331577088*^-9-1.3475759397655211*^-8*I,6.3849541079835726*^-9-5.700813259121541*^-24*I,-1.2927142383245221*^-9+2.239046740445779*^-9*I,-5.167380556276515*^-10-8.95016566551443*^-10*I,4.079499364924042*^-10-4.0875778985661323*^-25*I,-7.953523866270336*^-11+1.3775907435591906*^-10*I,-3.06442773149241*^-11-5.307744527067886*^-11*I,2.333998648574462*^-11-1.0426000365946053*^-26*I,-4.393813549106743*^-12+7.610308306037417*^-12*I,-1.6359697637999905*^-12-2.833582750548036*^-12*I,1.2050615407702765*^-12-5.35981362103541*^-28*I,-2.1956159501554977*^-13+3.802918379577941*^-13*I,-7.91781067673529*^-14-1.3714050376816821*^-13*I,5.652618153639623*^-14-3.474062112903312*^-29*I,-9.988270440683542*^-15+1.7300191883002366*^-14*I,-3.4954544846177054*^-15-6.054304762902319*^-15*I,2.4231086835047874*^-15-5.3986807815471955*^-30*I,-4.1599485286538917*^-16+7.205242208499973*^-16*I,-1.4151930794255958*^-16-2.451186316084975*^-16*I,9.541795370366997*^-17-2.293833522487211*^-31*I,-1.594088563889414*^-17+2.7610423844209866*^-17*I,-5.2798480579148095*^-18-9.144965092552262*^-18*I,3.467554554200907*^-18-9.247980777242578*^-33*I,-5.645365414712038*^-19+9.778059725573455*^-19*I,-1.8229697519082504*^-19-3.1574762309663005*^-19*I,1.167737500796653*^-19-3.2662292904758513*^-34*I,-1.855056367269194*^-20+3.213051879014416*^-20*I,-5.847375357952111*^-21-1.0127951210899243*^-20*I,3.6577238141261805*^-21-1.0600762711053668*^-35*I,-5.676352180016242*^-22+9.831730377442554*^-22*I,-1.7485457996739793*^-22-3.0285701643964663*^-22*I,1.0692596802746062*^-22-2.8130702789893565*^-37*I,-1.6227277083031062*^-23+2.810646837630807*^-23*I,-4.8899086698949374*^-24-8.469570260629525*^-24*I,2.9261292106985513*^-24-7.813638381433828*^-39*I,-4.346880045637074*^-25+7.529017093450779*^-25*I,-1.2825836751126422*^-25-2.2215000902534963*^-25*I
-0.029434150731194816+0.050981444544070026*I,0.08938835093011083+0.15482516541574876*I,0.29210753559246627+6.488092521223987*^-17*I,0.11616315748872419-0.20120049073809526*I,0.019254947892159143+0.03335054804631092*I,0.23275951765536362+7.75963114404811*^-17*I,0.03242593366990045-0.056163364599125895*I,0.09971244703526767+0.17270702441210428*I,0.07890043168074366+8.762411754816432*^-18*I,-0.09582761372110397+0.1659782957330365*I,0.021209607378608598+0.03673611758833785*I,-0.19465648871813915-1.080894152643398*^-17*I,0.017030714574222068-0.029498062931756372*I,-0.08535818420094964-0.1478447118778678*I,0.12967206988722307+0.*I,0.040284531151004055-0.06977485471263016*I,0.09214941734163547+0.1596074727235812*I,-0.06994074229357827+3.8836896665763634*^-18*I,-0.05897099592196232+0.10214076110977582*I,-0.08960273857889121-0.15519649571595145*I,0.06552822142949463-7.277339876280459*^-18*I,0.05240306989450858-0.09076477952987191*I,0.0912000339779669+0.1579630925018465*I,-0.11408478675889784+3.803306834941929*^-17*I,-0.01835084220084308+0.03178459105353932*I,-0.07970376820246708-0.1380509760813656*I,0.17926462540543714-3.981703084290556*^-17*I,-0.04740356908717126+0.08210539011908209*I,0.019223883662979262+0.03329674322307337*I,-0.15081778471142437+1.6769998656541164*^-17*I,0.09775239884474801-0.169312121360841*I,0.08154379951768796+0.1412380038068459*I,-0.07473488331921133+4.982955232010813*^-17*I,-0.017438496585688038+0.03020436209402812*I,-0.06690157110671706-0.11587692026301576*I,0.20213850915169712-1.349425383966944*^-16*I,-0.11687342652466443+0.20243071279538724*I,-0.11648477823273073-0.20175755420748245*I,0.20956103483830754-9.309252362262231*^-17*I,-0.08711255013904037+0.15088336281770937*I,-0.06790802368108356-0.1176201472572271*I,0.1002342217318578-5.0216356564961464*^-17*I,-0.035259649689297706+0.06107150471894384*I,-0.023771836497813052-0.04117402860343238*I,0.030842259678664337-6.858934499874207*^-18*I,-0.009657661565809543+0.016727560514287337*I,-0.005854836167109186-0.010140873711424912*I,0.006887666741877624-7.672853125038758*^-18*I,-0.0019692801907244114+0.00341089334467362*I,-0.0010966056241890083-0.0018993766569611395*I,0.0011911023243671684-1.5883371447078767*^-18*I,-0.0003158541881198772+0.0005470755016070471*I,-0.00016378136804649733-0.0002836776507896703*I,0.00016624246721797602-2.409007673941737*^-19*I,-0.000041327994888681156+0.00007158218692214285*I,-0.00002014832891407047-0.00003489792936677901*I,0.000019278397007037522-2.5739537105189324*^-20*I,-4.528626205659806*^-6+7.843810676690671*^-6*I,-2.0907748684236065*^-6-3.621328299297807*^-6*I,1.8982917151899018*^-6-3.175961017316871*^-21*I,-4.239295789608248*^-7+7.342675695914335*^-7*I,-1.8638991173023326*^-7-3.22836797135041*^-7*I,1.6142333164917197*^-7-1.4341697946269123*^-22*I,-3.443806751333158*^-8+5.964848264757762*^-8*I,-1.4485066500255407*^-8-2.5088871129456217*^-8*I,1.201685237670539*^-8-1.0729259788472162*^-23*I,-2.4588290216556364*^-9+4.258816792632447*^-9*I,-9.930763452008976*^-10-1.7200586856827592*^-9*I,7.919619040873838*^-10-7.935302070366215*^-25*I,-1.559358474893388*^-10+2.7008881057284715*^-10*I,-6.066426728352438*^-11-1.050735931390025*^-10*I,4.664378621534696*^-11-2.083583606388716*^-26*I,-8.862592020154326*^-12+1.5350459665661805*^-11*I,-3.3299696634745177*^-12-5.767676644800896*^-12*I,2.4748188092781144*^-12-1.1007377727020273*^-27*I,-4.54868849114906*^-13+7.878559574473996*^-13*I,-1.6544741244181285*^-13-2.865633243300226*^-13*I,1.191137065514377*^-13-7.320650428003679*^-29*I,-2.1222394408180946*^-14+3.675826537323522*^-14*I,-7.48750208531066*^-15-1.2968734033535916*^-14*I,5.232086722299442*^-15-1.1657077632279653*^-29*I,-9.053164689778336*^-16+1.568054121198469*^-15*I,-3.10371847992306*^-16-5.375798099617156*^-16*I,2.1086114615733015*^-16-5.069070828618659*^-31*I,-3.5491655645237064*^-17+6.14733508222897*^-17*I,-1.1842184842619998*^-17-2.0511265820039766*^-17*I,7.833957477551293*^-18-2.089319346810557*^-32*I,-1.2845467880041332*^-18+2.2249003015225802*^-18*I,-4.177257508635985*^-19-7.235222241256069*^-19*I,2.694426256366034*^-19-7.536465989630364*^-34*I,-4.309671781145345*^-20+7.464570488889645*^-20*I,-1.3676408979873522*^-20-2.368823521823203*^-20*I,8.612024854990963*^-21-2.495924694939425*^-35*I,-1.3452635234945458*^-21+2.3300647722616967*^-21*I,-4.170808471307201*^-22-7.224052180942707*^-22*I,2.566812999928549*^-22-6.75292026345566*^-37*I,-3.920018586756597*^-23+6.789671358876817*^-23*I,-1.1886097003965313*^-23-2.0587323914559997*^-23*I,7.156383828910493*^-24-1.9109680855309295*^-38*I,-1.0695617044140145*^-24+1.8525352138750504*^-24*I
-0.03829697934241839-4.258385662876612*^-18*I,-0.06575176927283659+0.11388540506809908*I,0.12765580008798882+0.2211063316332523*I,0.28177515777502893+6.258596821608407*^-17*I,0.047460022912331916-0.08220317101254186*I,0.08682810836219518+0.15039069520841827*I,0.18939965361942418+6.314119678978211*^-17*I,-0.042717151327867395+0.0739882764544746*I,0.09848415118831283+0.17057955359845264*I,-0.06356596673076786-7.05941858900994*^-18*I,-0.09204090319878439+0.1594195207148233*I,-0.04515440701913985-0.07820972714279498*I,-0.15194727458978907-8.43737199287614*^-18*I,0.07138479760549053-0.12364209634073073*I,-0.040284531151004055-0.06977485471263016*I,0.18208655506800167+0.*I,-0.01834244077245465+0.03177003935271438*I,0.07535044881343314+0.1305108057179842*I,-0.15334381965000224+8.514919748896399*^-18*I,-0.008078291316063085+0.01399201099776372*I,-0.08214952369597975-0.14228714885902027*I,0.1457160378863316-1.6182724175792926*^-17*I,0.004132768274252171-0.007158164626913508*I,0.07582190139491259+0.13132738554246604*I,-0.1681835181237149+5.606825784373184*^-17*I,0.028160729668008318-0.04877581456320269*I,-0.04662427247506976-0.08075560879275588*I,0.17883161779927914-3.9720854159019315*^-17*I,-0.07727176987325697+0.13383863141125127*I,-0.022327793067864404-0.03867287201442531*I,-0.08610222688963341+9.574031550902215*^-18*I,0.08747932355983751-0.15151863301739588*I,0.09479282263220902+0.16418598499185075*I,-0.13353909557196667+8.903731502679296*^-17*I,0.017268604328780083-0.029910100073250994*I,-0.0364428809616406-0.06312092139974597*I,0.16108679930919284-1.0753745880587376*^-16*I,-0.10777744492201674+0.1866760105148896*I,-0.11723706559349958-0.203060554138226*I,0.22456426722993572-9.975735407123597*^-17*I,-0.09807639645073254+0.16987330167593687*I,-0.07966708642195912-0.1379874413738137*I,0.12184735645445356-6.10443239094863*^-17*I,-0.04423408473140897+0.07661568218110709*I,-0.030681699216384976-0.05314226190532496*I,0.04085470978665952-9.085578727291315*^-18*I,-0.013103516909100988+0.02269595704440082*I,-0.00812337884427431-0.01407010488741322*I,0.009758788606099932-1.0871279703131269*^-17*I,-0.002845861088954676+0.0049291759973528046*I,-0.0016146808993517362-0.0027967093556882077*I,0.001785324073681138-2.380732942550118*^-18*I,-0.00048153995193990756+0.0008340516626341979*I,-0.00025378769647397685-0.00043957318462879523*I,0.00026165076100624033-3.7915624190674385*^-19*I,-0.00006602951940997746+0.00011436648241743667*I,-0.0000326594557245426-0.00005656783666245384*I,0.00003168828696123878-4.230859224140601*^-20*I,-7.54485793883595*^-6+0.000013068077285953302*I,-3.5290869174146837*^-6-6.112557845288838*^-6*I,3.2450056907544903*^-6-5.429097905416855*^-21*I,-7.336388453873857*^-7+1.2706997546171253*^-6*I,-3.264346344897663*^-7-5.654013722864487*^-7*I,2.8601177591838365*^-7-2.5410790728890944*^-22*I,-6.171165571877521*^-8+1.0688772312411738*^-7*I,-2.6244267769003345*^-8-4.545640518335601*^-8*I,2.2007562565599643*^-8-1.964947630838009*^-23*I,-4.550560443247255*^-9+7.881801890617413*^-9*I,-1.8568142100547032*^-9-3.216096552030607*^-9*I,1.4956798304697646*^-9-1.4986416889595922*^-24*I,-2.9739457986822685*^-10+5.151025222273705*^-10*I,-1.1681040673206838*^-10-2.0232155931272786*^-10*I,9.066023505894222*^-11-4.049803732656835*^-26*I,-1.7385017934539043*^-11+3.0111734353117793*^-11*I,-6.591230679108239*^-12-1.1416346420622174*^-11*I,4.942030049167194*^-12-2.1980918880011095*^-27*I,-9.162436061116302*^-13+1.5869804778954707*^-12*I,-3.361069772968009*^-13-5.821543614564576*^-13*I,2.440084362371719*^-13-1.4996598753349774*^-28*I,-4.383271768233316*^-14+7.592049405962414*^-14*I,-1.5589769222765144*^-14-2.7002272372102656*^-14*I,1.0980357256376487*^-14-2.446421165425406*^-29*I,-1.914798244140018*^-15+3.316527845094203*^-15*I,-6.615006604441981*^-16-1.1457527531297126*^-15*I,4.528101041842454*^-16-1.0885488065741228*^-30*I,-7.678306477948306*^-17+1.3299216935891779*^-16*I,-2.5807173170220864*^-17-4.4699335130550656*^-17*I,1.7195335170029357*^-17-4.586002227939602*^-32*I,-2.839573882291386*^-18+4.918286235974318*^-18*I,-9.298711147977089*^-19-1.6105840153203336*^-18*I,6.039235068557818*^-19-1.6892089583091533*^-33*I,-9.72525844917849*^-20+1.6844641750715762*^-19*I,-3.106911152741324*^-20-5.381327971150327*^-20*I,1.9693437178475812*^-20-5.707523725214277*^-35*I,-3.0963066316114094*^-21+5.362960401763447*^-21*I,-9.66137988736686*^-22-1.6734000836143377*^-21*I,5.983543966503728*^-22-1.5741853925395286*^-36*I,-9.19521253585881*^-23+1.592657529850182*^-22*I,-2.8053517504901775*^-23-4.8590117649512434*^-23*I,1.6993468728105564*^-23-4.537763370193844*^-38*I
-0.012061551579709928-0.020891220154170276*I,-0.09240776018422527-1.0275167594515453*^-17*I,-0.10365660234819613+0.179538501807039*I,0.14402106505132153+0.2494518020290714*I,0.20067730895609578+4.4573069461443247*^-17*I,-0.02816169397896058+0.048777484798766216*I,0.11282215525946585+0.1954137051288192*I,0.07146139437041693+2.3823475273515352*^-17*I,-0.09224033213945694+0.15976494177256775*I,0.05384314838088547+0.09325906863516356*I,-0.16620565007014154-1.8458230340036943*^-17*I,-0.047873717854660366+0.08291971167148902*I,-0.08696033210520787-0.1506197134492831*I,-0.0470334662656707-2.6116878507311015*^-18*I,0.09214941734163547-0.1596074727235812*I,0.01834244077245465+0.03177003935271438*I,0.15897890540230716+0.*I,-0.06636987996423718+0.11495600419030647*I,0.03162591257418692+0.054777687414223154*I,-0.17727951552585133+9.844027958030817*^-18*I,0.04271382864763646-0.07398252140349738*I,-0.048221148773767514-0.08352147967550297*I,0.17607362618877798-1.955413397574913*^-17*I,-0.04280487564865109+0.0741402194351315*I,0.03989344622938134+0.0690974757583055*I,-0.17475275179430205+5.825827914538676*^-17*I,0.0652664569391595-0.11304481944863067*I,-0.004244071775693079-0.00735094794646947*I,0.1392256802630266-3.092385456762459*^-17*I,-0.08996612276281063+0.155825895585167*I,-0.05769130166229358-0.09992426563387528*I,-0.009643525604146566+1.0723000058335153*^-18*I,0.06400485308065491-0.11085965746667584*I,0.09407797501534902+0.1629478325997797*I,-0.17291017087214366+1.1528801576301497*^-16*I,0.048495824773389345-0.08399723246246792*I,-0.003930379182785916-0.00680761643759624*I,0.109186085426141-7.288985946732499*^-17*I,-0.09224907249287509+0.1597800805087645*I,-0.11231027523293209-0.1945271029154825*I,0.23151147916494644-1.0284348834075964*^-16*I,-0.10681688149841119+0.18501226586131234*I,-0.09069986850828747-0.15709678049617012*I,0.1440259165258048-7.215556377744061*^-17*I,-0.054027660154795716+0.09357865240217084*I,-0.03858767053245516-0.06683580590794069*I,0.05276483249720363-1.1734241711398063*^-17*I,-0.017341414974972963+0.03003621181178896*I,-0.010996595327415608-0.019046661817358295*I,0.013492688653675445-1.503084022228787*^-17*I,-0.004013738607281328+0.006951999196112024*I,-0.0023204980280665238-0.0040192204834745985*I,0.0026118988414813747-3.482971918763128*^-18*I,-0.0007165561591927378+0.0012411116741982385*I,-0.0003838314230141921-0.0006648155262020406*I,0.0004019300718897723-5.824339855957799*^-19*I,-0.00010295786832962917+0.00017832825898590488*I,-0.000051663212790980105-0.00008948330943621956*I,0.000050827753540832495-6.786263649203257*^-20*I,-0.00001226533164402727+0.000021244177579137605*I,-5.812039840447891*^-6-0.000010066748299270218*I,5.411844231987532*^-6-9.054354594211627*^-21*I,-1.2385497340426257*^-6+2.1452310670627566*^-6*I,-5.576698506847667*^-7-9.659125152353616*^-7*I,4.942797369143321*^-7-4.391441197108437*^-22*I,-1.0785266682644171*^-7+1.8680629867519586*^-7*I,-4.637112514281676*^-8-8.031714475149308*^-8*I,3.9302158770154855*^-8-3.5090975446299204*^-23*I,-8.211621368419825*^-9+1.422294542262144*^-8*I,-3.3849031489530403*^-9-5.862824232686535*^-9*I,2.753783673972761*^-9-2.7592369249879483*^-24*I,-5.528944433359268*^-10+9.576412670803391*^-10*I,-2.1923904537850363*^-10-3.797331655984665*^-10*I,1.717488503928456*^-10-7.67204204741207*^-26*I,-3.3236106804664544*^-11+5.756662563146475*^-11*I,-1.271395125175744*^-11-2.2021209532997788*^-11*I,9.61662893859381*^-12-4.2772370563392026*^-27*I,-1.7982889088969854*^-12+3.1147277568971817*^-12*I,-6.652541781248243*^-13-1.1522540364596703*^-12*I,4.869785231545516*^-13-2.992938123725056*^-28*I,-8.819300755549971*^-14+1.5275476995843217*^-13*I,-3.161874076244253*^-14-5.476526547189927*^-14*I,2.244559456214108*^-14-5.000873498491256*^-29*I,-3.944484124137543*^-15+6.832046912655081*^-15*I,-1.3730768523598058*^-15-2.3782388709839205*^-15*I,9.469450746847051*^-16-2.2764419817801932*^-30*I,-1.617583846411754*^-16+2.801737407487865*^-16*I,-5.4762687646837236*^-17-9.485175736334606*^-17*I,3.6749364700541926*^-17-9.801069111220037*^-32*I,-6.111399777067814*^-18+1.0585254919246629*^-17*I,-2.0151785754959315*^-18-3.490391679083206*^-18*I,1.3177477972602758*^-18-3.6858167609888606*^-33*I,-2.136332050156341*^-19+3.7002356527085897*^-19*I,-6.870250941664531*^-20-1.1899623691710815*^-19*I,4.3833038811713935*^-20-1.2703628457480788*^-34*I,-6.93619981314332*^-21+1.2013850487814062*^-20*I,-2.1780946584745926*^-21-3.772570612172353*^-21*I,1.3574363425491758*^-21-3.571222128065674*^-36*I,-2.0989910940139824*^-22+3.6355592194668224*^-22*I,-6.443018714838823*^-23-1.11596357682179*^-22*I
0.007370676706389626-0.012766386541631248*I,-0.031160020495830974-0.05397073866366687*I,-0.158382336923273-1.761112976500272*^-17*I,-0.13155411421693672+0.2278584097684535*I,0.1311762862658776+0.22720399256069965*I,0.07441397079356626+1.6528321544361063*^-17*I,-0.08567487251888567+0.14839323213469643*I,0.09423135194214913+0.16321348922970663*I,-0.06371191933079948-2.1239990461672965*^-17*I,-0.10001763415904334+0.17323562401629944*I,-0.009487379569138643-0.016432623444439052*I,-0.19220593623406393-2.134573308568982*^-17*I,0.012918499677480284-0.022375497798957998*I,-0.09041541203352996-0.15660408742934842*I,0.06994074229357827+3.8836896665763634*^-18*I,0.07535044881343314-0.1305108057179842*I,0.06636987996423718+0.11495600419030647*I,0.07786315092819773+0.*I,-0.087620277797247+0.15176277291813103*I,-0.020732201643294267-0.03590922659894863*I,-0.14008276455947868+7.778556065382919*^-18*I,0.0769411607692029-0.13326599964558478*I,-0.0010577442047281877-0.0018320667040007568*I,0.1524866550124338-1.693464572842999*^-17*I,-0.07523820127135707+0.13031638727208375*I,-0.0050167979128109726-0.008689348876294096*I,-0.13634848349227638+4.545523850573321*^-17*I,0.08484569171925806-0.14695704886108102*I,0.03709286533039134+0.06424672735054787*I,0.07188732455886582-1.596712018726873*^-17*I,-0.08425850932421776+0.14594001911956123*I,-0.08085177402864747-0.1400393804996952*I,0.06499446454964367-7.226979797280983*^-18*I,0.03168549316176597-0.054880884019054964*I,0.08021463079494694+0.13893581604722702*I,-0.18883141480826313+1.2590351982859945*^-16*I,0.072973600962967-0.1263939844791162*I,0.027562750422619842+0.04774008412831804*I,0.05049831110950797-3.371139084017425*^-17*I,-0.07109209792611683+0.12313512562469658*I,-0.10153908477755079-0.1758708537887612*I,0.22898486777317212-1.0172110110471922*^-16*I,-0.1124702395372413+0.19480416921794405*I,-0.10024390211941385-0.17362753161978606*I,0.16567742370447172-8.300275534402303*^-17*I,-0.06432135220827544+0.11140785003626573*I,-0.0473530510360737-0.08201789028788167*I,0.06653994046613212-1.4797654193880197*^-17*I,-0.022419511544200375+0.03883173307543205*I,-0.014546848716143132-0.025195881066377934*I,0.018234270301056274-2.031295692801202*^-17*I,-0.005533969297581808+0.009585115990937969*I,-0.0032603825119313155-0.0056471481627740645*I,0.0037360346191389134-4.9820090500164665*^-18*I,-0.0010425383686470504+0.001805729423336669*I,-0.0005675871955918751-0.0009830898604906583*I,0.0006036584339013358-8.747571087243357*^-19*I,-0.00015695574480917472+0.00027185532454930653*I,-0.00007989679823891225-0.00013838531391187516*I,0.00007969923017331729-1.0641036656482693*^-19*I,-0.00001949087453369787+0.00003375918497631517*I,-9.355978431374462*^-6-0.000016205029997659072*I,8.821420075679473*^-6-1.4758788680132718*^-20*I,-2.043505337291305*^-6+3.5394550697267303*^-6*I,-9.310140894054929*^-7-1.6125637054127803*^-6*I,8.346919750202271*^-7-7.415842593270075*^-22*I,-1.8417265631969317*^-7+3.189963981106306*^-7*I,-8.004924562828366*^-8-1.3864936053574788*^-7*I,6.856826107743795*^-8-6.12212469023703*^-23*I,-1.4475085404945754*^-8+2.5071583365264817*^-8*I,-6.027237905560165*^-9-1.0439482281735207*^-8*I,4.952011617240149*^-9-4.961817965732286*^-24*I,-1.0038728951919443*^-9+1.7387588588137181*^-9*I,-4.018358115625095*^-10-6.96000041926939*^-10*I,3.177112944387818*^-10-1.4192202185322963*^-25*I,-6.204043693313866*^-11+1.0745718889196894*^-10*I,-2.3943774332695662*^-11-4.147183366919244*^-11*I,1.8268680816773407*^-11-8.125454258336215*^-27*I,-3.4454355233421626*^-12+5.9676693806312956*^-12*I,-1.2852974393309014*^-12-2.226200467759295*^-12*I,9.486172561723473*^-13-5.830139556114712*^-28*I,-1.7318766377661432*^-13+2.9996983290525357*^-13*I,-6.258464637509549*^-14-1.0839978729539619*^-13*I,4.4775032707287504*^-14-9.975867372995718*^-29*I,-7.929026375345182*^-15+1.373347653665162*^-14*I,-2.7809595087444326*^-15-4.816763162937115*^-15*I,1.9321552189648554*^-15-4.6448726260409586*^-30*I,-3.324684749843978*^-16+5.758522905879225*^-16*I,-1.1336673230384787*^-16-1.9635694023832327*^-16*I,7.661614463922286*^-17-2.0433554015511463*^-31*I,-1.2830236324830705*^-17+2.2222621187722704*^-17*I,-4.259772274804658*^-18-7.378142008634875*^-18*I,2.804405411710659*^-18-7.844084044444345*^-33*I,-4.576895492120201*^-19+7.927415533285199*^-19*I,-1.481589634094772*^-19-2.566188522219511*^-19*I,9.514162142255905*^-20-2.7573808299859132*^-34*I,-1.5151858063864177*^-20+2.6243787995685124*^-20*I,-4.788055338244298*^-21-8.29315511529046*^-21*I,3.0026438632314313*^-21-7.899529334049947*^-36*I,-4.671557677647734*^-22+8.091375248174399*^-22*I
0.008754467816485409+5.837049483746568*^-18*I,0.020242329368513397-0.035060742929808784*I,-0.05741604157863149-0.09944750118367704*I,-0.22091176360885262-2.456401269931907*^-17*I,-0.13991704562594784+0.24234343186907434*I,0.09123213683385996+0.15801869627932155*I,-0.058796782574424354-1.3059538656523253*^-17*I,-0.10938897245650693+0.18946725808242237*I,0.04390255873524012+0.07604146231171277*I,-0.1638463499898307-5.4622352418781934*^-17*I,-0.06891445982889097+0.1193633457998035*I,-0.0644894275654515-0.11169896509439488*I,-0.141591635443548-1.5724682164153832*^-17*I,0.06467373869722642-0.11201820133902954*I,-0.05897099592196232-0.10214076110977582*I,0.15334381965000224+8.514919748896399*^-18*I,0.03162591257418692-0.054777687414223154*I,0.087620277797247+0.15176277291813103*I,-0.026207198729457447+0.*I,-0.07770901680868086+0.13459596531885917*I,-0.06344923134934545-0.1098972923982583*I,-0.05992037306718087+3.3272757203747592*^-18*I,0.08568981774025065-0.1484191180174311*I,0.04408306801366795+0.07635411355318729*I,0.0867127945974977-9.630026027595686*^-18*I,-0.08568973786558268+0.1484189796704479*I,-0.04651617137072151-0.08056837218767043*I,-0.06621725071835985+2.2075206467312715*^-17*I,0.08379277879302645-0.14513335017690188*I,0.06842771983080763+0.11852028739304712*I,-0.007271296588552304+1.6150505984072404*^-18*I,-0.06255980678759436+0.10835676386780581*I,-0.08850318936587485-0.1532920206135848*I,0.1256371357803478-1.3970067272102777*^-17*I,-0.004089628027629111+0.007083443527911326*I,0.05578317259758441+0.09661928914640001*I,-0.1803740823796053+1.2026458563849252*^-16*I,0.08825504674724786-0.15286222499059993*I,0.05504249861924016+0.0953364041840636*I,-0.010107622542169868+6.747592275811539*^-18*I,-0.045676686552558035+0.07911434183042877*I,-0.08525214076514905-0.1476610392592517*I,0.21619445165179255-9.603926184561551*^-17*I,-0.1143023649685792+0.19797750355086036*I,-0.10753298642128256-0.1862525959712754*I,0.18556178816785213-9.296462583803413*^-17*I,-0.07470316799818662+0.1293896824592127*I,-0.05675939427237805-0.09831015468659265*I,0.08203065548883826-1.824259632211404*^-17*I,-0.02835134979061465+0.049105978300501854*I,-0.018830342274883498-0.03261510954401026*I,0.02411991858332761-2.6869562598395223*^-17*I,-0.00746969130085607+0.012937884849938009*I,-0.00448525340252913-0.007768686778001613*I,0.005232734390810487-6.977860953911286*^-18*I,-0.0014852986545366897+0.0025726127340712484*I,-0.0008218819792525378-0.0014235413458906607*I,0.0008877950081637278-1.2864973814117734*^-18*I,-0.0002342957630020868+0.00040581216551773203*I,-0.00012098468450957877-0.00020955162050828108*I,0.00012236007569808245-1.6336896202909685*^-19*I,-0.000030324376521338098+0.00005252336084280653*I,-0.00001474456666287287-0.000025538338595681998*I,0.000014076207146189969-2.3550376799439512*^-20*I,-3.30036799987959*^-6+5.7164050594659484*^-6*I,-1.5213491399320331*^-6-2.6350540064134844*^-6*I,1.3795637098331025*^-6-1.2256769713476738*^-21*I,-3.0778648303846036*^-7+5.33101826505551*^-7*I,-1.35227403091605*^-7-2.3422073273025609*^-7*I,1.1705643636610285*^-7-1.045139672448078*^-22*I,-2.496584931353888*^-8+4.324211946515801*^-8*I,-1.050004249855045*^-8-1.8186607089121796*^-8*I,8.711680481856051*^-9-8.728932011408166*^-24*I,-1.7830016048837805*^-9+3.088249369635563*^-9*I,-7.204174510385452*^-10-1.247799627858023*^-9*I,5.748373849390021*^-10-2.567805593801013*^-25*I,-1.1326145721469725*^-10+1.9617459843514442*^-10*I,-4.409778092484207*^-11-7.637959706286808*^-11*I,3.3937000649862106*^-11-1.509433271133609*^-26*I,-6.454774139195375*^-12+1.1179996760468063*^-11*I,-2.427966602375165*^-12-4.205361514394162*^-12*I,1.8066186918269532*^-12-1.1103360211405326*^-27*I,-3.324801458716249*^-13+5.758725051575689*^-13*I,-1.2109582199881367*^-13-2.0974411628626115*^-13*I,8.730748199211178*^-14-1.9452087656024468*^-28*I,-1.5578777025855627*^-14+2.6983233328568848*^-14*I,-5.504931167691723*^-15-9.534820474611477*^-15*I,3.852925944444868*^-15-9.26237709778973*^-30*I,-6.677902002691111*^-16+1.156646555662703*^-15*I,-2.293334088362779*^-16-3.9721711597739644*^-16*I,1.5607988741883165*^-16-4.162656350467068*^-31*I,-2.6318468371921673*^-17+4.558492439756317*^-17*I,-8.797665691668187*^-18-1.523800396597479*^-17*I,5.830880982582184*^-18-1.6309311160766595*^-32*I,-9.57933120593175*^-19+1.6591888351203942*^-18*I,-3.1212078636222463*^-19-5.406090600777206*^-19*I,2.0172365340189798*^-19-5.846325998320946*^-34*I,-3.233000469975364*^-20+5.599721074891426*^-20*I,-1.0280537003143502*^-20-1.780641241853632*^-20*I,6.4869631725970394*^-21-1.706627832169331*^-35*I
0.002530181052708502+0.00438240213563924*I,0.025409838903980003+1.694203350399708*^-17*I,0.03975578536399413-0.0688590401452409*I,-0.08666185024231252-0.15010272769761068*I,-0.2631143142523974-2.925667357448736*^-17*I,-0.12451101993007087+0.21565941262110377*I,0.034274825501185574+0.059365739188610864*I,-0.16214893561344104-3.601541104868127*^-17*I,-0.09635801991867574+0.16689698621588014*I,-0.017138399420358028-0.029684578556469127*I,-0.1985361548163088-6.618708208586488*^-17*I,-0.015159091909922503+0.026256317384592085*I,-0.09217324468711559-0.15964874289656228*I,-0.04235340563779779-4.7036241945900844*^-18*I,0.08960273857889121-0.15519649571595145*I,-0.008078291316063085-0.01399201099776372*I,0.17727951552585133+9.844027958030817*^-18*I,-0.020732201643294267+0.03590922659894863*I,0.07770901680868086+0.13459596531885917*I,-0.11604378780626373+0.*I,-0.04305208606841728+0.07456840044232696*I,-0.08402307155561257-0.1455322289423163*I,0.03458527748211666-1.9204612414487535*^-18*I,0.06879787546472074-0.11916141575769264*I,0.07460647412578335+0.12922220375942955*I,0.0004035844520137442-4.482070720088929*^-20*I,-0.07335161967725302+0.12704873209847126*I,-0.07458879998323695-0.1291915912465589*I,0.016485113132901012-5.495732186067601*^-18*I,0.06396767101272348-0.11079525623588805*I,0.08388213278588325+0.14528811583238874*I,-0.08161099949816383+1.8126876269032058*^-17*I,-0.030030654948957125+0.05201462015616352*I,-0.08032659932919066-0.1391297512373863*I,0.16333844643360845-1.816221828542508*^-17*I,-0.03779507009257096+0.06546298167595993*I,0.024654233567852644+0.04270238516119084*I,-0.1496802088042387+9.979941714819329*^-17*I,0.09299516123398377-0.1610723441153198*I,0.07593816735573432+0.13152876409379996*I,-0.06747084861726163+4.5041826114190204*^-17*I,-0.017819561163509353+0.030864385303779437*I,-0.06426785864930065-0.11131519647424341*I,0.19309767862382868-8.57790677672122*^-17*I,-0.1117846161683503+0.1936166347081683*I,-0.11185945315112038-0.1937462561646108*I,0.2023675354922529-1.0138413950713191*^-16*I,-0.08468402808435481+0.14667703923169234*I,-0.06650741525091551-0.1151942222946668*I,0.09895788917826291-2.2007002314070063*^-17*I,-0.035107423070949086+0.06080784048169965*I,-0.0238797632838526-0.04136096328035041*I,0.03126711490395836-3.483153138683686*^-17*I,-0.009883047641973225+0.017117940649521463*I,-0.00604914062413699-0.010477418903134146*I,0.007185835510828551-9.582324896959534*^-18*I,-0.0020748720573978653+0.0035937838226180814*I,-0.001166954405892446-0.0020212243211220637*I,0.0012802751894409549-1.855237598270542*^-18*I,-0.0003429372843927992+0.0005939848003780274*I,-0.00017963140969123802-0.0003111307282204437*I,0.00018418715218700122-2.459173361916876*^-19*I,-0.000046255768879466473+0.0000801173418423995*I,-0.00002278058883988885-0.00003945713729702388*I,0.000022018990837391462-3.6839151738707776*^-20*I,-5.225001212764923*^-6+9.049967570117885*^-6*I,-2.436747545726045*^-6-4.220570554416259*^-6*I,2.234791095110136*^-6-1.9855059694058775*^-21*I,-5.041079734135077*^-7+8.731406224527781*^-7*I,-2.2386765347809757*^-7-3.877501499952877*^-7*I,1.9581948806785442*^-7-1.7483764410707162*^-22*I,-4.219190690865947*^-8+7.307852643401468*^-8*I,-1.792216696311167*^-8-3.1042103761841746*^-8*I,1.501475279796317*^-8-1.5044486148738745*^-23*I,-3.102344989477059*^-9+5.373419144381012*^-9*I,-1.2651871493941214*^-9-2.191368423833851*^-9*I,1.0187372878726907*^-9-4.550711862087312*^-25*I,-2.025184001955044*^-10+3.507721586061808*^-10*I,-7.954015860928617*^-11-1.3776759595337055*^-10*I,6.173852311431947*^-11-2.745975752567981*^-26*I,-1.1841474798499277*^-11+2.05100359875472*^-11*I,-4.490981996171303*^-12-7.778608993245782*^-12*I,3.3687877811772723*^-12-2.0704349168648467*^-27*I,-6.249117869972659*^-13+1.08237896532793*^-12*I,-2.2938644294925475*^-13-3.9730897375560685*^-13*I,1.6665474057223895*^-13-3.7130639298429243*^-28*I,-2.996204001401731*^-14+5.189577560268997*^-14*I,-1.0666156106022088*^-14-1.8474324297091167*^-14*I,7.519913649143217*^-15-1.8077761411844644*^-29*I,-1.312738766857541*^-15+2.2737302412625888*^-15*I,-4.5401824354225215*^-16-7.863826653783565*^-16*I,3.111529140047423*^-16-8.298459685407875*^-31*I,-5.282788976031647*^-17+9.150058912151632*^-17*I,-1.777878371644994*^-17-3.079375669366933*^-17*I,1.1862010455404444*^-17-3.317872892404402*^-32*I,-1.9615877886883845*^-18+3.3975697135149868*^-18*I,-6.432856016214459*^-19-1.114203345785849*^-18*I,4.1841560219712014*^-19-1.2126460987470508*^-33*I,-6.748219145220771*^-20+1.1688258420131472*^-19*I,-2.1592111279622134*^-20-3.7398633778986356*^-20*I
-0.0014254935159456947+0.002469027195477935*I,0.007723664632501687+0.013377779564115747*I,0.05283178591543789+3.5225641942781126*^-17*I,0.06422227662308116-0.11123624608891941*I,-0.11287511457944449-0.19550543336175666*I,-0.27185514203451283-3.0228599202778537*^-17*I,-0.08750778887089673+0.15156793638240348*I,-0.02539975883729352-0.043993672806189*I,-0.2111274092604269-4.689417417012711*^-17*I,-0.05498322163036487+0.09523373342761196*I,-0.0680459017335872-0.11785895904941227*I,-0.16431949217490757-5.4780086412728504*^-17*I,0.040187841840011264-0.06960738391344178*I,-0.08624331219421422-0.14937779853340355*I,0.06552822142949463+7.277339876280459*^-18*I,0.08214952369597975-0.14228714885902027*I,0.04271382864763646+0.07398252140349738*I,0.14008276455947868+7.778556065382919*^-18*I,-0.06344923134934545+0.1098972923982583*I,0.04305208606841728+0.07456840044232696*I,-0.1645545214336217+0.*I,0.0032229895558414236-0.005582381662981194*I,-0.07838153991982853-0.13576080951663116*I,0.11460945383333769-6.364066736325771*^-18*I,0.03333131836798536-0.057731536896604416*I,0.08352626275699561+0.14467173086146443*I,-0.08219183980340371+9.127944269779001*^-18*I,-0.043203859733910256+0.07483128014221176*I,-0.08361083612620566-0.14481821623390348*I,0.09192894621997236-3.064685480162505*^-17*I,0.03108523113895159-0.05384119969768636*I,0.08144276373009895+0.14106300468935903*I,-0.13706894922038843+3.044481623950851*^-17*I,0.00668059832820972-0.011571135729418943*I,-0.058720970118330044-0.10170770371468145*I,0.17348928278660888-1.929092808797459*^-17*I,-0.06459750055004361+0.11188615299463417*I,-0.008631221483217245-0.01494971414031225*I,-0.10153375290342576+6.769772331012153*^-17*I,0.08707742676003194-0.15082252734073331*I,0.08838638797475225+0.1530897146697655*I,-0.11668248752198677+7.789426724643143*^-17*I,0.010385247706157725-0.01798777667625335*I,-0.03983996317447578-0.06900484038986497*I,0.16045216374725677-7.127707140531793*^-17*I,-0.10465577207313517+0.1812691145360183*I,-0.11263674481746042-0.19509256482301163*I,0.21480229680803795-1.0761383229313562*^-16*I,-0.09372193014579697+0.16233114479594163*I,-0.07622433879521252-0.1320244275666515*I,0.11690740789012201-2.5998751765361884*^-17*I,-0.04260829922942382+0.07379973908945994*I,-0.02969707985478136-0.051436851144911366*I,0.039763039267514746-4.4295981721905754*^-17*I,-0.012831443640975179+0.022224712320625655*I,-0.008007129908623758-0.013868755824540653*I,0.009686254027274091-1.2916637596832632*^-17*I,-0.0028453299093370477+0.0049282559672671295*I,-0.0016266008778331486-0.002817355364043141*I,0.001812525961479654-2.6265183761366653*^-18*I,-0.0004927812088401977+0.0008535220907264346*I,-0.0002618276312511528-0.00045349876015240406*I,0.00027217432882631603-3.633933481786672*^-19*I,-0.00006926135642296274+0.00011996418832570886*I,-0.000034548452092980214-0.00005983967434790082*I,0.00003380781220421158-5.656258876450093*^-20*I,-8.118832597741497*^-6+0.00001406223055743474*I,-3.830444285166177*^-6-6.634524117469641*^-6*I,3.5527264860563726*^-6-3.1564291003153734*^-21*I,-8.102128951122227*^-7+1.4033298992818465*^-6*I,-3.6365608575519314*^-7-6.298708170096179*^-7*I,3.214106947333573*^-7-2.869718903489578*^-22*I,-6.995624022563817*^-8+1.2116776237729923*^-7*I,-3.0010627165479904*^-8-5.197993101761783*^-8*I,2.5385757054085997*^-8-2.543602785303615*^-23*I,-5.294864044224355*^-9+9.170973543766228*^-9*I,-2.1793276082192217*^-9-3.7747061437732496*^-9*I,1.7707108464571919*^-9-7.9097868991582435*^-25*I,-3.551291994339613*^-10+6.151018166708822*^-10*I,-1.406913246371699*^-10-2.4368452245574497*^-10*I,1.1013417060602036*^-10-4.898493626958389*^-26*I,-2.1300307704194843*^-11+3.689321516051629*^-11*I,-8.144564927946136*^-12-1.4106800260746242*^-11*I,6.1585970435825276*^-12-3.785033426319858*^-27*I,-1.1514526918754525*^-12+1.9943745648402453*^-12*I,-4.259459717060459*^-13-7.377600642741632*^-13*I,3.118216471472488*^-13-6.947379394016014*^-28*I,-5.6481520883574663*^-14+9.782886385911439*^-14*I,-2.0255173712281455*^-14-3.508298998580479*^-14*I,1.438409206290161*^-14-3.45791449970666*^-29*I,-2.5289474556863266*^-15+4.380265482920784*^-15*I,-8.808028808397836*^-16-1.525595341067532*^-15*I,6.078226251630288*^-16-1.621065181705899*^-30*I,-1.0390082173007157*^-16+1.799615021846415*^-16*I,-3.5201980867532393*^-17-6.097161938963326*^-17*I,2.364235156483742*^-17-6.612902396653157*^-32*I,-3.9351990804246345*^-18+6.815964745193835*^-18*I,-1.2988227740609826*^-18-2.2496270347011595*^-18*I,8.501640442273969*^-19-2.4639332427228115*^-33*I,-1.3797349186372314*^-19+2.3897709800566115*^-19*I
-0.001567524145832687-1.0464393357033773*^-18*I,-0.004557678456364862+0.00789413065098602*I,0.016907509551109656+0.02928466557197803*I,0.09058967261363032+6.040074769210191*^-17*I,0.09008967542231155-0.15603989506883256*I,-0.12981284904743617-0.22484245002542885*I,-0.24153941037878018-2.6857678590786625*^-17*I,-0.03655739944936227+0.06331927323888592*I,-0.07371790230743729-0.12768315222388044*I,-0.19867686945179208-4.4128745539408536*^-17*I,-0.0005291622199989656+0.0009165358504841476*I,-0.09442091984435012-0.163541830467803*I,-0.08002185842802086-2.6677323922885808*^-17*I,0.0790377550696494-0.13689740749681728*I,-0.05240306989450858-0.09076477952987191*I,0.1457160378863316+1.6182724175792926*^-17*I,0.048221148773767514-0.08352147967550297*I,0.0769411607692029+0.13326599964558478*I,0.05992037306718087+3.3272757203747592*^-18*I,-0.08402307155561257+0.1455322289423163*I,-0.0032229895558414236-0.005582381662981194*I,-0.1610104057333154+0.*I,0.046394420838824155-0.08035749408057573*I,-0.05052194831531691-0.08750658137949771*I,0.15917498116332776-8.838714163579348*^-18*I,-0.00955679749828633+0.01655285882467907*I,0.07034416665735911+0.1218396706666385*I,-0.14070531053982563+1.562624995548876*^-17*I,-0.003916772765894476+0.006784049432231312*I,-0.07298228244808776-0.1264090212524302*I,0.14405854922075856-4.802558522031834*^-17*I,-0.007010587786991572+0.01214269423799127*I,0.06285363863206475+0.10886569555131004*I,-0.16447879398320522+3.653290323297972*^-17*I,0.04078636330234728-0.07064405349562826*I,-0.02811467640028658-0.04869604796365402*I,0.15611704733780923-1.7359243666969968*^-17*I,-0.08099902825797069+0.14029443230651262*I,-0.039523138570266084-0.06845608407828592*I,-0.04261369875925714+2.8412722915590406*^-17*I,0.07158183444678623-0.12398337416081796*I,0.09142313260803255+0.1583495106642191*I,-0.15359396294782074+1.0253543142060295*^-16*I,0.03676550544015178-0.06367972338829296*I,-0.013558348527348926-0.02348374851609496*I,0.11979465128418754-5.321593498114593*^-17*I,-0.09296352048545116+0.1610175407312717*I,-0.10945646265278654-0.18958415453139135*I,0.22169052889551624-1.1106476863633747*^-16*I,-0.10125309532662338+0.17537550552932668*I,-0.08547780641372328-0.1480519036281055*I,0.13533341222530237-3.0096465686006534*^-17*I,-0.05072007041929398+0.08784973892968852*I,-0.03624705400284369-0.06278173915761796*I,0.04965279675989102-5.5313160619351747*^-17*I,-0.0163632661313196+0.028342008317216654*I,-0.010412749710199017-0.018035411544562747*I,0.012829362609924353-1.7107978684447378*^-17*I,-0.003834313382475297+0.006641225590588513*I,-0.002228169140120403-0.0038593021585455827*I,0.0025218480443407656-3.6543919210283185*^-18*I,-0.0006959072970422497+0.0012053467958351067*I,-0.0003750619865249226-0.0006496264166488776*I,0.0003952574774380621-5.277277204586375*^-19*I,-0.00010191717384132589+0.0001765257232570067*I,-0.00005148801661950385-0.00008917986076593107*I,0.000051007083660799-8.533804789719163*^-20*I,-0.000012395733520354993+0.000021470040254339558*I,-5.916096141287984*^-6-0.000010246979099172931*I,5.548924285725075*^-6-4.929956234922895*^-21*I,-1.2792949148790715*^-6+2.215803790435059*^-6*I,-5.803090626796023*^-7-1.005124780653741*^-6*I,5.182105550046974*^-7-4.626848608502344*^-22*I,-1.1392984022670289*^-7+1.973322717708543*^-7*I,-4.9356613453824354*^-8-8.548816219156117*^-8*I,4.2152147729679996*^-8-4.223562060540795*^-23*I,-8.874606946431599*^-9+1.5371270128423254*^-8*I,-3.6863102604481617*^-9-6.38487666355867*^-9*I,3.0220864411521142*^-9-1.3499696908829348*^-24*I,-6.114408369056844*^-10+1.059046595343082*^-9*I,-2.4432447019566326*^-10-4.231823959112362*^-10*I,1.928766296503364*^-10-8.578672140830919*^-26*I,-3.7612381141762987*^-11+6.514655513117906*^-11*I,-1.4498826525046348*^-11-2.5112704191507555*^-11*I,1.1051015127310629*^-11-6.79188155283253*^-27*I,-2.0823798121372875*^-12+3.6067876352775338*^-12*I,-7.762512699716766*^-13-1.3445066390308021*^-12*I,5.72572965732687*^-13-1.2756912998485532*^-27*I,-1.0448469917302017*^-13+1.8097280758122173*^-13*I,-3.774426921715518*^-14-6.537499197867039*^-14*I,2.6996977660487876*^-14-6.490033579611718*^-29*I,-4.780142605808206*^-15+8.279449860684548*^-15*I,-1.6764883379116703*^-15-2.903762979559697*^-15*I,1.1648592447684436*^-15-3.106683899395608*^-30*I,-2.004683817474018*^-16+3.4722142249761536*^-16*I,-6.837247370208273*^-17-1.1842459829117347*^-16*I,4.6222186915600566*^-17-1.2928612866383757*^-31*I,-7.743401730978391*^-18+1.3411965221471452*^-17*I,-2.5720600998430805*^-18-4.4549387730488655*^-18*I,1.6941900498624846*^-18-4.9100773100089576*^-33*I
-0.00042101885722798857-0.0007292260516634649*I,-0.0052307561669707806-3.491920059504775*^-18*I,-0.01045651482128988+0.018111214940571045*I,0.030574850076918483+0.05295719376702408*I,0.135415745933668+9.028857338476123*^-17*I,0.11268102754557961-0.19516926475801183*I,-0.1326672416611995-0.2297864030572163*I,-0.17552218135026734-1.9516973751267336*^-17*I,0.017554610706955007-0.03040547765153867*I,-0.10051243818668085-0.1740926497319575*I,-0.13451642546924886-2.987786714569532*^-17*I,0.05034655999932398-0.08720279990514396*I,-0.09122741654444236-0.1580105204982239*I,0.023401215885077993+7.801391127614763*^-18*I,0.0912000339779669-0.1579630925018465*I,-0.004132768274252171-0.007158164626913508*I,0.17607362618877798+1.955413397574913*^-17*I,0.0010577442047281877-0.0018320667040007568*I,0.08568981774025065+0.1484191180174311*I,-0.03458527748211666-1.9204612414487535*^-18*I,-0.07838153991982853+0.13576080951663116*I,-0.046394420838824155-0.08035749408057573*I,-0.11116638618122153+0.*I,0.07457634435176418-0.1291700174600078*I,-0.010015894932937227-0.017348038907118946*I,0.15941371891304762-8.851970862052991*^-18*I,-0.04817659348836353+0.08344430765743759*I,0.04013709603924667+0.06951948960824676*I,-0.16294499802114798+1.8096113489294278*^-17*I,0.03470746501431758-0.06011509280671733*I,-0.046532484452119674-0.08059662727348005*I,0.16347304421596465-5.449790143442163*^-17*I,-0.04221860787416878+0.07312477386288785*I,0.0328025696885127+0.05681571731932275*I,-0.16065498890654412+3.568358583792573*^-17*I,0.06654690160509974-0.1152626146663197*I,0.005966818536776783+0.01033483286524117*I,0.11543867910623798-1.2836062386333762*^-17*I,-0.0852226629962696+0.14760998226585925*I,-0.06406815708659333-0.11096930322128351*I,0.01944391188241426-1.2964246164859848*^-17*I,0.048609597336523994-0.08419429232232446*I,0.0850656484809104+0.1473380251477309*I,-0.1752329723689463+1.1698108490806041*^-16*I,0.05927750764653573-0.1026716549898527*I,0.012784390776281003+0.022143214368333573*I,0.07334707362832935-3.258269930602243*^-17*I,-0.0770808342964629+0.1335079212912715*I,-0.10213439800221775-0.1769019665403022*I,0.22207041531856925-1.112550879877986*^-16*I,-0.10672808406108573+0.18485846418828267*I,-0.09379589923971797-0.16245926302480246*I,0.15357194566721358-3.4152488414405135*^-17*I,-0.05925279220058641+0.10262884658173661*I,-0.043452052787571985-0.07526116312123934*I,0.0609280288094495-6.787375663962434*^-17*I,-0.020513253076824913+0.03552999655757945*I,-0.013314857035022538-0.02306200888017487*I,0.01671147680881841-2.2284785123287416*^-17*I,-0.005082249503202273+0.00880271435628805*I,-0.003002361009111488-0.0052002418104448445*I,0.003451606746223041-5.001698590154989*^-18*I,-0.0009667756584949413+0.0016745045600341016*I,-0.0005285288922111806-0.0009154388945778565*I,0.0005646583217717146-7.539031289630237*^-19*I,-0.0001475251312224605+0.00025552102267056804*I,-0.0000754799479891507-0.00013073510486986481*I,0.0000756962359938456-1.2664454717383717*^-19*I,-0.000018614926111880873+0.00003224199780491838*I,-8.986900157168964*^-6-0.00001556576767476531*I,8.523562595414358*^-6-7.572781389199972*^-21*I,-1.98647503071649*^-6+3.4406756811679147*^-6*I,-9.106332325614478*^-7-1.5772630258571098*^-6*I,8.215650329102311*^-7-7.3353523825473385*^-22*I,-1.8243659196038698*^-7+3.159894464351027*^-7*I,-7.980910770323186*^-8-1.382334294487339*^-7*I,6.881123249739558*^-8-6.89474977120598*^-23*I,-1.462266871001068*^-8+2.532720514798621*^-8*I,-6.129395255409717*^-9-1.0616424002041234*^-8*I,5.0698576311158605*^-9-2.2647115734018384*^-24*I,-1.0347264728659333*^-9+1.7921988229403378*^-9*I,-4.170069365053254*^-10-7.222772011358715*^-10*I,3.3196143452193613*^-10-1.4764817880353469*^-25*I,-6.526801056832216*^-11+1.1304751041327652*^-10*I,-2.5362776358082028*^-11-4.3929617273204743*^-11*I,1.948481179284275*^-11-1.1975237772426094*^-26*I,-3.700176580584312*^-12+6.4088938345485375*^-12*I,-1.389869822799009*^-12-2.4073251489946238*^-12*I,1.0328924041163434*^-12-2.3012819893177382*^-27*I,-1.8987802201555983*^-13+3.2887838137163315*^-13*I,-6.909046736411004*^-14-1.196681997933173*^-13*I,4.977102976044661*^-14-1.1964882087890548*^-28*I,-8.874579151300123*^-15+1.5371221985843386*^-14*I,-3.134048045264609*^-15-5.4283304477601954*^-15*I,2.1924572416585333*^-15-5.8472915447632896*^-30*I,-3.798499041680729*^-16+6.579193332692753*^-16*I,-1.3041069459929207*^-16-2.2587794889632064*^-16*I,8.873743459327811*^-17-2.482037340005933*^-31*I,-1.4961413078462897*^-17+2.5913927604923394*^-17*I,-5.00112356049014*^-18-8.662200101698629*^-18*I
0.00022119040047941101-0.00038311301177684646*I,-0.0014618279661549678-0.0025319603093054864*I,-0.012529530489641198-8.364396553068994*^-18*I,-0.019839538273289714+0.03436308828804504*I,0.04832223464461986+0.08369656553974675*I,0.1815362319534958+1.2103944993778662*^-16*I,0.12725157796472586-0.2204061983782171*I,-0.11929649016707015-0.20662758213400675*I,-0.08507202647438271-9.45947967883501*^-18*I,0.06378732172612589-0.1104828821083921*I,-0.1016113421201343-0.1759960071773362*I,-0.04012564901181939-8.912434344934388*^-18*I,0.08429416936075865-0.14600178411464962*I,-0.06243848964072881-0.10814663640560539*I,0.11408478675889784+3.803306834941929*^-17*I,0.07582190139491259-0.13132738554246604*I,0.04280487564865109+0.0741402194351315*I,0.1524866550124338+1.693464572842999*^-17*I,-0.04408306801366795+0.07635411355318729*I,0.06879787546472074+0.11916141575769264*I,-0.11460945383333769-6.364066736325771*^-18*I,-0.05052194831531691+0.08750658137949771*I,-0.07457634435176418-0.1291700174600078*I,-0.032806136086653344+0.*I,0.08144236434553005-0.14106231293499408*I,0.03143324808194569+0.054443982724846886*I,0.11887069479977905-6.600686151068237*^-18*I,-0.07328482253521443+0.12693303605466005*I,0.0014822949999423532+0.0025674102517054607*I,-0.14649993388751967+1.6269780981301388*^-17*I,0.0640854591452905-0.11099927126602271*I,-0.011080449442234115-0.019191901404647698*I,0.14846155876650524-4.949344055628379*^-17*I,-0.0678039310732222+0.11743985357171911*I,-0.0023190080926630196-0.004016639839655742*I,-0.12825864794295572+2.848793245998182*^-17*I,0.08012114563759225-0.13877389500493534*I,0.037891947999043225+0.0656307791321007*I,0.05883457063009076-6.542037945409893*^-18*I,-0.07731512830111416+0.13391373041123633*I,-0.07938296589165447-0.13749533017985258*I,0.07703640087187673-5.136409126916015*^-17*I,0.020996618760396064-0.036367210480159895*I,0.07028098510079264+0.12173023700056396*I,-0.1800844863116934+1.2021983248391171*^-16*I,0.07619831436652208-0.131979351933922*I,0.03734701076986831+0.06468692016423383*I,0.023858032699795632-1.0598365647548442*^-17*I,-0.05769502232774888+0.09993071001548197*I,-0.09074096496605165-0.1571679616490288*I,0.21528163754742977-1.0785397727625134*^-16*I,-0.10965031429309066+0.18991991542152897*I,-0.10069228351616108-0.17440415098012102*I,0.17086421769252289-3.7998074386747226*^-17*I,-0.0679624109556757+0.11771434878010607*I,-0.051188712216481955-0.08866145033296821*I,0.07351674778382505-8.189757563996707*^-17*I,-0.02529775667393317+0.04381699987676703*I,-0.01675412375962276-0.029018993587963435*I,0.021425479832132614-2.8570916842636756*^-17*I,-0.006631225031521551+0.011485618671017892*I,-0.003982809740406596-0.006898428827264412*I,0.004651171718046416-6.739979590716161*^-18*I,-0.0013223716326713699+0.002290414854274628*I,-0.0007333200523639624-0.0012701475889034485*I,0.0007942350201483013-1.0604222832367883*^-18*I,-0.00021024963945774018+0.00036416305781384527*I,-0.00010894221985650845-0.0001886934598808109*I,0.00011059676573444117-1.8503532086414487*^-19*I,-0.00002752055597231113+0.000047667001196586175*I,-0.000013439148107471555-0.00002327728733258376*I,0.000012888408998904723-1.1450740545486477*^-20*I,-3.0362583893308513*^-6+5.258953795228292*^-6*I,-1.4065242138480422*^-6-2.4361714004606767*^-6*I,1.2819552546706348*^-6-1.1445951513244126*^-21*I,-2.8751251286602323*^-7+4.979862800957539*^-7*I,-1.2700026401035198*^-7-2.199709098405902*^-7*I,1.1053975962680697*^-7-1.1075865883159957*^-22*I,-2.3708171046142793*^-8+4.1063756806452794*^-8*I,-1.0027936400332082*^-8-1.7368895340444506*^-8*I,8.368106101420994*^-9-3.738043178772957*^-24*I,-1.7227157974663852*^-9+2.983831288213318*^-9*I,-7.001822789548586*^-10-1.2127512817091786*^-9*I,5.620331460416549*^-10-2.499783463093447*^-25*I,-1.1140666194264116*^-10+1.929619987863047*^-10*I,-4.363924051352652*^-11-7.558538177314598*^-11*I,3.378953311282081*^-11-2.0766825851195922*^-26*I,-6.466252452847238*^-12+1.1199877782898347*^-11*I,-2.447314003304772*^-12-4.238872195798631*^-12*I,1.8323122050187988*^-12-4.082387535635196*^-27*I,-3.393075666746014*^-13+5.876979448729771*^-13*I,-1.2435381289813696*^-13-2.1538712205448596*^-13*I,9.021719588183118*^-14-2.1688080721288832*^-28*I,-1.6198827644273054*^-14+2.8057192502932357*^-14*I,-5.7599363504330445*^-15-9.97650240731283*^-15*I,4.056711153400375*^-15-1.0819263598901858*^-29*I,-7.07525526952241*^-16+1.225470160333232*^-15*I,-2.445051961772696*^-16-4.2349542249362395*^-16*I,1.6745015764487666*^-16-4.683677703433934*^-31*I,-2.841289038025725*^-17+4.921256972849088*^-17*I
0.00022751985097716073+1.0107030211054813*^-19*I,0.0007969796762436452-0.0013804092918537853*I,-0.00364401037074606-0.00631161110544009*I,-0.024837112468411714-1.658062591337523*^-17*I,-0.03295195480189269+0.0570744599255913*I,0.06873872231696491+0.11905895950035209*I,0.22166104800450095+1.477927080141836*^-16*I,0.13007880981624842-0.2253031075898312*I,-0.09075245972266828-0.15718787115150978*I,0.013516857019079592+1.50299034350856*^-18*I,0.09343403448792324-0.16183249488922577*I,-0.07910966887960039-0.13702196586941842*I,0.05833316172801857+1.2956562369377907*^-17*I,0.09415142466845125-0.16307505113075116*I,-0.01835084220084308-0.03178459105353932*I,0.1681835181237149+5.606825784373184*^-17*I,0.03989344622938134-0.0690974757583055*I,0.07523820127135707+0.13031638727208375*I,0.0867127945974977+9.630026027595686*^-18*I,-0.07460647412578335+0.12922220375942955*I,0.03333131836798536+0.057731536896604416*I,-0.15917498116332776-8.838714163579348*^-18*I,-0.010015894932937227+0.017348038907118946*I,-0.08144236434553005-0.14106231293499408*I,0.050966733617280165+0.*I,0.06695540360546696-0.11597016088594918*I,0.06328481853935874+0.10961252105794615*I,0.050699514946714166-2.8152572569574593*^-18*I,-0.07991901105775252+0.13842378764268634*I,-0.03604362064840955-0.062429382251783995*I,-0.09787261561615195+1.0869397534093655*^-17*I,0.07853285509852358-0.13602289509408738*I,0.02538286026123028+0.04396440361387184*I,0.10434244145400204-3.478520949469038*^-17*I,-0.07951013644387865+0.13771559603753175*I,-0.035782673256613315-0.06197740811109031*I,-0.07467027747787924+1.6585250629680885*^-17*I,0.07999339477033277-0.13855262401213095*I,0.06280919190207804+0.10878871155674281*I,-0.004527875244076647+5.034715362345428*^-19*I,-0.05898613106426746+0.10216697594522822*I,-0.08394589049397269-0.14539854742217373*I,0.12350702458582906-8.234842245238948*^-17*I,-0.008041415284744752+0.013928139837938882*I,0.04885148496094258+0.08461325397753933*I,-0.16821207935641488+1.1229411492446565*^-16*I,0.08628393430300184-0.14944815808973455*I,0.05839876491385241+0.1011496279300629*I,-0.02560563471808039+1.1374696430108486*^-17*I,-0.0357698530942717+0.06195520293855347*I,-0.0756127997579959-0.13096521088338048*I,0.2010362168374951-1.0071716199073289*^-16*I,-0.1096140760092947+0.1898571488728153*I,-0.10569499497057512-0.18306910139477298*I,0.1863891444044322-4.1450624768650533*^-17*I,-0.07655646010066595+0.13259967854197308*I,-0.059286934861390896-0.10268798340495527*I,0.08727525541990276-9.72245379143599*^-17*I,-0.030710186140888+0.05319160270591575*I,-0.020759268522729687-0.035956107809333025*I,0.02705567796609946-3.6078796430560265*^-17*I,-0.008523510688399388+0.01476315357116416*I,-0.005205404323125321-0.009016024761591707*I,0.006175547643918818-8.948941816104486*^-18*I,-0.0017822716862240689+0.003086985113431553*I,-0.0010025852971842636-0.0017365286736446813*I,0.0011008237628298593-1.4697640099065184*^-18*I,-0.00029526119139611906+0.0005114073850013985*I,-0.00015493669729434734-0.00026835823167072797*I,0.00015921787253993315-2.6638147993832845*^-19*I,-0.000040088439702704585+0.00006943521436124599*I,-0.000019800770319098467-0.00003429594022168021*I,0.000019200237094868036-1.7058500657749352*^-20*I,-4.571962144073067*^-6+7.918870723816109*^-6*I,-2.1401156246178843*^-6-3.7067889959101706*^-6*I,1.9704583376360065*^-6-1.7593258820288514*^-21*I,-4.4631505307202304*^-7+7.730403481035455*^-7*I,-1.9905487562261138*^-7-3.4477315807266564*^-7*I,1.7489179595013303*^-7-1.7523812993156636*^-22*I,-3.785617340000718*^-8+6.556881570895003*^-8*I,-1.6156532549957267*^-8-2.7983935250666308*^-8*I,1.3601180557399807*^-8-6.075663906461968*^-24*I,-2.824197938230169*^-9+4.8916543196459265*^-9*I,-1.1575716171947451*^-9-2.0049728543809678*^-9*I,9.368731287612542*^-10-4.16697835490369*^-25*I,-1.872157238088763*^-10+3.2426714561275633*^-10*I,-7.39186405717474*^-11-1.280308410966885*^-10*I,5.7682067569448975*^-11-3.545102111805008*^-26*I,-1.1123258338812578*^-11+1.926604858853767*^-11*I,-4.241614602004346*^-12-7.346691996797534*^-12*I,3.199240341103204*^-12-7.127900396148384*^-27*I,-5.967504385918809*^-13+1.0336020790801545*^-12*I,-2.2027139018899802*^-13-3.815212392611711*^-13*I,1.609303642036914*^-13-3.868742200686127*^-28*I,-2.9096023876411295*^-14+5.03957916521818*^-14*I,-1.0416517410949768*^-14-1.8041937393690712*^-14*I,7.38565065800469*^-15-1.9697557527943938*^-29*I,-1.296651113563286*^-15+2.2458656083823874*^-15*I,-4.510175404315183*^-16-7.811852951321351*^-16*I,3.1086694145415037*^-16-8.695128048259884*^-31*I
0.00005732551162183958+0.0000992906986989064*I,0.0008487265021486777+3.7702663575499014*^-19*I,0.002061697105809795-0.0035709641370802654*I,-0.007520238501121963-0.013025435168978883*I,-0.043144917160765454-2.8802451670500565*^-17*I,-0.049375143462266416+0.08552025710764759*I,0.08952429671790137+0.1550606304272771*I,0.24838973739857856+1.6561408629775332*^-16*I,0.11931535516287553-0.20666025726522572*I,-0.051045791710611056-0.08841390475535668*I,0.10271472763123089+1.142123820263389*^-17*I,0.10184180012031972-0.17639517214266792*I,-0.04011126291754223-0.06947474532893663*I,0.13695356736820968+3.0419188412732745*^-17*I,0.07970376820246708-0.1380509760813656*I,0.028160729668008318+0.04877581456320269*I,0.17475275179430205+5.825827914538676*^-17*I,-0.0050167979128109726+0.008689348876294096*I,0.08568973786558268+0.1484189796704479*I,0.0004035844520137442+4.482070720088929*^-20*I,-0.08352626275699561+0.14467173086146443*I,-0.00955679749828633-0.01655285882467907*I,-0.15941371891304762-8.851970862052991*^-18*I,0.03143324808194569-0.054443982724846886*I,-0.06695540360546696-0.11597016088594918*I,0.1184466084685599+0.*I,0.03639111312107976-0.06303125686969657*I,0.0785416755081039+0.13603817249162406*I,-0.026889704837274993+1.4931392688893707*^-18*I,-0.06791243141366136+0.11762778167399819*I,-0.06414362461718087-0.111100016818583*I,-0.02983831808836525+3.3137414281759114*^-18*I,0.0760589391010627-0.13173794689282772*I,0.05545262886146572+0.09604677060131887*I,0.04155020063544326-1.3851817280770324*^-17*I,-0.07604618012824986+0.1317158477036636*I,-0.061753003016275135-0.10695933874414257*I,-0.010220318729532881+2.2700671990236028*^-18*I,0.06697188793393556-0.11599871258038552*I,0.0773078198574008+0.1339010718154003*I,-0.06517553735223322+7.247113965555455*^-18*I,-0.03323737977205557+0.05756883047566238*I,-0.07768769160736907-0.13455902898670533*I,0.15387353936824488-1.0259532416583281*^-16*I,-0.03528521572545669+0.0611157863925194*I,0.02315871755089889+0.0401120754362939*I,-0.14121415717633892+9.427098728933594*^-17*I,0.08887846483608243-0.15394201679481892*I,0.07446815051544545+0.1289826202384377*I,-0.07189793207115511+3.1938952510498856*^-17*I,-0.012483668557412658+0.02162234820628882*I,-0.05734393898659559-0.09932261583091322*I,0.1794658564802601-8.991062418140755*^-17*I,-0.10633904426578725+0.18418462749665948*I,-0.10837699432346926-0.18771446053985244*I,0.19930364035443626-4.4322647854599876*^-17*I,-0.08470354882859864+0.14671085015252416*I,-0.06753158473335698-0.11696813587381673*I,0.10198296518878126-1.136089103138205*^-16*I,-0.03671694371846002+0.06359561201901988*I,-0.025343218267579768-0.043895741666755736*I,0.03367204344741779-4.4901731993652503*^-17*I,-0.010799748555359775+0.018705713206851774*I,-0.006707342789709913-0.011617458495558303*I,0.008084643755202748-1.1715399303976764*^-17*I,-0.002368607396812617+0.004102548354462923*I,-0.0013516466234757569-0.0023411206257389237*I,0.001504552153176935-2.008801663294579*^-18*I,-0.0004088820624147398+0.0007082045064058804*I,-0.00021728391117458628-0.0003763467738216649*I,0.00022602000074752496-3.7814562733644904*^-19*I,-0.00005758030313010561+0.00009973201053656058*I,-0.000028765362692804453-0.00004982306968208341*I,0.000028201604552927535-2.5055789021703637*^-20*I,-6.78746136629745*^-6+0.000011756227940838082*I,-3.210315691056255*^-6-5.560429885245014*^-6*I,2.985800403814204*^-6-2.6658751563885568*^-21*I,-6.829726887965072*^-7+1.1829433971774804*^-6*I,-3.075355750592094*^-7-5.326672411374614*^-7*I,2.7274175066293985*^-7-2.7328185453629203*^-22*I,-5.957763718307766*^-8+1.0319149459599547*^-7*I,-2.5654828452772127*^-8-4.443546633966493*^-8*I,2.178646537180029*^-8-9.73204059384502*^-24*I,-4.562614025563664*^-9+7.90267930760264*^-9*I,-1.885810875781355*^-9-3.266320250319264*^-9*I,1.5388264809608691*^-9-6.844316953134227*^-25*I,-3.099846118683672*^-10+5.369090973205309*^-10*I,-1.2335996107815805*^-10-2.1366572020708863*^-10*I,9.70107631036451*^-11-5.962217993182676*^-26*I,-1.8849901971369805*^-11+3.264898793210541*^-11*I,-7.2418227473934985*^-12-1.254320493789351*^-11*I,5.5023366821996115*^-12-1.2259193944543722*^-26*I,-1.0337674222448961*^-12+1.790537698537678*^-12*I,-3.84296333237495*^-13-6.656207743297578*^-13*I,2.827316168088871*^-13-6.796826334353568*^-28*I,-5.1469536454719257*^-14+8.914785218159275*^-14*I,-1.8551246164120905*^-14-3.213170089997447*^-14*I,1.3241236653830935*^-14-3.531442696213552*^-29*I,-2.3399630140114154*^-15+4.052934828099801*^-15*I,-8.191880716291685*^-16-1.4188753610160838*^-15*I
-0.000028326303906766817+0.00004906259755715686*I,0.00022093343265217934+0.00038266793044417174*I,0.002272890674117274+1.0096778198063277*^-18*I,0.004416305544098076-0.007649265584125968*I,-0.013609297561283469-0.023571994831466228*I,-0.0677158612206753-4.520539030976369*^-17*I,-0.06795576872341344+0.1177028440963519*I,0.10782039293785448+0.18675039866040485*I,0.2556966323141362+1.7048596521589054*^-16*I,0.09542229950741193-0.16527627092189187*I,-0.0062799981879979525-0.010877275933052955*I,0.16745649182169267+1.8620119293306127*^-17*I,0.0890080913609602-0.1541665365219155*I,0.0054735454623309416+0.009480458838295278*I,0.17926462540543714+3.981703084290556*^-17*I,0.04662427247506976-0.08075560879275588*I,0.0652664569391595+0.11304481944863067*I,0.13634848349227638+4.545523850573321*^-17*I,-0.04651617137072151+0.08056837218767043*I,0.07335161967725302+0.12704873209847126*I,-0.08219183980340371-9.127944269779001*^-18*I,-0.07034416665735911+0.1218396706666385*I,-0.04817659348836353-0.08344430765743759*I,-0.11887069479977905-6.600686151068237*^-18*I,0.06328481853935874-0.10961252105794615*I,-0.03639111312107976-0.06303125686969657*I,0.15441055194187092+0.*I,-0.0017255255763587289+0.002988697968012889*I,0.07486303223727123+0.12966657544362048*I,-0.0955139486799387+5.303726030603512*^-18*I,-0.04125430951015196+0.07145456010275515*I,-0.07741226397882003-0.1340819743402503*I,0.04206349498367026-4.671427710116432*^-18*I,0.05828725436943434-0.10095648600155131*I,0.07367812516734405+0.12761425619625902*I,-0.026945376714058188+8.982927376920368*^-18*I,-0.058969233630328306+0.10213770873112801*I,-0.07619196627482741-0.13196835671657536*I,0.05382998925507297-1.1956348541130005*^-17*I,0.04382329737167354-0.07590417760293826*I,0.07978592727172672+0.13819327976362594*I,-0.11469180024503867+1.2753014107094831*^-17*I,-0.0038560871844762145+0.006678938921928034*I,-0.061891054736411794-0.1071984513374915*I,0.16530110130657996-1.1021466161853699*^-16*I,-0.057864208960261836+0.10022374985895592*I,-0.004085161930316947-0.007075708020455091*I,-0.10202788440638685+6.811122614301108*^-17*I,0.08396504280560567-0.1454317201990049*I,0.08446734786931553+0.14630173809024896*I,-0.11204162413423278+4.977183639831119*^-17*I,0.010851415642751388-0.018795203227293108*I,-0.03675676793888536-0.06366458959216813*I,0.15114103574371548-7.572016833539921*^-17*I,-0.09969845696422774+0.17268279289826172*I,-0.10838638331286182-0.1877307227465121*I,0.20878850419880376-4.64319634665732*^-17*I,-0.0920463915197612+0.1594290267656035*I,-0.07566708861709595-0.13105924194562651*I,0.11734084442873913-1.3071757078425364*^-16*I,-0.04325417547562003+0.07491842956327381*I,-0.030499414667069166-0.052826535804475064*I,0.041324064760052855-5.510571651648684*^-17*I,-0.013496838088981432+0.023377209311646746*I,-0.008525909205736317-0.014767307925054464*I,0.010442140186029056-1.513163048015647*^-17*I,-0.003105905312452742+0.005379585804666255*I,-0.0017980481355457482-0.003114310725219718*I,0.002029101947105369-2.709153921805056*^-18*I,-0.000558727941992636+0.0009677451831396449*I,-0.00030068321275390845-0.0005207986014728097*I,0.0003165945304501628-5.296824924007363*^-19*I,-0.00008160556315556912+0.0001413449815657171*I,-0.00004123208909718149-0.00007141607321852481*I,0.00004086986375615718-3.6310936907798913*^-20*I,-9.941613909759849*^-6+0.000017219380400937572*I,-4.750991347921727*^-6-8.228958400920559*^-6*I,4.463344294577489*^-6-3.985101835381477*^-21*I,-1.0309805814117037*^-6+1.7857107486219756*^-6*I,-4.6868584347946375*^-7-8.117876936947036*^-7*I,4.195423819786132*^-7-4.203731915814381*^-22*I,-9.248038126035251*^-8+1.6018071904627162*^-7*I,-4.017791055918521*^-8-6.959018243046678*^-8*I,3.4416886826907444*^-8-1.5374065227982202*^-23*I,-7.269160556157966*^-9+1.2590555411641248*^-8*I,-3.029546514822218*^-9-5.247328487565294*^-9*I,2.4923273686512724*^-9-1.1085251438725466*^-24*I,-5.060832431473389*^-10+8.765618899904258*^-10*I,-2.029813144547435*^-10-3.5157394962273024*^-10*I,1.6085640127515931*^-10-9.886129119268124*^-26*I,-3.149223077559319*^-11+5.4546143747011914*^-11*I,-1.2188772631491845*^-11-2.111157347964877*^-11*I,9.328702105745587*^-12-2.0784327635780212*^-26*I,-1.7652463401791698*^-12+3.0574963490653515*^-12*I,-6.608541723327601*^-13-1.1446330028742128*^-12*I,4.895771419794296*^-13-1.1769362227191661*^-27*I,-8.973391912113134*^-14+1.5542370708007673*^-13*I,-3.256064987252949*^-14-5.6396699906681856*^-14*I,2.3394712159350776*^-14-6.239378356043128*^-29*I,-4.161256050032236*^-15+7.207506901959255*^-15*I
-0.000027470506608847324-1.376245289338707*^-20*I,-0.00011258068390491735+0.00019499546447416838*I,0.0006111859291263818+0.0010586050821180853*I,0.0050405098773121035+2.2391270647512695*^-18*I,0.008298902806452289-0.014374121307851281*I,-0.02227401481081959-0.03857972534088128*I,-0.09782424494003604-6.53049831244272*^-17*I,-0.0868828396825979+0.15048549263612077*I,0.12068286276022915+0.20902884990357923*I,0.24016591037165036+1.6013084204942119*^-16*I,0.06111729525192418-0.10585826059752065*I,0.036590892631351+0.06337728513179768*I,0.19795663067902478+2.201154483798218*^-17*I,0.05910761675801218-0.10237739533918667*I,0.04740356908717126+0.08210539011908209*I,0.17883161779927914+3.9720854159019315*^-17*I,0.004244071775693079-0.00735094794646947*I,0.08484569171925806+0.14695704886108102*I,0.06621725071835985+2.2075206467312715*^-17*I,-0.07458879998323695+0.1291915912465589*I,0.043203859733910256+0.07483128014221176*I,-0.14070531053982563-1.562624995548876*^-17*I,-0.04013709603924667+0.06951948960824676*I,-0.07328482253521443-0.12693303605466005*I,-0.050699514946714166-2.8152572569574593*^-18*I,0.0785416755081039-0.13603817249162406*I,0.0017255255763587289+0.002988697968012889*I,0.15273715812723448+0.*I,-0.03805782042083832+0.06591807859422434*I,0.05442914096590788+0.094274037565281*I,-0.1406884719841455+7.812189961578544*^-18*I,-0.006667945475628616+0.01154922034588779*I,-0.07407763142778248-0.12830622133728023*I,0.10302921706908892-1.1442072033124896*^-17*I,0.029681969009776456-0.05141067839361771*I,0.07735341064603916+0.13398003737767902*I,-0.08830148988816633+2.9437549875687133*^-17*I,-0.03208602425672973+0.05557462422554336*I,-0.07733881381042958-0.13395475491677347*I,0.10719489873586156-2.3809396748046217*^-17*I,0.01465230573415687-0.02537853797959251*I,0.07051206893646861+0.12213048594476279*I,-0.1467853938658997+1.6321621900500832*^-17*I,0.025144294325706813-0.043551195292590085*I,-0.038931479650845056-0.06743130076909741*I,0.1572867948146348-1.048711153799747*^-16*I,-0.07354696789533492+0.12738708513735733*I,-0.030126197367797793-0.05218010447987347*I,-0.05460889718148816+3.645551377438877*^-17*I,0.07215585445634079-0.12497760598192768*I,0.08778134854986142+0.15204175564527228*I,-0.14346291206794745+6.372999895214415*^-17*I,0.032882482943473346-0.0569541311371129*I,-0.014854669790874433-0.02572904280745304*I,0.117059345971472-5.864557787748357*^-17*I,-0.08973852851312754+0.15543169078120536*I,-0.10547409138940805-0.18268648516861766*I,0.21409718728181376-4.7612548479679236*^-17*I,-0.09821785278200938+0.17011831122876056*I,-0.08340497173425045-0.1444616486475675*I,0.13297402738131178-1.4813291928574778*^-16*I,-0.05022564513247647+0.08699336921237395*I,-0.03619850099807269-0.06269764288649445*I,0.05003448141023707-6.672107317253243*^-17*I,-0.01664557984407515+0.02883099001138268*I,-0.01069698390855605-0.01852771961736573*I,0.013313923593204602-1.9293111226657552*^-17*I,-0.004020782629129842+0.0069641997998432775*I,-0.002361524167603997-0.00409027984159191*I,0.0027018960998306065-3.607434523242197*^-18*I,-0.000753837986406646+0.0013056856931317317*I,-0.00041083450512275987-0.0007115862363750335*I,0.0004378566160795316-7.325615619113403*^-19*I,-0.00011419037089577339+0.0001977835241266147*I,-0.00005835170201676417-0.00010106811260115445*I,0.000058475182777684465-5.195242844900921*^-20*I,-0.000014375726172857462+0.00002489948812708687*I,-6.941077563425913*^-6-0.000012022298999130044*I,6.586394064571142*^-6-5.880669144694061*^-21*I,-1.536264216670983*^-6+2.660887677124151*^-6*I,-7.050443154179798*^-7-1.2211725758915551*^-6*I,6.369823673422136*^-7-6.3824376807393995*^-22*I,-1.4168443021991867*^-7+2.45404631782347*^-7*I,-6.209981159574565*^-8-1.0756002882428626*^-7*I,5.3656138390232657*^-8-2.3968262313840428*^-23*I,-1.1428678495080614*^-8+1.979505181684946*^-8*I,-4.802600829673078*^-9-8.318348645466208*^-9*I,3.983071141976098*^-9-1.771570848296309*^-24*I,-8.15228856666615*^-10+1.4120177995428644*^-9*I,-3.295277420410913*^-10-5.7075879171862*^-10*I,2.631414808323623*^-10-1.6172503148905697*^-25*I,-5.190496549265891*^-11+8.990203739839504*^-11*I,-2.023773987468153*^-11-3.5052793693310834*^-11*I,1.5601423848081848*^-11-3.4759937788504547*^-26*I,-2.9732810265589796*^-12+5.149873803180727*^-12*I,-1.1209148902281244*^-12-1.9414815408355913*^-12*I,8.361326435807775*^-13-2.0100505330975986*^-27*I,-1.5429442575181312*^-13+2.672457847268056*^-13*I,-5.636122786005881*^-14-9.76205102305878*^-14*I,4.0761927458134544*^-14-1.087122107767547*^-28*I
-6.540128813661569*^-6-0.00001132783539330701*I,-0.0001124034648650105-5.63130273600406*^-20*I,-0.00032110854723682927+0.0005561763185588186*I,0.0014000930833159733+0.0024250323556290337*I,0.009808285084979834+4.35709821568408*^-18*I,0.014112841290536308-0.024444158154364758*I,-0.03360068562679238-0.05819809467475381*I,-0.13165176339646414-8.788737589722515*^-17*I,-0.10390474915668442+0.17996830468707659*I,0.1255990199913883+0.21754388400594407*I,0.20172936652081125+1.345032410182013*^-16*I,0.020884304258387613-0.036172676056254356*I,0.07108352082541383+0.12312026965049729*I,0.19117364769695994+2.125731936176119*^-17*I,0.019223883662979262-0.03329674322307337*I,0.07727176987325697+0.13383863141125127*I,0.1392256802630266+3.092385456762459*^-17*I,-0.03709286533039134+0.06424672735054787*I,0.08379277879302645+0.14513335017690188*I,-0.016485113132901012-5.495732186067601*^-18*I,-0.08361083612620566+0.14481821623390348*I,0.003916772765894476+0.006784049432231312*I,-0.16294499802114798-1.8096113489294278*^-17*I,-0.0014822949999423532+0.0025674102517054607*I,-0.07991901105775252-0.13842378764268634*I,0.026889704837274993+1.4931392688893707*^-18*I,0.07486303223727123-0.12966657544362048*I,0.03805782042083832+0.06591807859422434*I,0.11649420833914159+0.*I,-0.06464824646432406+0.11197404749644431*I,0.022844654995588843+0.03956810313374203*I,-0.1543835846146259+8.572656117089733*^-18*I,0.028144205000129263-0.048747192998857936*I,-0.05589116948423421-0.09680634524113682*I,0.14179918685699075-1.574773211338907*^-17*I,-0.0036468716004639783+0.006316566900683638*I,0.06668786334947233+0.11550676756949639*I,-0.13206150262336058+4.402606428336555*^-17*I,-0.0005537156373232293+0.0009590636167892156*I,-0.06575401122677378-0.11388928824622646*I,0.1420759881445279-3.1556945433002155*^-17*I,-0.01584435880161506+0.027443234457748426*I,0.05141289219138365+0.08904974143953766*I,-0.15795700963305312+1.7563836018451376*^-17*I,0.05005751436714328-0.08670215818450132*I,-0.01190810124154252-0.02062543637202564*I,0.13156103948207287-8.771844430610858*^-17*I,-0.08094244469658793+0.14019642670332455*I,-0.05244563942126625-0.09083851211307022*I,-0.0035258363678709764+2.3537588728075183*^-18*I,0.054624665152359024-0.09461269539032315*I,0.08431458943464297+0.1460371527201114*I,-0.16419258433008116+7.293866461005558*^-17*I,0.052313242642879856-0.09060919416614677*I,0.00724015078112466+0.012540309007367391*I,0.07860300901900773-3.937933232560666*^-17*I,-0.07668728007943378+0.132826265391844*I,-0.09951693561717323-0.17236838870250476*I,0.2146043658546839-4.772533867881832*^-17*I,-0.10285923378164798+0.17815741893741943*I,-0.09043415968571146-0.15663655931544893*I,0.14843893340020795-1.6536080746942764*^-16*I,-0.057502003571373736+0.09959639172262663*I,-0.04238563213916703-0.07341406837596141*I,0.05979322673085149-7.973437804263356*^-17*I,-0.020268159245249082+0.035105481588668386*I,-0.013253313145712231-0.022955411736994013*I,0.016766082860190244-2.4295610470688407*^-17*I,-0.00514148231383672+0.008905308593782019*I,-0.003063868359055756-0.005306775665587236*I,0.0035541832695396435-4.745365089823763*^-18*I,-0.0010047845728434054+0.001740337930826175*I,-0.000554556724591842-0.0009605204226720477*I,0.0005982467725708881-1.0009043463747609*^-18*I,-0.0001578532270248869+0.00027340980934580984*I,-0.00008157872343260589-0.00014129849380188256*I,0.0000826481983745417-7.342900711943569*^-20*I,-0.000020534406373586525+0.000035566635142318125*I,-0.000010016900338454949-0.000017349780320557823*I,9.600233546760125*^-6-8.571579022878444*^-21*I,-2.2610491127236337*^-6+3.916251941645872*^-6*I,-1.0475160475213897*^-6-1.814351016050777*^-6*I,9.551444457934254*^-7-9.570358951719307*^-22*I,-2.1437029346546238*^-7+3.7130023991563215*^-7*I,-9.478567188531268*^-8-1.6417359953491425*^-7*I,8.260302973899793*^-8-3.6898873905220654*^-23*I,-1.7742531801365386*^-8+3.073096653487143*^-8*I,-7.517305071023519*^-9-1.3020354319007893*^-8*I,6.284877545083867*^-9-2.7953570114890668*^-24*I,-1.296527979322345*^-9+2.2456523336209143*^-9*I,-5.281432267318631*^-10-9.147709023729551*^-10*I,4.2495528754279506*^-10-2.611747377946942*^-25*I,-8.444941048024422*^-11+1.4627066962102337*^-10*I,-3.3168490698782123*^-11-5.744951110066607*^-11*I,2.575422714369882*^-11-5.738036105057491*^-26*I,-4.942966605344389*^-12+8.561469300572784*^-12*I,-1.8764661148353108*^-12-3.250134649576115*^-12*I,1.4093229962083067*^-12-3.3879916800085305*^-27*I,-2.618216793752969*^-13+4.5348845120102524*^-13*I,-9.627428089122852*^-14-1.6675194596576433*^-13*I
3.0599614001840587*^-6-5.300008614318388*^-6*I,-0.000027509845233541426-0.00004764844965285029*I,-0.00032999578471931625-1.653246336837927*^-19*I,-0.0007583476079508519+0.0013134965867691978*I,0.0028145061830576424+0.004874867707272592*I,0.017278754038578235+7.675677015753067*^-18*I,0.02214026417978173-0.03834806245237916*I,-0.04730641127380725-0.08193710784998344*I,-0.16637571926480596-1.1106820753446837*^-16*I,-0.11664849779570419+0.20204112480874553*I,0.12094632666491971+0.20948518277246372*I,0.14378391668015386+9.58680589411189*^-17*I,-0.019823992806046867+0.03433616274895304*I,0.09231550374664073+0.159895142815497*I,0.15081778471142437+1.6769998656541164*^-17*I,-0.022327793067864404+0.03867287201442531*I,0.08996612276281063+0.155825895585167*I,0.07188732455886582+1.596712018726873*^-17*I,-0.06842771983080763+0.11852028739304712*I,0.06396767101272348+0.11079525623588805*I,-0.09192894621997236-3.064685480162505*^-17*I,-0.07298228244808776+0.1264090212524302*I,-0.03470746501431758-0.06011509280671733*I,-0.14649993388751967-1.6269780981301388*^-17*I,0.03604362064840955-0.062429382251783995*I,-0.06791243141366136-0.11762778167399819*I,0.0955139486799387+5.303726030603512*^-18*I,0.05442914096590788-0.094274037565281*I,0.06464824646432406+0.11197404749644431*I,0.05599963876516357+0.*I,-0.0764418629266775+0.1324011904142212*I,-0.012496824715062506-0.02164513533977071*I,-0.1358365342521053+7.542770166837152*^-18*I,0.05617257634652716-0.09729375622422681*I,-0.02734574069522689-0.047364212254736825*I,0.15236638834208077-1.6921289323863307*^-17*I,-0.03526481244116096+0.061080446867477836*I,0.04443252823590552+0.07695939641332705*I,-0.15168932987855405+5.056950023793331*^-17*I,0.03012251848342182-0.05217373246521924*I,-0.043987283201102984-0.07618820939123126*I,0.15410630562372554-3.4229037157935587*^-17*I,-0.04312258418311891+0.07469050675882803*I,0.025652695510326874+0.04443177197498016*I,-0.14772438472215937+1.642603183748611*^-17*I,0.06792725489021526-0.11765345668853444*I,0.015779423812410275+0.02733076375725675*I,0.09174364593868657-6.11701604699515*^-17*I,-0.07959729890146511+0.13786656584258417*I,-0.06899720021412731-0.11950665635087053*I,0.04648535759301042-3.1032444922067506*^-17*I,0.03299073451255815-0.05714162835476687*I,0.07449219381993172+0.12902426446338983*I,-0.17301698119760484+7.68586938009745*^-17*I,0.06799793638977035-0.117775880636919*I,0.028358982086377618+0.04911919782454161*I,0.037467961212094086-1.8771079053439262*^-17*I,-0.060951728434319445+0.10557149045738196*I,-0.09053421365123526-0.15680985786723525*I,0.20985108690791762-4.666826862963335*^-17*I,-0.10563981991181645+0.18297353538969255*I,-0.09643368197615643-0.16702803674364158*I,0.16323496809613425-1.8184357373983398*^-16*I,-0.06492166988397209+0.11244763075125423*I,-0.048978642628898575-0.08483349751901098*I,0.0705519340534135-9.408113408523047*^-17*I,-0.024375574043964905+0.042219732707804505*I,-0.016222581693074625-0.028098335722341893*I,0.020862477518580516-3.023166660165097*^-17*I,-0.0064972365261727425+0.011253543772123542*I,-0.003928687972370273-0.006804687175230046*I,0.0046209922020308-6.1697142248674924*^-18*I,-0.0013237530251519558+0.0022928074962361962*I,-0.000739897239601903-0.0012815396113704544*I,0.0008079353026085763-1.3517263996183285*^-18*I,-0.00021568600688110618+0.00037357912239972785*I,-0.00011272957330136165-0.0001952533484735176*I,0.00011545769593297901-1.0257869068405292*^-19*I,-0.000028990116707402137+0.00005021235505457198*I,-0.000014287002995686368-0.000024745815076417494*I,0.000013829344270980987-1.2347545158764323*^-20*I,-3.288690165055755*^-6+5.696178456228657*^-6*I,-1.5379990695507133*^-6-2.663892530455488*^-6*I,1.4152830733668766*^-6-1.418085724108676*^-21*I,-3.204945254087433*^-7+5.551128015556193*^-7*I,-1.4295163743090154*^-7-2.475994990554861*^-7*I,1.2564544459834408*^-7-5.612597300182186*^-23*I,-2.7213808997745364*^-8+4.7135699851570085*^-8*I,-1.162470225770971*^-8-2.0134574933213833*^-8*I,9.79691406403751*^-9-4.357423390259174*^-24*I,-2.0369374321795334*^-9+3.5280791243738394*^-9*I,-8.361508722353646*^-10-1.4482557935046823*^-9*I,6.778758839924579*^-10-4.166180806521852*^-25*I,-1.3571169820238277*^-10+2.35059556467982*^-10*I,-5.3691113321644044*^-11-9.29957361880252*^-11*I,4.198807942394953*^-11-9.354934798561449*^-26*I,-8.115456760337684*^-12+1.4056383435533261*^-11*I,-3.1021510951612772*^-12-5.373083309574737*^-12*I,2.345744928405815*^-12-5.639136182580559*^-27*I,-4.387092826839839*^-13+7.598667673607613*^-13*I
2.815230514891733*^-6+6.2607221081946855*^-22*I,0.000013213495567418951-0.000022886445668355763*I,-0.00008300382211379736-0.00014376683712350626*I,-0.0008020499924574983-4.018191363017219*^-19*I,-0.0015716126035996666+0.0027221128792502256*I,0.005123223975257228+0.008873684223700523*I,0.028096814499233996+1.2481344012776596*^-17*I,0.03245622321577482-0.05621582763151841*I,-0.06269623866707394-0.1085930708148367*I,-0.19844686943293996-1.324780934149552*^-16*I,-0.12298365673646988+0.2130139419681759*I,0.10630771421632874+0.1841303622591939*I,0.0726984323854389+4.847174678345775*^-17*I,-0.055515877351312984+0.09615632019923627*I,0.09775239884474801+0.169312121360841*I,0.08610222688963341+9.574031550902215*^-18*I,-0.05769130166229358+0.09992426563387528*I,0.08425850932421776+0.14594001911956123*I,-0.007271296588552304-1.6150505984072404*^-18*I,-0.08388213278588325+0.14528811583238874*I,0.03108523113895159+0.05384119969768636*I,-0.14405854922075856-4.802558522031834*^-17*I,-0.046532484452119674+0.08059662727348005*I,-0.0640854591452905-0.11099927126602271*I,-0.09787261561615195-1.0869397534093655*^-17*I,0.06414362461718087-0.111100016818583*I,-0.04125430951015196-0.07145456010275515*I,0.1406884719841455+7.812189961578544*^-18*I,0.022844654995588843-0.03956810313374203*I,0.0764418629266775+0.1324011904142212*I,-0.014328524561801802+0.*I,-0.07195677620142044+0.12463279232972323*I,-0.04414980070286263-0.07646969796139819*I,-0.09078657671836529+5.041223159813832*^-18*I,0.07237960980972734-0.1253651616224585*I,0.005508315469882588+0.009540682257954273*I,0.13446462742407053-1.4933181059328042*^-17*I,-0.059602970834713+0.1032353737677689*I,0.01511779650320287+0.02618479164203446*I,-0.14523907919990317+4.841914494603561*^-17*I,0.0550171131533681-0.0952924352673996*I,-0.015977840437399287-0.027674431432804073*I,0.14266733189799793-3.16882906575127*^-17*I,-0.06342769379879369+0.10985998826643216*I,-0.0029104483135577665-0.005041044351885205*I,-0.11843014235960538+1.3168694475023122*^-17*I,0.07685414559057037-0.13311528493516367*I,0.04085209476441095+0.07075790372757819*I,0.04281632029511583-2.854782101133676*^-17*I,-0.06998742779461928+0.121221780831339*I,-0.07838311944736986-0.13576354533858453*I,0.09096167861890901-6.07237080216531*^-17*I,0.009167107427077131-0.015877895822139627*I,0.059217215455956936+0.1025672258524702*I,-0.16956707001871843+7.532615251454578*^-17*I,0.0790242033915012-0.136873935301737*I,0.04736357895783483+0.08203612518327001*I,-0.004430884954673626+2.2198296643380335*^-18*I,-0.0431032241078797+0.07465697412487537*I,-0.07869639176580101-0.13630614891071233*I,0.19958333940783232-4.4384849441218625*^-17*I,-0.10627656452688547+0.18407640941443798*I,-0.10108722928235493-0.1750882171134027*I,0.17682060493414353-1.9697795813656576*^-16*I,-0.07229346414608005+0.12521595295617*I,-0.055867284457752124-0.0967649751617295*I,0.08221937523009384-1.0963968839706216*^-16*I,-0.028965126898240892+0.0501690714354333*I,-0.01962534933977942-0.03399210217278617*I,0.02566191589648345-3.7186498346188785*^-17*I,-0.00811745387655675+0.014059842542293272*I,-0.004981030363903745-0.008627397664324554*I,0.0059409289899717745-7.932026823643667*^-18*I,-0.0017245808620210074+0.002987061674781326*I,-0.0009762254040560573-0.0016908719994645411*I,0.0010790220988262473-1.8052716003940253*^-18*I,-0.00029143870245744777+0.0005047866399482502*I,-0.0001540461249688665-0.00026681571515518035*I,0.000159498407818381-1.4170677587138028*^-19*I,-0.000040471677240312386+0.00007009900124775019*I,-0.000020149754411910898-0.000034900398401464753*I,0.000019698265524165087-1.7587617919045817*^-20*I,-4.7296280935352085*^-6+8.191956158908126*^-6*I,-2.2326772405880143*^-6-3.867110417601113*^-6*I,2.0733596685435437*^-6-2.0774654924047995*^-21*I,-4.737133781834418*^-7+8.204956392388133*^-7*I,-2.1313562472282004*^-7-3.6916173092285715*^-7*I,1.889291906308807*^-7-8.439489936545315*^-23*I,-4.1261539001665476*^-8+7.146708194936949*^-8*I,-1.776906064325749*^-8-3.077691583689446*^-8*I,1.5094726526406677*^-8-6.713758435135565*^-24*I,-3.1629869963733*^-9+5.478454181398238*^-9*I,-1.3083439957121593*^-9-2.2661182743511346*^-9*I,1.0686659637557244*^-9-6.567951054048433*^-25*I,-2.1552782639539314*^-10+3.7330514576170736*^-10*I,-8.588655162729926*^-11-1.48759871105369*^-10*I,6.764416453743457*^-11-1.5071104881018139*^-25*I,-1.3165762833928013*^-11+2.280377014876544*^-11*I,-5.0672697927511755*^-12-8.776768736704002*^-12*I,3.857635271489294*^-12-9.273698250490623*^-27*I
6.369887518977807*^-7+1.1032968821368428*^-6*I,0.000012464648254811653+2.7719825601126934*^-21*I,0.000040917987378803015-0.00007087203308354885*I,-0.00020729730422448613-0.0003590494631888727*I,-0.0017105099485171431-8.569486149394647*^-19*I,-0.0029495896104667946+0.005108839066805777*I,0.008611249961656487+0.014915122450264594*I,0.04272621029740587+1.898010641379646*^-17*I,0.04485973435599107-0.0776993391186195*I,-0.0786833552224861-0.13628356895533614*I,-0.22401794457186322-1.4954869417905476*^-16*I,-0.12136679913944681+0.21021346246152825*I,0.08259070545152565+0.1430512980749985*I,-0.0031674796209576906-2.111919956056381*^-18*I,-0.08154379951768796+0.1412380038068459*I,0.08747932355983751+0.15151863301739588*I,0.009643525604146566+1.0723000058335153*^-18*I,-0.08085177402864747+0.1400393804996952*I,0.06255980678759436+0.10835676386780581*I,-0.08161099949816383-1.8126876269032058*^-17*I,-0.08144276373009895+0.14106300468935903*I,-0.007010587786991572-0.01214269423799127*I,-0.16347304421596465-5.449790143442163*^-17*I,-0.011080449442234115+0.019191901404647698*I,-0.07853285509852358-0.13602289509408738*I,-0.02983831808836525-3.3137414281759114*^-18*I,0.07741226397882003-0.1340819743402503*I,-0.006667945475628616-0.01154922034588779*I,0.1543835846146259+8.572656117089733*^-18*I,-0.012496824715062506+0.02164513533977071*I,0.07195677620142044+0.12463279232972323*I,-0.07945378776234452+0.*I,-0.05312902898787591+0.09202217756380075*I,-0.06609357422036598-0.11447742860349838*I,-0.029570093600174988+1.6419766675144338*^-18*I,0.07441494683924278-0.12889046876810556*I,0.03636060449262934+0.06297841437515117*I,0.09295780433558402-1.0323575423616364*^-17*I,-0.07283137405183256+0.12614764024282754*I,-0.01590590628616884-0.0275498378280736*I,-0.11518667080038265+3.8400409449433734*^-17*I,0.0705020683327203-0.12211316439096445*I,0.013682842181147651+0.023699377849694267*I,0.11062062944178386-2.4570296590213627*^-17*I,-0.0742485817787492+0.12860231603072644*I,-0.030303214731459697-0.052486707547557854*I,-0.07470710016442533+8.306964406012768*^-18*I,0.07614460876879307-0.13188633111000442*I,0.06052182281170441+0.10482687207655297*I,-0.009512616030235517+6.342545503886152*^-18*I,-0.05341337464594826+0.09251467869049382*I,-0.07995573545665384-0.13848739616746059*I,0.12610601318933515-8.418517381111812*^-17*I,-0.014811174846886552+0.02565370735459374*I,0.039789173847656685+0.06891687069533209*I,-0.15433968389830066+6.856174708383422*^-17*I,0.08477846696529968-0.14684061217169883*I,0.06322199819666416+0.10950371303265014*I,-0.04507175362193516+2.2580504061197535*^-17*I,-0.02385159613388944+0.04131217634550994*I,-0.06432496524715638-0.1114141080031771*I,0.1837812136101441-4.0870653434364634*^-17*I,-0.10455271056398768+0.18109060676587008*I,-0.10409886050158593-0.18030451539877135*I,0.1886333589419627-2.1013735302324417*^-16*I,-0.07940104150429757+0.1375266380593289*I,-0.0629137078163728-0.10896973843050059*I,0.09465819352464183-1.2622687551719422*^-16*I,-0.0340181173652171+0.05892110765439732*I,-0.023472928259541084-0.04065630434794432*I,0.031215005836863503-4.5233441166715986*^-17*I,-0.010030734022610406+0.017373740964371023*I,-0.0062468722605700045-0.01081990014369986*I,0.007555792243987125-1.0088110269345165*^-17*I,-0.002222745778200844+0.0038499086201530964*I,-0.0012743027081500167-0.0022071570347384347*I,0.001425722810563272-2.385323621030196*^-18*I,-0.00038960561512765666+0.0006748167203152296*I,-0.00020826380850408267-0.00036072349770686495*I,0.00021798863789614326-1.9367257313333727*^-19*I,-0.000055896889633768076+0.00009681625283075662*I,-0.000028113992159141696-0.00004869486282322636*I,0.000027756562791077402-2.4782477447905376*^-20*I,-6.7286517276190536*^-6+0.000011654366658672329*I,-3.206102667531353*^-6-5.5531327144463975*^-6*I,3.0044934261010335*^-6-3.010443151557272*^-21*I,-6.925624052799207*^-7+1.1995532733569333*^-6*I,-3.1430665388974426*^-7-5.443950936940026*^-7*I,2.809725900446097*^-7-1.2551079789249726*^-22*I,-6.187222328121049*^-8+1.0716583430030263*^-7*I,-2.68610332085289*^-8-4.6524674260966864*^-8*I,2.299948232527369*^-8-1.0229596951950596*^-23*I,-4.856855036385337*^-9+8.4123196880162*^-9*I,-2.0243163349194043*^-9-3.5062187426720197*^-9*I,1.6658428582599479*^-9-1.0238161154057686*^-24*I,-3.3843154873542754*^-10+5.861806372939862*^-10*I,-1.3583465841024837*^-10-2.3527252979531204*^-10*I,1.0774042468029276*^-10-2.4004542762643296*^-25*I,-2.1115655898230683*^-11+3.6573388850877166*^-11*I,-8.182616760226816*^-12-1.4172707967577404*^-11*I
-2.8371703932818864*^-7+4.914123270894388*^-7*I,2.8885039394354672*^-6+5.003035580965087*^-6*I,0.00003956619418686072+8.799028902694649*^-21*I,0.0001048594750741731-0.00018162193848346997*I,-0.0004542242502439109-0.0007867394794523342*I,-0.003303653679954475-1.6550979126025698*^-18*I,-0.005112690906293403+0.008855440413095533*I,0.013542745845764823+0.02345672387885704*I,0.06132447331607407+2.724194402469101*^-17*I,0.05883631102420038-0.10190748002383972*I,-0.093874524508153-0.16259544598449108*I,-0.23945656398841197-1.5985512466650892*^-16*I,-0.11110787424083936+0.19244448330610678*I,0.05193604903850358+0.08995587567907708*I,-0.07473488331921133-4.982955232010813*^-17*I,-0.09479282263220902+0.16418598499185075*I,0.06400485308065491+0.11085965746667584*I,-0.06499446454964367-7.226979797280983*^-18*I,-0.08850318936587485+0.1532920206135848*I,0.030030654948957125+0.05201462015616352*I,-0.13706894922038843-3.044481623950851*^-17*I,-0.06285363863206475+0.10886569555131004*I,-0.04221860787416878-0.07312477386288785*I,-0.14846155876650524-4.949344055628379*^-17*I,0.02538286026123028-0.04396440361387184*I,-0.0760589391010627-0.13173794689282772*I,0.04206349498367026+4.671427710116432*^-18*I,0.07407763142778248-0.12830622133728023*I,0.028144205000129263+0.048747192998857936*I,0.1358365342521053+7.542770166837152*^-18*I,-0.04414980070286263+0.07646969796139819*I,0.05312902898787591+0.09202217756380075*I,-0.12678150198622362+0.*I,-0.024514472650493987+0.042460312151413264*I,-0.07471300897264725-0.12940672752697444*I,0.035364216048570006-1.9637143663403155*^-18*I,0.06273382866572297-0.1086581786023531*I,0.05980008548839498+0.1035767863628624*I,0.03641971643166179-4.044648990757797*^-18*I,-0.07331911307472785+0.12699242901131622*I,-0.043435618801437786-0.07523269862228417*I,-0.06757871799759631+2.2529086248813554*^-17*I,0.07467587997426094-0.12934241821533532*I,0.04049659176988768+0.07014215447882105*I,0.06357302492586157-1.4120404895973747*^-17*I,-0.07455082795353395+0.129125821761847*I,-0.05296968122021847-0.09174617913414537*I,-0.022708870937670236+2.525085061055462*^-18*I,0.06630108548837467-0.11483684866283267*I,0.07277345842522322+0.12604732743498784*I,-0.059471781381956836+3.965286503873442*^-17*I,-0.03181851322710431+0.05511128153064711*I,-0.07383993204931547-0.1278945139368477*I,0.14909870964266472-9.95345144044462*^-17*I,-0.03696251904486554+0.06402096096143949*I,0.017792326897034052+0.030817214170537222*I,-0.1286509534265673+5.715013733433958*^-17*I,0.08498898949825714-0.14720524789491926*I,0.07507766082465601+0.13003832306172755*I,-0.0824477410215289+4.1305505141631614*^-17*I,-0.00400957643246049+0.006944790097852334*I,-0.0478831572061993-0.08293606110794495*I,0.1626763299939974-3.6177190119458536*^-17*I,-0.1003341581261962+0.17378385960922166*I,-0.10520903827656156-0.1822273997104629*I,0.1981128917658456-2.206975420941529*^-16*I,-0.08600907666820344+0.14897209070141568*I,-0.06995430576013133-0.12116441178475532*I,0.1076832640361675-1.4359583104911047*^-16*I,-0.03949787425476734+0.06841232500022396*I,-0.027765292171014876-0.048090896727191995*I,0.03756076681522522-5.442903790544173*^-17*I,-0.012263722071100444+0.02124138971704986*I,-0.007752467316815745-0.013427667276741996*I,0.009509984850679977-1.2697249042257426*^-17*I,-0.0028352916894993354+0.0049108692604906655*I,-0.0016463213774805553-0.0028515122713830914*I,0.0018645309152099552-3.119477082950115*^-18*I,-0.0005155101359636547+0.0008928897473057935*I,-0.00027868298050126616-0.0004826930814329177*I,0.00029487695586065177-2.619841994997316*^-19*I,-0.00007640933546204912+0.00013234485119284375*I,-0.000038822910612954584-0.0000672432536793422*I,0.0000387083564371079-3.45607983837423*^-20*I,-9.473652325152114*^-6+0.00001640884716040653*I,-4.5562020648879975*^-6-7.891573465936223*^-6*I,4.308505753026988*^-6-4.317037782464775*^-21*I,-1.0019474013133865*^-6+1.735423805586393*^-6*I,-4.586455281665034*^-7-7.943973574486456*^-7*I,4.134640250048104*^-7-1.8469488311994425*^-22*I,-9.179887384340696*^-8+1.5900031357438668*^-7*I,-4.0174868391802076*^-8-6.958491324199408*^-8*I,3.467099887685254*^-8-1.542079684297907*^-23*I,-7.378196289252672*^-9+1.2779410841201794*^-8*I,-3.098517252925774*^-9-5.366789310196179*^-9*I,2.5687801828026727*^-9-1.5787554840769734*^-24*I,-5.256794008004138*^-10+9.105034306786849*^-10*I,-2.1250075018538772*^-10-3.680620959675911*^-10*I,1.697357677959057*^-10-3.7817091481654257*^-25*I,-3.349588555337294*^-11+5.801657562295458*^-11*I
-2.4887833333913805*^-7-2.7725018780381234*^-22*I,-1.316295515193248*^-6+2.279890710089751*^-6*I,9.388027786520017*^-6+0.000016260541109121063*I,0.00010391303341414033+2.3108964689895057*^-20*I,0.00023573153741316246-0.0004082989997459208*I,-0.0009013028855966436-0.0015611023908618268*I,-0.005893566596848038-2.9526187419142066*^-18*I,-0.008294622562941778+0.014366707708622322*I,0.02011653848244372+0.034842866724007084*I,0.0836372359042734+3.7153860044434814*^-17*I,0.0735619786306131-0.12741308449351765*I,-0.10671167497547439-0.18483004281829832*I,-0.24186225236873615-1.6146110117239454*^-16*I,-0.0925157142880056+0.16024191764535137*I,0.017438496585688038+0.03020436209402812*I,-0.13353909557196667-8.903731502679296*^-17*I,-0.09407797501534902+0.1629478325997797*I,0.03168549316176597+0.054880884019054964*I,-0.1256371357803478-1.3970067272102777*^-17*I,-0.08032659932919066+0.1391297512373863*I,-0.00668059832820972-0.011571135729418943*I,-0.16447879398320522-3.653290323297972*^-17*I,-0.0328025696885127+0.05681571731932275*I,-0.0678039310732222-0.11743985357171911*I,-0.10434244145400204-3.478520949469038*^-17*I,0.05545262886146572-0.09604677060131887*I,-0.05828725436943434-0.10095648600155131*I,0.10302921706908892+1.1442072033124896*^-17*I,0.05589116948423421-0.09680634524113682*I,0.05617257634652716+0.09729375622422681*I,0.09078657671836529+5.041223159813832*^-18*I,-0.06609357422036598+0.11447742860349838*I,0.024514472650493987+0.042460312151413264*I,-0.14828574829582+0.*I,0.00788622366227402-0.013659340062910506*I,-0.0691883107756094-0.11983766955322069*I,0.09196721967479961-5.106782241680213*^-18*I,0.04019865851185468-0.06962611893864346*I,0.0721575786466099+0.12498059236707541*I,-0.02472357137566436+2.7457151732673836*^-18*I,-0.06167069069464338+0.10681676962098752*I,-0.06323523226384481-0.10952663510939784*I,-0.010732934392480221+3.57809694820853*^-18*I,0.06748085061102857-0.1168802617962669*I,0.06070309851752618+0.10514085080921425*I,0.008840853989132882-1.963669938599341*^-18*I,-0.06478592676868707+0.11221251677880263*I,-0.06819497041030531-0.11811715357130498*I,0.030771791470418197-3.4216316239207298*^-18*I,0.04887209999753422-0.08464896026831618*I,0.0765356818350727+0.13256368953027214*I,-0.10184452101912315+6.79049282376307*^-17*I,-0.007555098202109399+0.013085813942225778*I,-0.06088009908219833-0.10544742478019471*I,0.15830396098950117-1.0567970657260203*^-16*I,-0.05552217623621943+0.09616723018792557*I,-0.005035681124960143-0.00872205555914655*I,-0.09452761327945285+4.1991652116994476*^-17*I,0.07974366396912036-0.13812007757621625*I,0.0823066135482982+0.14255923646458923*I,-0.11468973644202583+5.745842687262293*^-17*I,0.015550320279302261-0.02693394479772019*I,-0.02995773939498731-0.051888326712025715*I,0.13675590968134949-3.041281140706971*^-17*I,-0.09358247247220569+0.16208959701977618*I,-0.10421010230343176-0.18049719185149388*I,0.2047262469278595-2.2806481242291687*^-16*I,-0.09187104345401884+0.1591253150067292*I,-0.07680298002414634-0.13302666357451864*I,0.12106196410867394-1.614363522523228*^-16*I,-0.04534826880079495+0.07854550559826765*I,-0.03248911879375763-0.05627280444392892*I,0.04472311698437282-6.480794818611684*^-17*I,-0.01483982485683767+0.025703330627466464*I,-0.009523553218249-0.016495278042593306*I,0.011849706273344496-1.5821126320668873*^-17*I,-0.003580682820485845+0.006201924570870533*I,-0.0021059029444907558-0.003647530895666876*I,0.0024143439669314917-4.039348778699963*^-18*I,-0.0006753846534490368+0.0011698005344260352*I,-0.000369241841947762-0.0006395456305338385*I,0.0003949566640337619-3.509002769035193*^-19*I,-0.00010341926048364325+0.00017912741363887075*I,-0.000053081341712844045-0.00009193958078057087*I,0.00005344682645192461-4.772005745728434*^-20*I,-0.000013206058465267264+0.00002287356422956802*I,-6.410350689167331*^-6-0.000011103053087971958*I,6.1167558751461815*^-6-6.1288687384408035*^-21*I,-1.435009914617176*^-6+2.4855100814820314*^-6*I,-6.625351760349542*^-7-1.1475445866941295*^-6*I,6.02286827360451*^-7-2.690422587133822*^-22*I,-1.3481993008185485*^-7+2.335149687746565*^-7*I,-5.9476342129322885*^-8-1.0301604641633645*^-7*I,5.17315362738354*^-8-2.3008898996175605*^-23*I,-1.1093498328514514*^-8+1.921450273866757*^-8*I,-4.693914026331287*^-9-8.130097579965975*^-9*I,3.920196994829788*^-9-2.4093274098280543*^-24*I,-8.080560185522042*^-10+1.399594079494244*^-9*I,-3.2897516336084045*^-10-5.698016973692441*^-10*I,2.646081766904937*^-10-5.895464317650738*^-25*I
-5.3770773069660184*^-8-9.313371091890803*^-8*I,-1.1802377532692042*^-6-1.3147835504874713*^-21*I,-4.37586131812239*^-6+7.579214129863278*^-6*I,0.000025239324999333526+0.00004371579324758901*I,0.00023936337894441126+5.323143488685472*^-20*I,0.0004798563068849477-0.0008311355038570923*I,-0.0016519424323880687-0.0028612482240750513*I,-0.009842456295340217-4.9309735364041235*^-18*I,-0.012715937687766422+0.022024650141091333*I,0.028419903189764534+0.049224716270861016*I,0.10893164181888201+4.8390300453992567*^-17*I,0.08795243009115702-0.15233807756703346*I,-0.1156511132738612-0.20031360414223134*I,-0.22950777028366617-1.5321356249145625*^-16*I,-0.06690157110671706+0.11587692026301576*I,-0.017268604328780083-0.029910100073250994*I,-0.17291017087214366-1.1528801576301497*^-16*I,-0.08021463079494694+0.13893581604722702*I,-0.004089628027629111-0.007083443527911326*I,-0.16333844643360845-1.816221828542508*^-17*I,-0.058720970118330044+0.10170770371468145*I,-0.04078636330234728-0.07064405349562826*I,-0.16065498890654412-3.568358583792573*^-17*I,0.0023190080926630196-0.004016639839655742*I,-0.07951013644387865-0.13771559603753175*I,-0.04155020063544326-1.3851817280770324*^-17*I,0.07367812516734405-0.12761425619625902*I,-0.029681969009776456-0.05141067839361771*I,0.14179918685699075+1.574773211338907*^-17*I,0.02734574069522689-0.047364212254736825*I,0.07237960980972734+0.1253651616224585*I,0.029570093600174988+1.6419766675144338*^-18*I,-0.07471300897264725+0.12940672752697444*I,-0.00788622366227402-0.013659340062910506*I,-0.14147039659796246+0.*I,0.037897964880275144-0.06564120067609751*I,-0.05132444152985607-0.08889654039980881*I,0.13067891372476406-7.256376329864729*^-18*I,0.011317907682762437-0.019603191141918688*I,0.07193977904078612+0.12460335238392016*I,-0.08011289296337189+8.897063552897204*^-18*I,-0.04039798156193332+0.06997135658849922*I,-0.0726009079978413-0.1257484613278947*I,0.04624744573283193-1.5417763529331152*^-17*I,0.05053563173315069-0.08753028175440711*I,0.07174581505936715+0.1242673969132641*I,-0.04570530449934412+1.015174920773621*^-17*I,-0.046703705227543246+0.08089319035582512*I,-0.07437937801029174-0.12882886174919655*I,0.0791769781893616-8.803987012574141*^-18*I,0.026194683822061422-0.04537052326801295*I,0.07173292576630634+0.12424507200280906*I,-0.13247968617825234+8.833095283730479*^-17*I,0.0168738330614228-0.029226336180819823*I,-0.04252231299787615-0.07365080656766784*I,0.1533588623655301-1.0237848423876224*^-16*I,-0.06907999124582363+0.11965005462418003*I,-0.026943051250608325-0.046666733676985706*I,-0.054546722950317206+2.4231089041467196*^-17*I,0.06948168672682827-0.12034581160645075*I,0.0845589449335758+0.146460388859372*I,-0.1401820578894019+7.02298285092277*^-17*I,0.03394374615245778-0.05879229293527751*I,-0.011232859263732454-0.01945588295905533*I,0.10675267124582075-2.3740464784044592*^-17*I,-0.08436358854327808+0.14612202166579338*I,-0.10096027420235264-0.17486832446455972*I,0.20799402263965683-2.3170511094806804*^-16*I,-0.09673833200942951+0.167555706079799*I,-0.08325581322683637-0.14420329853434516*I,0.13451656501743994-1.7937808736057013*^-16*I,-0.05149284088135335+0.08918821663256404*I,-0.03761607351288234-0.0651529505055579*I,0.05270737058542296-7.637787283744379*^-17*I,-0.017777820974098597+0.030792089175002493*I,-0.011584426185624727-0.020064814730033298*I,0.014621916240432293-1.95224403503148*^-17*I,-0.004478577039421419+0.007757122977889325*I,-0.002668048315032973-0.004621195238685625*I,0.0030965413030570113-5.1807076796080465*^-18*I,-0.000876441558990636+0.0015180413100366631*I,-0.0004845887272692369-0.0008393322964054528*I,0.0005239861293901597-4.655368414821654*^-19*I,-0.00013864828237269739+0.00024014586945166882*I,-0.0000718864923745306-0.00012451105717059942*I,0.00007309404763023854-6.526210037630506*^-20*I,-0.000018233135900907223+0.00003158071776167951*I,-8.932664007135865*^-6-0.00001547182790730108*I,8.600483155079419*^-6-8.617514483262463*^-21*I,-2.0354385357570807*^-6+3.5254829596148736*^-6*I,-9.478048997351752*^-7-1.6416462420040472*^-6*I,8.688238684194485*^-7-3.8810467930718013*^-22*I,-1.960729208349746*^-7+3.396082608746066*^-7*I,-8.718955930629236*^-8-1.5101674660803806*^-7*I,7.642900925620863*^-8-3.3993719905111474*^-23*I,-1.6515200810220813*^-8+2.8605166900505165*^-8*I,-7.040385036891645*^-9-1.2194304588743999*^-8*I,5.923138313569033*^-9-3.640322032261598*^-24*I,-1.2297248221876435*^-9+2.1299458713576127*^-9*I,-5.041904798244787*^-10-8.732835277485237*^-10*I
2.2900285834095447*^-8-3.9664458572503035*^-8*I,-2.6041301586410566*^-7-4.510485744288724*^-7*I,-4.009377735475929*^-6-4.466442358493234*^-21*I,-0.000012030227335916151+0.000020836964972410702*I,0.000059503352901296946+0.00010306283044574734*I,0.0004992002042760383+1.1101590931165684*^-19*I,0.0009022205804036404-0.0015626918848933857*I,-0.0028346593604014238-0.004909774034365966*I,-0.015536705209373072-7.783736084924375*^-18*I,-0.018551831275162925+0.03213271434202746*I,0.0383873750794087+0.0664888840067393*I,0.1359840102631131+6.040767405775237*^-17*I,0.10075400255246399-0.1745110514867916*I,-0.11935571639904807-0.2067301649769335*I,-0.20213850915169712-1.349425383966944*^-16*I,-0.0364428809616406+0.06312092139974597*I,-0.048495824773389345-0.08399723246246792*I,-0.18883141480826313-1.2590351982859945*^-16*I,-0.05578317259758441+0.09661928914640001*I,-0.03779507009257096-0.06546298167595993*I,-0.17348928278660888-1.929092808797459*^-17*I,-0.02811467640028658+0.04869604796365402*I,-0.06654690160509974-0.1152626146663197*I,-0.12825864794295572-2.848793245998182*^-17*I,0.035782673256613315-0.06197740811109031*I,-0.07604618012824986-0.1317158477036636*I,0.026945376714058188+8.982927376920368*^-18*I,0.07735341064603916-0.13398003737767902*I,0.0036468716004639783+0.006316566900683638*I,0.15236638834208077+1.6921289323863307*^-17*I,-0.005508315469882588+0.009540682257954273*I,0.07441494683924278+0.12889046876810556*I,-0.035364216048570006-1.9637143663403155*^-18*I,-0.0691883107756094+0.11983766955322069*I,-0.037897964880275144-0.06564120067609751*I,-0.10918987769359473+0.*I,0.06029397597712709-0.10443222978272146*I,-0.02494324279260651-0.043202963822320674*I,0.14580461549520402-8.096280650854*^-18*I,-0.0186910804550632+0.03237390099652708*I,0.059847329545475385+0.10365861547008133*I,-0.12111819930789874+1.3450972456425075*^-17*I,-0.013333971636292335+0.023095116340740643*I,-0.0706234314937146-0.12232337155197358*I,0.09489869869838806-3.1636897402407077*^-17*I,0.02674639349334136-0.0463261124496969*I,0.07251840027822046+0.12560555376549473*I,-0.0927451135376632+2.0599909423880733*^-17*I,-0.023016551609164385+0.03986583680210394*I,-0.07114663477070146-0.1232295862104014*I,0.11694655243040245-1.3003728511843143*^-17*I,0.0010700345314147792-0.0018533541742635558*I,0.059224473588403506+0.10257979730663579*I,-0.1486519223338108+9.911380619648561*^-17*I,0.03906900217248805-0.06766949676376825*I,-0.020647749436324435-0.03576295108566551*I,0.13514474893105977-9.021920438749832*^-17*I,-0.07668207043748673+0.13281724202730266*I,-0.04629918276637051-0.08019253690027094*I,-0.011638043776849138+5.1699251535638714*^-18*I,0.054960307324001555-0.09519404468477066*I,0.08178157412020622+0.141649841499157*I,-0.15766292882731023+7.898757245053744*^-17*I,0.050324245650952254-0.08716415032002646*I,0.00754270188153994+0.013064342885172536*I,0.07362061769330022-1.6372308639497657*^-17*I,-0.0728514950661685+0.12618249086195732*I,-0.09539532833400091-0.16522955547920404*I,0.20751616082624058-2.3117277341696853*^-16*I,-0.10037035319359437+0.17384655130493906*I,-0.08909705628377863-0.15432062828832807*I,0.14772886734722226-1.9699671686719402*^-16*I,-0.05783465439943326+0.1001725598580056*I,-0.04310144363102381-0.074653890248499*I,0.06149689881677741-8.911471518224438*^-17*I,-0.021090405947946686+0.03652965465409662*I,-0.013956897878524475-0.024174056241654588*I,0.017873069041429143-2.386321454047959*^-17*I,-0.00554951147385992+0.009612035829911854*I,-0.003349031228981454-0.0058006922447306946*I,0.003934999863704429-6.583501403008677*^-18*I,-0.0011269308098060733+0.0019519014191988658*I,-0.0006301511239138796-0.0010914537630654663*I,0.0006888124073177172-6.119771774295348*^-19*I,-0.00018417745601590407+0.00031900471142832875*I,-0.00009646209627970789-0.0001670772517610545*I,0.00009904641928371539-8.843370379359488*^-20*I,-0.00002494232467813259+0.000043201373601404786*I,-0.000012332660103731079-0.000021360793892139835*I,0.000011980887061478341-1.2004612521523863*^-20*I,-2.860304977919765*^-6+4.95419354689922*^-6*I,-1.3432789821028314*^-6-2.3266274457415056*^-6*I,1.2416029062850004*^-6-5.546255291618739*^-22*I,-2.824805470051957*^-7+4.892706595628479*^-7*I,-1.2661247947174845*^-7-2.1929924731733958*^-7*I,1.1185024978793375*^-7-4.974820555192407*^-23*I,-2.435336097095454*^-8+4.218125853675823*^-8*I,-1.0459262634836442*^-8-1.811597429324342*^-8*I,8.863857910006502*^-9-5.447669045092753*^-24*I,-1.85346685710559*^-9+3.210298766651902*^-9*I
1.9233055871648838*^-8+2.5647315450762984*^-23*I,1.1317207607068532*^-7-1.9601978575247637*^-7*I,-9.032098873723436*^-7-1.5644054148274669*^-6*I,-0.000011261125845777708-1.2544881724877946*^-20*I,-0.00002899734709900762+0.00005022487846019107*I,0.0001269902800841197+0.0002199536171730976*I,0.0009615374659588392+2.138339592137275*^-19*I,0.0015882017357059838-0.0027508460989118405*I,-0.004598439246105911-0.007964730409774167*I,-0.023349311288851607-1.169777468182393*^-17*I,-0.025897702297272483+0.04485613617816913*I,0.04977133506470454+0.08620648109260276*I,0.16312975747620773+7.246652896672231*^-17*I,0.110666723228568-0.19168038733904225*I,-0.11687342652466443-0.20243071279538724*I,-0.16108679930919284-1.0753745880587376*^-16*I,-0.003930379182785916+0.00680761643759624*I,-0.072973600962967-0.1263939844791162*I,-0.1803740823796053-1.2026458563849252*^-16*I,-0.024654233567852644+0.04270238516119084*I,-0.06459750055004361-0.11188615299463417*I,-0.15611704733780923-1.7359243666969968*^-17*I,0.005966818536776783-0.01033483286524117*I,-0.08012114563759225-0.13877389500493534*I,-0.07467027747787924-1.6585250629680885*^-17*I,0.061753003016275135-0.10695933874414257*I,-0.058969233630328306-0.10213770873112801*I,0.08830148988816633+2.9437549875687133*^-17*I,0.06668786334947233-0.11550676756949639*I,0.03526481244116096+0.061080446867477836*I,0.13446462742407053+1.4933181059328042*^-17*I,-0.03636060449262934+0.06297841437515117*I,0.06273382866572297+0.1086581786023531*I,-0.09196721967479961-5.106782241680213*^-18*I,-0.05132444152985607+0.08889654039980881*I,-0.06029397597712709-0.10443222978272146*I,-0.05855132160337363+0.*I,0.07160008413703162-0.12401498355154518*I,0.004987154951425609+0.00863800576108785*I,0.13606034668777714-7.555198088176927*^-18*I,-0.04483384631885161+0.07765449972298588*I,0.03843770283606918+0.06657605423830613*I,-0.142021289380289+1.5772398059055852*^-17*I,0.015084148004294515-0.026126510732326785*I,-0.05815171335559716-0.10072172207907586*I,0.12856322214644272-4.285982341756774*^-17*I,-0.00021887527495882643+0.00037910309674929563*I,0.06338693423283412+0.10978939062729555*I,-0.12642353549021937+2.8080329850345106*^-17*I,0.0030239966764954553-0.0052377158856095575*I,-0.05929240244790721-0.10269745354259655*I,0.14009291924511716-1.5577460390542268*^-17*I,-0.023584139941187292+0.040848928630950916*I,0.04064837637493363+0.07040505312656739*I,-0.14924815012557677+9.951134162606013*^-17*I,0.05696119838760163-0.09865968966733658*I,0.0026234313222180117+0.004543916340249188*I,0.10565113649200326-7.053001727655641*^-17*I,-0.07788977042240668+0.1349090397614842*I,-0.06171537977200886-0.10689417337352769*I,0.03113436614518004-1.3830704348648906*^-17*I,0.0371997117114024-0.06443179071106402*I,0.07422105870312973+0.12855464466537275*I,-0.1663030814426056+8.331620370051157*^-17*I,0.06393158380818918-0.1107327513641315*I,0.025592971638272406+0.044328327194157066*I,0.03849766155300451-8.56140055046118*^-18*I,-0.05932645885627882+0.10275644097221955*I,-0.08753715818457748-0.1516188055258816*I,0.2029959751473576-2.26137291575041*^-16*I,-0.10254520133550571+0.17761349878547628*I,-0.09410626329129201-0.16299682933097126*I,0.16034709982882103-2.1382315313641298*^-16*I,-0.06425697421668641+0.11129634408394459*I,-0.04888322859585354-0.08466823556602189*I,0.07105011928880807-1.0295821847782748*^-16*I,-0.024782722629137464+0.04292493474355317*I,-0.01665915711007057-0.02885450652591445*I,0.02164762729489577-2.8902813122526456*^-17*I,-0.006814495871278858+0.011803053077023364*I,-0.004166227807841081-0.00721611823908703*I,0.004956034612305165-8.291756532045821*^-18*I,-0.0014361790895837444+0.0024875351519270694*I,-0.0008121983320921454-0.00140676877700629*I,0.0008974948784262039-7.973816624406272*^-19*I,-0.00024249799993396472+0.000420018856619462*I,-0.0001282958083535826-0.0002222148584665242*I,0.00013302583152494948-1.1877225917957238*^-19*I,-0.00003381776442192972+0.00005857408617717754*I,-0.00001687544398316135-0.000029229126379117895*I,0.000016541187288747556-1.657394340072081*^-20*I,-3.983511294762199*^-6+6.899643955052626*^-6*I,-1.8866864458028468*^-6-3.2678367820820717*^-6*I,1.7583530874224013*^-6-7.854584639166494*^-22*I,-4.032899804767226*^-7+6.985187363691449*^-7*I,-1.821929688203405*^-7-3.1556747877864173*^-7*I,1.6219725611546884*^-7-7.214130010875392*^-23*I,-3.558330172732804*^-8+6.163208649278562*^-8*I,-1.5395800879073137*^-8-2.6666309345768217*^-8*I,1.3142391001343212*^-8-8.077227474021009*^-24*I
3.9833281035055355*^-9+6.89932665848859*^-9*I,9.691746118997866*^-8+1.2923961311268037*^-22*I,4.0043674588631855*^-7-6.935767890926494*^-7*I,-2.5894608171621285*^-6-4.485077699533642*^-6*I,-0.00002772501608725288-3.088563722652419*^-20*I,-0.00006326115315335884+0.00010957153140701334*I,0.0002502806971107+0.0004334988835494898*I,0.0017339491214909306+3.856086932128366*^-19*I,0.0026432499186999315-0.004578243156290584*I,-0.007103775587113202-0.012304100242447505*I,-0.0335932593052536-1.682989161091736*^-17*I,-0.03473684251424779+0.06016597612919573*I,0.06213006516847792+0.10761242954936925*I,0.18837504454077156+8.368114949114905*^-17*I,0.11648477823273073-0.20175755420748245*I,-0.10777744492201674-0.1866760105148896*I,-0.109186085426141-7.288985946732499*^-17*I,0.027562750422619842-0.04774008412831804*I,-0.08825504674724786-0.15286222499059993*I,-0.1496802088042387-9.979941714819329*^-17*I,0.008631221483217245-0.01494971414031225*I,-0.08099902825797069-0.14029443230651262*I,-0.11543867910623798-1.2836062386333762*^-17*I,0.037891947999043225-0.0656307791321007*I,-0.07999339477033277-0.13855262401213095*I,-0.010220318729532881-2.2700671990236028*^-18*I,0.07619196627482741-0.13196835671657536*I,-0.03208602425672973-0.05557462422554336*I,0.13206150262336058+4.402606428336555*^-17*I,0.04443252823590552-0.07695939641332705*I,0.059602970834713+0.1032353737677689*I,0.09295780433558402+1.0323575423616364*^-17*I,-0.05980008548839498+0.1035767863628624*I,0.04019865851185468+0.06962611893864346*I,-0.13067891372476406-7.256376329864729*^-18*I,-0.02494324279260651+0.043202963822320674*I,-0.07160008413703162-0.12401498355154518*I,0.0007646039073132141+0.*I,0.07049543838179756-0.12210168097911449*I,0.03329941456979757+0.05767627789718872*I,0.10432694111370726-5.793096410788699*^-18*I,-0.06311666175510862+0.1093212649639876*I,0.011538767414645896+0.019985731418886862*I,-0.14060788145778735+1.5615429815274983*^-17*I,0.0405366767632783-0.07021158372399472*I,-0.03750445718985559-0.06495962536312172*I,0.14316772078014472-4.7728604878486466*^-17*I,-0.02650262366035217+0.045903890713607044*I,0.046013677950536555+0.079698028053441*I,-0.14298212756558215+3.1758210915215886*^-17*I,0.028075238099110007-0.04862773882225202*I,-0.04059744044391481-0.07031682950611204*I,0.14654197225278698-1.6294554932684772*^-17*I,-0.045063748805281176+0.07805270251026838*I,0.018195976277538176+0.031516355406014086*I,-0.13477708246899994+8.986274393117541*^-17*I,0.06898980894550633-0.11949385429808698*I,0.025137405505047377+0.04353926350520358*I,0.0677513911180545-4.5229109167498635*^-17*I,-0.07279351507994433+0.12608206657999507*I,-0.07214196943111396-0.12495355641276996*I,0.07079393331556467-3.144852722550517*^-17*I,0.017410628022989354-0.030156092327500068*I,0.06240654499770645+0.10809130666086081*I,-0.16575738429897263+8.30428148132864*^-17*I,0.07413560731084791-0.1284066385123634*I,0.04215474584919047+0.07301416159095107*I,0.0026568657226604692-5.908538530104967*^-19*I,-0.04416766034173282+0.07650063176332625*I,-0.07749861270738223-0.13423153472528868*I,0.1942610632714668-2.1640660941581736*^-16*I,-0.10307038851130275+0.17852314965744034*I,-0.09806633386722012-0.16985587277003728*I,0.17199498992109696-2.293556360411594*^-16*I,-0.07062482646138629+0.12232578770685631*I,-0.05488178190132366-0.09505803466300634*I,0.0812979844539837-1.17808326418092*^-16*I,-0.028850934250268637+0.04997128396729453*I,-0.01970456612714307-0.03412930967331239*I,0.025986374665523105-3.469568837535673*^-17*I,-0.008294512170533539+0.014366516503362542*I,-0.005137876119644321-0.00889906248221876*I,0.006188250413623897-1.0353330798316412*^-17*I,-0.0018146053136481805+0.0031429885989231196*I,-0.001037894260331785-0.0017976855917787634*I,0.0011594248977477557-1.030094070355385*^-18*I,-0.0003165637337189126+0.0005483044706348629*I,-0.0001691795180176786-0.0002930275208066331*I,0.00017713655414129705-1.5815656611551095*^-19*I,-0.00004545912662842292+0.00007873751698813595*I,-0.000022893557307292264-0.00003965280442221984*I,0.000022640912858402272-2.2685748108969264*^-20*I,-5.4999410365264994*^-6+9.526177313896953*^-6*I,-2.6269950456146174*^-6-4.550088890236232*^-6*I,2.468552827895394*^-6-1.1027055522381739*^-21*I,-5.707495899724601*^-7+9.88567288231406*^-7*I,-2.598793742894837*^-7-4.501242801085943*^-7*I,2.3314202226078462*^-7-1.0369576525945309*^-22*I,-5.1533446809218166*^-8+8.925854816271419*^-8*I,-2.2461770021876858*^-8-3.890492690581816*^-8*I
-1.628106937622249*^-9+2.819963936117099*^-9*I,2.0452733209778852*^-8+3.542517307298837*^-8*I,3.4957566246316664*^-7+4.661597901516239*^-22*I,1.1709041395010445*^-6-2.02806546040852*^-6*I,-6.506159262010379*^-6-0.00001126899840393684*I,-0.00006177042205503088-6.881218178257901*^-20*I,-0.000127434740648768+0.0002207234454530285*I,0.00046177864142749866+0.0007998240688025586*I,0.002956343147106943+6.574539030674758*^-19*I,0.004189903685100425-0.007257126061414002*I,-0.010509451659803602-0.01820290423446892*I,-0.04647010117980424-2.3281062397007694*^-17*I,-0.044914861209307724+0.0777948216294254*I,0.07483702456958137+0.12962152884179545*I,0.20956103483830754+9.309252362262231*^-17*I,0.11723706559349958-0.203060554138226*I,-0.09224907249287509-0.1597800805087645*I,-0.05049831110950797-3.371139084017425*^-17*I,0.05504249861924016-0.0953364041840636*I,-0.09299516123398377-0.1610723441153198*I,-0.10153375290342576-6.769772331012153*^-17*I,0.039523138570266084-0.06845608407828592*I,-0.0852226629962696-0.14760998226585925*I,-0.05883457063009076-6.542037945409893*^-18*I,0.06280919190207804-0.10878871155674281*I,-0.06697188793393556-0.11599871258038552*I,0.05382998925507297+1.1956348541130005*^-17*I,0.07733881381042958-0.13395475491677347*I,-0.0005537156373232293-0.0009590636167892156*I,0.15168932987855405+5.056950023793331*^-17*I,0.01511779650320287-0.02618479164203446*I,0.07283137405183256+0.12614764024282754*I,0.03641971643166179+4.044648990757797*^-18*I,-0.0721575786466099+0.12498059236707541*I,0.011317907682762437+0.019603191141918688*I,-0.14580461549520402-8.096280650854*^-18*I,0.004987154951425609-0.00863800576108785*I,-0.07049543838179756-0.12210168097911449*I,0.05839184892341843+0.*I,0.05780650639470308-0.10012380608368096*I,0.05548527006935337+0.09610330683180075*I,0.0567715028804057-3.1524243504187958*^-18*I,-0.0710717351146961+0.12309985620073075*I,-0.01646090704563306-0.028511127341704953*I,-0.11816470124232646+1.3122967075259154*^-17*I,0.05944180285513697-0.10295622263859*I,-0.012005380716721397-0.02079392936556911*I,0.13755684330911644-4.5858076016414584*^-17*I,-0.04859356248231082+0.08416651914013523*I,0.02303026481151903+0.0398895887653166*I,-0.14106134698671186+3.133158028812836*^-17*I,0.049118361996155095-0.08507549856190093*I,-0.01754262217176831-0.03038471289948698*I,0.136226730235261-1.5147564243842594*^-17*I,-0.0611568011377721+0.10592668679900753*I,-0.005652774378176842-0.009790892426725845*I,-0.10721672038284404+7.148684711378916*^-17*I,0.07422049509516472-0.12855366846774216*I,0.04490181848152848+0.07777223096224244*I,0.02491554335708391-1.6632984384062234*^-17*I,-0.061982935211398284+0.107357592988392*I,-0.07693532633413369-0.1332558941076111*I,0.10465991217519297-4.649268578974257*^-17*I,-0.003089650564638955+0.005351431755588545*I,0.047114393657880935+0.08160452358325057*I,-0.1561863211727755+7.824780657810886*^-17*I,0.08047287961350198-0.13938311612195922*I,0.0565177099203473+0.09789154510948102*I,-0.032551201716276124+7.238981929024458*^-18*I,-0.027840434668872545+0.048221047351289285*I,-0.06548416297421025-0.11342189736245255*I,0.18127985007272293-2.0194555228406305*^-16*I,-0.10179312970831983+0.17631087251625935*I,-0.10077215928038143-0.1745424998620437*I,0.18228279978558848-2.4307444945556997*^-16*I,-0.07678746778678837+0.13299979559127637*I,-0.06100008502603834-0.10565524653111955*I,0.09214213700905549-1.335225101400586*^-16*I,-0.03328090309073254+0.057644215074925016*I,-0.02310042812065339-0.04001111518156438*I,0.03092455820173376-4.1288900368870986*^-17*I,-0.010009922258803268+0.017337693932061936*I,-0.006282761379642559-0.010882061921372407*I,0.007662293197634996-1.2819496763439509*^-17*I,-0.0022737070903652537+0.003938176202042236*I,-0.001315336497977681-0.0022782296435470526*I,0.001485436743547248-1.3197401439182564*^-18*I,-0.00040984400532414355+0.0007098706403989477*I,-0.0002212520836260981-0.0003832198501208792*I,0.00023392764284651055-2.088625517835698*^-19*I,-0.00006060282892248968+0.000104967178776157*I,-0.00003080062268786487-0.0000533482434001405*I,0.00003073266863824039-3.079352779650866*^-20*I,-7.530412275490582*^-6+0.00001304305666309008*I,-3.627238571548079*^-6-6.282561497094825*^-6*I,3.436559414597079*^-6-1.5351152724988998*^-21*I,-8.009509819646011*^-7+1.3872877951348738*^-6*I,-3.675620554691606*^-7-6.366361550070355*^-7*I,3.3227857336949183*^-7-1.47789234264802*^-22*I,-7.399844182240721*^-8+1.281690609173391*^-7*I
-1.3137395179126138*^-9-1.903730516741146*^-24*I,-8.512486782481799*^-9+1.4744059606016945*^-8*I,7.515085770238115*^-8+1.3016510377290346*^-7*I,1.0417717996083073*^-6+1.3892046147304583*^-21*I,2.9999394118712727*^-6-5.196047480989326*^-6*I,-0.000014790407083416868-0.0000256177365331047*I,-0.00012705701288645582-1.415413716892712*^-19*I,-0.00024029634298382944+0.0004162054749209887*I,0.0008055219542442398+0.0013952049513631967*I,0.0048010661406900764+1.0676973260599681*^-18*I,0.006361743122022542-0.011018862312044887*I,-0.014955736268739524-0.025904095082057457*I,-0.06201932832231758-3.107107184694244*^-17*I,-0.056125065117322015+0.09721146436131332*I,0.08711255013904037+0.15088336281770937*I,0.22456426722993572+9.975735407123597*^-17*I,0.11231027523293209-0.1945271029154825*I,-0.07109209792611683-0.12313512562469658*I,0.010107622542169868+6.747592275811539*^-18*I,0.07593816735573432-0.13152876409379996*I,-0.08707742676003194-0.15082252734073331*I,-0.04261369875925714-2.8412722915590406*^-17*I,0.06406815708659333-0.11096930322128351*I,-0.07731512830111416-0.13391373041123633*I,0.004527875244076647+5.034715362345428*^-19*I,0.0773078198574008-0.1339010718154003*I,-0.04382329737167354-0.07590417760293826*I,0.10719489873586156+2.3809396748046217*^-17*I,0.06575401122677378-0.11388928824622646*I,0.03012251848342182+0.05217373246521924*I,0.14523907919990317+4.841914494603561*^-17*I,-0.01590590628616884+0.0275498378280736*I,0.07331911307472785+0.12699242901131622*I,-0.02472357137566436-2.7457151732673836*^-18*I,-0.07193977904078612+0.12460335238392016*I,-0.0186910804550632-0.03237390099652708*I,-0.13606034668777714-7.555198088176927*^-18*I,0.03329941456979757-0.05767627789718872*I,-0.05780650639470308-0.10012380608368096*I,0.10503663010351712+0.*I,0.03615705118352119-0.0626258497017271*I,0.06834258880971124+0.11837283613920804*I,0.0015659153712566194-8.69525993955716*^-20*I,-0.06798623710225923+0.11775561687653732*I,-0.04132141957756393-0.071570798149212*I,-0.07896492820666647+8.769574518122692*^-18*I,0.06939993788882322-0.12020421846556618*I,0.014569770660682942+0.025235583038929206*I,0.11339487255733863-3.7803067884601925*^-17*I,-0.06376008413398448+0.11043570521492746*I,-0.002379394139805671-0.004121231541375063*I,-0.12167561110597734+2.7025753403823194*^-17*I,0.06379467786638132-0.11049562331706221*I,0.0070304345907430624+0.012177069910456688*I,0.11094938379189598-1.233688069808404*^-17*I,-0.07034563386037256+0.12184221193680302*I,-0.028402282179708305-0.04919419578616283*I,-0.06972926388288761+4.649205094833942*^-17*I,0.0723959556844972-0.12539347350805424*I,0.06025395046706651+0.10436290356569752*I,-0.01911086489879698+1.2757928369129358*^-17*I,-0.04647836082068313+0.08050288239394203*I,-0.07589108998664429-0.1314472236986493*I,0.1305273498204275-5.798368196612485*^-17*I,-0.0229665122625437+0.039779166111379376*I,0.02931725465491875+0.05077897460075439*I,-0.13824624055983917+6.926000311839455*^-17*I,0.08267382235958297-0.14319526078272166*I,0.06806235176276178+0.11788745133572848*I,-0.06576193505771599+1.4624635478893967*^-17*I,-0.010878628568095865+0.018842337396612313*I,-0.05178617571467642-0.08969628746750885*I,0.16417268450702013-1.8288818878340457*^-16*I,-0.09860965153504463+0.1707969265753601*I,-0.10203951760992362-0.17673762888020642*I,0.1908200095813621-2.5445883445204426*^-16*I,-0.08258174879040303+0.1430357846828682*I,-0.06712471315718585-0.1162634136317326*I,0.10345388967876248-1.4991428983575146*^-16*I,-0.038047040915949716+0.06589940794407703*I,-0.02684676873140927-0.046499967461852164*I,0.03648990229005722-4.871946529666322*^-17*I,-0.0119797898104663+0.02074960461572363*I,-0.007619824531705968-0.013197923233674413*I,0.00941048985931718-1.5744339348843023*^-17*I,-0.00282601280498728+0.004894797761078226*I,-0.0016535775352961232-0.0028640803053873926*I,0.0018879044812356097-1.677313653774281*^-18*I,-0.0005263756060576855+0.0009117092935567736*I,-0.000287043797841687-0.0004971744418593306*I,0.000306460431209823-2.7362353120949933*^-19*I,-0.00008014564960132695+0.00013881633711511094*I,-0.00004110688938315503-0.000071199220952738*I,0.00004138161901913803-4.146356603555005*^-20*I,-0.000010227533732441473+0.00001771460806071323*I,-4.967911968879922*^-6-8.60467593762955*^-6*I,4.745420803382892*^-6-2.1197852476416974*^-21*I,-1.1148681353314023*^-6+1.931008254133566*^-6*I,-5.156249864575965*^-7-8.930886741965705*^-7*I,4.696942498636479*^-7-2.0890830492623788*^-22*I
-2.6168445057723526*^-10-4.5325076395051967*^-10*I,-6.990146946156041*^-9-1.012937182482422*^-23*I,-3.184212594177923*^-8+5.515217995216844*^-8*I,2.2809197081289066*^-7+3.950668822464453*^-7*I,2.7196750693459254*^-6+3.626691717248717*^-21*I,6.95285634578136*^-6-0.000012042700448620966*I,-0.00003103685180770033-0.000053757404237923083*I,-0.0002446107707144958-2.7249612776462714*^-19*I,-0.00042836845664973115+0.0007419559312771987*I,0.0013384194471263574+0.0023182104842610993*I,0.00746932861436615+1.6610856745822021*^-18*I,0.009294207844215249-0.016098040202286005*I,-0.02054525603997767-0.03558542731575269*I,-0.08007477941995834-4.011667478169521*^-17*I,-0.06790802368108356+0.1176201472572271*I,0.09807639645073254+0.16987330167593687*I,0.23151147916494644+1.0284348834075964*^-16*I,0.10153908477755079-0.1758708537887612*I,-0.045676686552558035-0.07911434183042877*I,0.06747084861726163+4.5041826114190204*^-17*I,0.08838638797475225-0.1530897146697655*I,-0.07158183444678623-0.12398337416081796*I,0.01944391188241426+1.2964246164859848*^-17*I,0.07938296589165447-0.13749533017985258*I,-0.05898613106426746-0.10216697594522822*I,0.06517553735223322+7.247113965555455*^-18*I,0.07978592727172672-0.13819327976362594*I,-0.01465230573415687-0.02537853797959251*I,0.1420759881445279+3.1556945433002155*^-17*I,0.043987283201102984-0.07618820939123126*I,0.0550171131533681+0.0952924352673996*I,0.11518667080038265+3.8400409449433734*^-17*I,-0.043435618801437786+0.07523269862228417*I,0.06167069069464338+0.10681676962098752*I,-0.08011289296337189-8.897063552897204*^-18*I,-0.059847329545475385+0.10365861547008133*I,-0.04483384631885161-0.07765449972298588*I,-0.10432694111370726-5.793096410788699*^-18*I,0.05548527006935337-0.09610330683180075*I,-0.03615705118352119-0.0626258497017271*I,0.13384519662509523+0.*I,0.00937983345767113-0.016246348115220854*I,0.07034222976369947+0.12183631586841116*I,-0.052545278593900444+2.917749351957398*^-18*I,-0.05484289737023019+0.09499068467952429*I,-0.05955704866939041-0.10315583424423656*I,-0.029385214164944676+3.2634212580556915*^-18*I,0.06942341980181671-0.12024489033192984*I,0.038547567110782124+0.06676634474404562*I,0.07470350942360361-2.4904316873150566*^-17*I,-0.07033803570122747+0.12182905153911967*I,-0.026923341843889493-0.046632595983161704*I,-0.08790236277413141+1.9524270791440307*^-17*I,0.07063239708060547-0.12233890040398836*I,0.03026869167412924+0.05242691185822889*I,0.07405095254588871-8.234004876058088*^-18*I,-0.07191914605775025+0.12456761500899051*I,-0.04779416760488061-0.08278192659711563*I,-0.026282801934688425+1.7524082409143676*^-17*I,0.06392055188248114-0.11071364350829994*I,0.0699890138026509+0.1212245278778306*I,-0.060632371649564025+4.047663245237329*^-17*I,-0.027631522039001002+0.04785920006200901*I,-0.06924275206736705-0.1199319646365744*I,0.14680664336990068-6.521537234445899*^-17*I,-0.040956111627156636+0.07093806621869779*I,0.01012135566726284+0.017530702257174416*I,-0.11304939573195842+5.663663235412878*^-17*I,0.08067872657453652-0.1397396535170547*I,0.07629343230662283+0.13214410103888746*I,-0.09566254143750713+2.1274158010713522*^-17*I,0.006137128219858672-0.010629817889359966*I,-0.03677680401120771-0.06369929308741448*I,0.14321665481356743-1.5954319490555315*^-16*I,-0.09347301868571518+0.1619000175004942*I,-0.10171382798196363-0.17617351789708152*I,0.19722922735346843-2.6300553816313553*^-16*I,-0.08783631417148974+0.1521369588946029*I,-0.07312752722075888-0.12666059257823006*I,0.11507416785907312-1.6675315163693092*^-16*I,-0.04311139791547154+0.07467113157491594*I,-0.030935179239591864-0.05358130218422289*I,0.04270054717364226-5.701160309058017*^-17*I,-0.014221126314668875+0.024631713317861317*I,-0.009167694485495634-0.015878912637147392*I,0.0114663686399827-1.9183953403666755*^-17*I,-0.0034849942627285775+0.006036187127131961*I,-0.0020626238401074293-0.0035725692879688773*I,0.0023808187602040623-2.115244628816503*^-18*I,-0.0006708118893266104+0.0011618802746349625*I,-0.00036952168577607643-0.0006400303342626647*I,0.0003983804161525964-3.55694390306951*^-19*I,-0.0001051706907651081+0.00018216097987228255*I,-0.00005443675621443461-0.00009428722756264132*I,0.00005528790988969945-5.539739519661851*^-20*I,-0.000013782566156236421+0.000023872104841280823*I,-6.751013316705874*^-6-0.000011693098067108641*I,6.501479920037008*^-6-2.904218992024588*^-21*I,-1.5396294428346158*^-6+2.6667164198185195*^-6*I,-7.176294328830284*^-7-1.2429706387602436*^-6*I
1.0297092969755382*^-10-1.7835088193876562*^-10*I,-1.4161542587837964*^-9-2.452851127568587*^-9*I,-2.6603155525929278*^-8-3.855044194513695*^-23*I,-9.836585643909316*^-8+1.70374661082535*^-7*I,6.063301505239486*^-7+1.0501946268683673*^-6*I,6.421548625848468*^-6+8.563146927281814*^-21*I,0.00001487256322541399-0.00002576003514519742*I,-0.000060950612418552933-0.00010556955746137253*I,-0.00044517071247794025-4.959196808469488*^-19*I,-0.0007273580664863399+0.0012598211264493989*I,0.002130561516203752+0.0036902407947158825*I,0.01118329292193082+2.4870250897178156*^-18*I,0.013112591948626911-0.022711675473940388*I,-0.02732330162537635-0.047325346645681145*I,-0.1002342217318578-5.0216356564961464*^-17*I,-0.07966708642195912+0.1379874413738137*I,0.10681688149841119+0.18501226586131234*I,0.22898486777317212+1.0172110110471922*^-16*I,0.08525214076514905-0.1476610392592517*I,-0.017819561163509353-0.030864385303779437*I,0.11668248752198677+7.789426724643143*^-17*I,0.09142313260803255-0.1583495106642191*I,-0.048609597336523994-0.08419429232232446*I,0.07703640087187673+5.136409126916015*^-17*I,0.08394589049397269-0.14539854742217373*I,-0.03323737977205557-0.05756883047566238*I,0.11469180024503867+1.2753014107094831*^-17*I,0.07051206893646861-0.12213048594476279*I,0.01584435880161506+0.027443234457748426*I,0.15410630562372554+3.4229037157935587*^-17*I,0.015977840437399287-0.027674431432804073*I,0.0705020683327203+0.12211316439096445*I,0.06757871799759631+2.2529086248813554*^-17*I,-0.06323523226384481+0.10952663510939784*I,0.04039798156193332+0.06997135658849922*I,-0.12111819930789874-1.3450972456425075*^-17*I,-0.03843770283606918+0.06657605423830613*I,-0.06311666175510862-0.1093212649639876*I,-0.0567715028804057-3.1524243504187958*^-18*I,0.06834258880971124-0.11837283613920804*I,-0.00937983345767113-0.016246348115220854*I,0.14122698923382004+0.*I,-0.018185623690228143+0.03149842419880336*I,0.06169937378998179+0.10686645019943197*I,-0.09759429493276199+5.419244096040637*^-18*I,-0.03402064568357685+0.05892548683025395*I,-0.06886556960008981-0.11927866543952624*I,0.023173256160645295-2.573542474406609*^-18*I,0.05994819994286429-0.10383332812333862*I,0.05683847402334034+0.09844712483310922*I,0.02714121365382498-9.04821460694546*^-18*I,-0.06785413511945239+0.11752680953053533*I,-0.04761513456957621-0.08247183228373517*I,-0.04435498926502088+9.851826435961837*^-18*I,0.06914991860188435-0.11977117235771598*I,0.049626927249542735+0.0859563594197324*I,0.029943834452402635-3.3295679584428016*^-18*I,-0.06599220387064038+0.1143018500073928*I,-0.062016660951104904-0.10741600768308636*I,0.01877586889216844-1.2518827885522297*^-17*I,0.049785594444987535-0.08623117906373741*I,0.07344032582050201+0.12720237564552178*I,-0.09630604802028246+6.429147339292006*^-17*I,-0.00700526090380705+0.012133467805669708*I,-0.05762753491416014-0.09981381838627455*I,0.15261430643227264-6.779528903194454*^-17*I,-0.05594622323603512+0.09690170113640341*I,-0.009303551029513206-0.01611422307392659*I,-0.08209675569068069+4.1129664952338825*^-17*I,0.07464172074550547-0.12928325269558344*I,0.08086705521146005+0.1400658482847263*I,-0.12105666967883681+2.6921495919912692*^-17*I,0.02260419434972147-0.039151613077878955*I,-0.020895742777570326-0.03619248815264213*I,0.11884358153063232-1.323916182520656*^-16*I,-0.08639902173601237+0.14964749537102165*I,-0.09967835714280238-0.17264797898632936*I,0.201160817055369-2.6824832027641654*^-16*I,-0.09237653936212559+0.1600008596025883*I,-0.07886809784437039-0.13660355256276252*I,0.12681452658952083-1.8376602130241384*^-16*I,-0.04842305450313448+0.08387119065710609*I,-0.035347772526500565-0.06122413795028609*I,0.04956297502636794-6.617396842014762*^-17*I,-0.016748075746431737+0.02900851812183191*I,-0.010944147161759026-0.018955818929677286*I,0.013864054702015039-2.3195432463415444*^-17*I,-0.004264935335481764+0.0073870846920502595*I,-0.002553408470445503-0.004422633203288328*I,0.0029798370735056707-2.6474440095309535*^-18*I,-0.0008484670371901607+0.0014695880169607936*I,-0.00047213451943808925-0.0008177609756738846*I,0.000513992553476424-4.589188135721012*^-19*I,-0.00013697555470477816+0.00023724862014360646*I,-0.00007154830692526804-0.0001239253027900961*I,0.00007331221997397909-7.345739838496952*^-20*I,-0.00001843338906396777+0.000031927566414476765*I,-9.104814983384546*^-6-0.0000157700021447364*I,8.839890895205797*^-6-3.948790020278302*^-21*I,-2.1100625594962962*^-6+3.6547355601964157*^-6*I
8.006609162139184*^-11+1.0690018134827241*^-25*I,5.664613188935414*^-10-9.811397848460867*^-10*I,-5.480418600079268*^-9-9.492363462082822*^-9*I,-8.35953625488482*^-8-1.211374405446392*^-22*I,-2.6608544397224327*^-7+4.6087350811444574*^-7*I,1.4574888566696325*^-6+2.524444751217285*^-6*I,0.000013991429746281794+1.8657597352433342*^-20*I,0.000029768082202685136-0.00005155983081893737*I,-0.0001131377796802227-0.00019596038266168003*I,-0.0007716386445678654-8.596045957588249*^-19*I,-0.0011832342619625788+0.0020494218589754438*I,0.003264270350203692+0.005653882096193451*I,0.016173550482637484+3.5967962317482014*^-18*I,0.0179179279667494-0.031034761604769253*I,-0.035259649689297706-0.06107150471894384*I,-0.12184735645445356-6.10443239094863*^-17*I,-0.09069986850828747+0.15709678049617012*I,0.1124702395372413+0.19480416921794405*I,0.21619445165179255+9.603926184561551*^-17*I,0.06426785864930065-0.11131519647424341*I,0.010385247706157725+0.01798777667625335*I,0.15359396294782074+1.0253543142060295*^-16*I,0.0850656484809104-0.1473380251477309*I,-0.020996618760396064-0.036367210480159895*I,0.12350702458582906+8.234842245238948*^-17*I,0.07768769160736907-0.13455902898670533*I,-0.0038560871844762145-0.006678938921928034*I,0.1467853938658997+1.6321621900500832*^-17*I,0.05141289219138365-0.08904974143953766*I,0.04312258418311891+0.07469050675882803*I,0.14266733189799793+3.16882906575127*^-17*I,-0.013682842181147651+0.023699377849694267*I,0.07467587997426094+0.12934241821533532*I,0.010732934392480221+3.57809694820853*^-18*I,-0.0726009079978413+0.1257484613278947*I,0.013333971636292335+0.023095116340740643*I,-0.142021289380289-1.5772398059055852*^-17*I,-0.011538767414645896+0.019985731418886862*I,-0.0710717351146961-0.12309985620073075*I,-0.0015659153712566194-8.69525993955716*^-20*I,0.07034222976369947-0.12183631586841116*I,0.018185623690228143+0.03149842419880336*I,0.12708657293525247+0.*I,-0.042388332856747916+0.07341874615602861*I,0.044179963742605584+0.0765219418787437*I,-0.12747279096938888+7.078345822802621*^-18*I,-0.008830277171281743+0.015294488705575569*I,-0.06834482510028048-0.11837670950809442*I,0.07138658426904493-7.927949591788309*^-18*I,0.04265379031187499-0.07387853195555662*I,0.06729184097327562+0.11655288750055842*I,-0.022852510755771365+7.618466302320575*^-18*I,-0.056989296012398584+0.09870835618105683*I,-0.06211040775822249-0.10757838191606142*I,0.0034743907057249975-7.717078680597336*^-19*I,0.05983735264315276-0.1036413349683565*I,0.06312502272107641+0.1093357465818441*I,-0.01642939652402711+1.8268466027590848*^-18*I,-0.05343919032590768+0.09255939275981545*I,-0.06985394940688847-0.12099058948207651*I,0.06115274998825364-4.077365240596904*^-17*I,0.031446858683406874-0.05446755697809933*I,0.07050801617006378+0.12212346634743822*I,-0.12339735012143657+8.237693909336175*^-17*I,0.01375695556988525-0.023827746004508956*I,-0.04202387619225539-0.0727874886959703*I,0.14781060393222595-6.566135803276484*^-17*I,-0.06704457499149674+0.1161246102571342*I,-0.027796797418468362-0.04814546541648655*I,-0.047188258882724265+2.364085232360762*^-17*I,0.06492254730493466-0.11244915048894077*I,0.08160977096566585+0.1413522697065926*I,-0.14092426557107973+3.133980185192362*^-17*I,0.03792450399030501-0.06568716776305694*I,-0.004634323776278589-0.00802688423923896*I,0.09163097959785217-1.0207680982632457*^-16*I,-0.07746974498736113+0.1341815343675142*I,-0.09586147477980266-0.1660369448071003*I,0.20230766866548708-2.697776490121206*^-16*I,-0.09603006247193728+0.1663289472554092*I,-0.0841968355025329-0.14583319692690555*I,0.13845931892899097-2.0064040639588061*^-16*I,-0.05391787492363056+0.09338849880387232*I,-0.04005630447773823-0.06937955451889113*I,0.057069995171208726-7.619696065840251*^-17*I,-0.01957105664988541+0.03389806447541037*I,-0.012965497644026767-0.022456900664868853*I,0.016637539213281656-2.783564588237025*^-17*I,-0.005180752814684145+0.008973327096488444*I,-0.003137733026971792-0.005434713023302009*I,0.003702300668745602-3.289318672521152*^-18*I,-0.0010653531685099187+0.001845245815863671*I,-0.0005988562095723876-0.0010372493814074886*I,0.0006583386620480293-5.877983944948029*^-19*I,-0.00017710250121340775+0.0003067505302491516*I,-0.00009335484246882768-0.0001616953302885979*I,0.00009650458957047593-9.669569526843594*^-20*I,-0.000024473667336220993+0.000042389635273873725*I,-0.000012189447892307945-0.0000211127430656907*I,0.00001193117462248356-5.3296702230807336*^-21*I
1.5382008626764607*^-11+2.6642420464019158*^-11*I,4.475159831946163*^-10+5.975006246835867*^-25*I,2.2279226837133716*^-9-3.8588752835267535*^-9*I,-1.750761128003027*^-8-3.0324072256178515*^-8*I,-2.2997384816190134*^-7-3.3325345460707077*^-22*I,-6.507493837276485*^-7+1.1271309956104192*^-6*I,3.2324187554379204*^-6+5.598713515757053*^-6*I,0.0000285209143977754+3.803269191258497*^-20*I,0.000056311143441298624-0.0000975337614726279*I,-0.000200004481113071-0.0003464179230292899*I,-0.001281391985838729-1.4274692535809396*^-18*I,-0.0018526965456065593+0.0032089645479979026*I,0.004831622034101483+0.00836861484603306*I,0.022662198556276922+5.039790765660874*^-18*I,0.023771836497813052-0.04117402860343238*I,-0.04423408473140897-0.07661568218110709*I,-0.1440259165258048-7.215556377744061*^-17*I,-0.10024390211941385+0.17362753161978606*I,0.1143023649685792+0.19797750355086036*I,0.19309767862382868+8.57790677672122*^-17*I,0.03983996317447578-0.06900484038986497*I,0.03676550544015178+0.06367972338829296*I,0.1752329723689463+1.1698108490806041*^-16*I,0.07028098510079264-0.12173023700056396*I,0.008041415284744752+0.013928139837938882*I,0.15387353936824488+1.0259532416583281*^-16*I,0.061891054736411794-0.1071984513374915*I,0.025144294325706813+0.043551195292590085*I,0.15795700963305312+1.7563836018451376*^-17*I,0.025652695510326874-0.04443177197498016*I,0.06342769379879369+0.10985998826643216*I,0.11062062944178386+2.4570296590213627*^-17*I,-0.04049659176988768+0.07014215447882105*I,0.06748085061102857+0.1168802617962669*I,-0.04624744573283193-1.5417763529331152*^-17*I,-0.0706234314937146+0.12232337155197358*I,-0.015084148004294515-0.026126510732326785*I,-0.14060788145778735-1.5615429815274983*^-17*I,0.01646090704563306-0.028511127341704953*I,-0.06798623710225923-0.11775561687653732*I,0.052545278593900444+2.917749351957398*^-18*I,0.06169937378998179-0.10686645019943197*I,0.042388332856747916+0.07341874615602861*I,0.09451259868608565+0.*I,-0.059853778114222586+0.10366978471878764*I,0.020706115133683263+0.03586404343891024*I,-0.13863031408184023+7.69790397725465*^-18*I,0.017028466066766904-0.02949416840260285*I,-0.05849458285090485-0.1013155894653143*I,0.10898243345667491-1.2103215858859888*^-17*I,0.02013903360073538-0.03488182941181047*I,0.0688943506352313+0.11932851565468568*I,-0.06892482537142416+2.297784541477184*^-17*I,-0.0394050234520089+0.06825150269232262*I,-0.06893536414644315-0.11939955313990137*I,0.049912340889614014-1.108618731748456*^-17*I,0.04403137274707303-0.07626457472493411*I,0.06952194148041478+0.12041553488490861*I,-0.06014718863749566+6.687992895370542*^-18*I,-0.03575655268926489+0.06193216596132044*I,-0.07076645148039402-0.12257108943540007*I,0.0970019277388209-6.467612470561536*^-17*I,0.010669108643901686-0.018479438242710037*I,0.06163765061132596+0.10675954251799527*I,-0.13997160914658124+9.344149376076996*^-17*I,0.03306089090798653-0.05726314279612473*I,-0.023666718586031543-0.040991959039441216*I,0.1329838182591233-5.907490985748336*^-17*I,-0.07363048735817765+0.12753174509042173*I,-0.04427718288877415-0.07669033037937605*I,-0.010316501566035448+5.1684655419274184*^-18*I,0.05206675229490743-0.09018226035988315*I,0.07852863366799642+0.13601558336193365*I,-0.1544733646895729+3.435295278036663*^-17*I,0.051531627846063334-0.08925539762611288*I,0.011483371322673231+0.019889782573049408*I,0.06228613138437227-6.938668140451775*^-17*I,-0.06683453046630423+0.1157608024676493*I,-0.09024257755834555-0.15630472933702902*I,0.20041949123302744-2.672597609260838*^-16*I,-0.09863273357650183+0.17083690584390643*I,-0.08895876860411467-0.15408110700108918*I,0.1497690521240568-2.1702925968534928*^-16*I,-0.059518673135080934+0.10308936586904531*I,-0.04502151302141062-0.07797954798670675*I,0.06519886666191935-8.705021724825702*^-17*I,-0.022695884494061527+0.03931042506642935*I,-0.015245935051088153-0.026406734117379784*I,0.019819824436026198-3.315980851372279*^-17*I,-0.006247766686060626+0.01082144933409328*I,-0.0038281750446437102-0.006630593677590134*I,0.004567211139195358-4.057750632822571*^-18*I,-0.0013282077668124723+0.002300523335126803*I,-0.0007542260166436493-0.0013063577812170877*I,0.0008372752974052266-7.475621650928439*^-19*I,-0.00022737024388746007+0.0003938168145424087*I,-0.00012094833349338732-0.00020948865870133092*I,0.00012613661744346235-1.263864027274798*^-19*I,-0.00003226330237663893+0.00005588167893629646*I,-0.000016203382351842787-0.000028065081487856562*I
-5.842723807588739*^-12+1.0119894489335941*^-11*I,8.73114755284136*^-11+1.5122791169901954*^-10*I,1.787925304343379*^-9+2.3871471106053947*^-24*I,7.231863048923781*^-9-1.2525954234115919*^-8*I,-4.8955538509034995*^-8-8.47934800095436*^-8*I,-5.718872921427543*^-7-8.287177749805948*^-22*I,-1.4681116255162595*^-6+2.5428439265766858*^-6*I,6.7060012011452605*^-6+0.000011615134796001546*I,0.0000549399667313488+7.326254688889064*^-20*I,0.00010143765648092065-0.0001756951748256725*I,-0.0003387112629673738-0.0005866651165553158*I,-0.0020481577201761883-2.2816454327379455*^-18*I,-0.002802789329705499+0.00485457352196183*I,0.00693028415769252+0.012003604272013132*I,0.030842259678664337+6.858934499874207*^-18*I,0.030681699216384976-0.05314226190532496*I,-0.054027660154795716-0.09357865240217084*I,-0.16567742370447172-8.300275534402303*^-17*I,-0.10753298642128256+0.1862525959712754*I,0.1117846161683503+0.1936166347081683*I,0.16045216374725677+7.127707140531793*^-17*I,0.013558348527348926-0.02348374851609496*I,0.05927750764653573+0.1026716549898527*I,0.1800844863116934+1.2021983248391171*^-16*I,0.04885148496094258-0.08461325397753933*I,0.03528521572545669+0.0611157863925194*I,0.16530110130657996+1.1021466161853699*^-16*I,0.038931479650845056-0.06743130076909741*I,0.05005751436714328+0.08670215818450132*I,0.14772438472215937+1.642603183748611*^-17*I,-0.0029104483135577665+0.005041044351885205*I,0.0742485817787492+0.12860231603072644*I,0.06357302492586157+1.4120404895973747*^-17*I,-0.06070309851752618+0.10514085080921425*I,0.05053563173315069+0.08753028175440711*I,-0.09489869869838806-3.1636897402407077*^-17*I,-0.05815171335559716+0.10072172207907586*I,-0.0405366767632783-0.07021158372399472*I,-0.11816470124232646-1.3122967075259154*^-17*I,0.04132141957756393-0.071570798149212*I,-0.05484289737023019-0.09499068467952429*I,0.09759429493276199+5.419244096040637*^-18*I,0.044179963742605584-0.0765219418787437*I,0.059853778114222586+0.10366978471878764*I,0.049042712035051915+0.*I,-0.06839515337584359+0.11846388063842711*I,-0.005157287617503211-0.008932684182761405*I,-0.13034219165043848+7.237678729615118*^-18*I,0.04000431742811986-0.06928951030761674*I,-0.041030710679940345-0.07106727556831562*I,0.13147494215451894-1.4601156851208104*^-17*I,-0.004487025157698594+0.0077717555479737185*I,0.0618058039875615+0.10705079270909955*I,-0.10558154603479904+3.51982965552213*^-17*I,-0.01746930205235517+0.03025771872744645*I,-0.06759269323400088-0.11707397890170654*I,0.08975859186832827-1.993656368485403*^-17*I,0.023708331840079516-0.04106403530972067*I,0.06839640420138396+0.11846604713181438*I,-0.09681265702724504+1.0764964698225651*^-17*I,-0.014874629236220809+0.02576361358088392*I,-0.06490053666360054-0.1124110269398427*I,0.12325140782747088-8.217798974320733*^-17*I,-0.010646025366308782+0.018439456833113908*I,0.04775429713277544+0.0827128689137077*I,-0.14501005438165415+9.680503192302693*^-17*I,0.049480756282773763-0.08570318387869726*I,-0.003948074901809242-0.0068382663220211*I,0.10938476263962177-4.859158864070707*^-17*I,-0.07538699189091544+0.1305741001848486*I,-0.057806679167836134-0.10012410533552547*I,0.026449269482492998-1.3250823164654552*^-17*I,0.03677558658083058-0.0636971844361468*I,0.0718116684118539+0.1243814582656199*I,-0.16118098721981872+3.584464450672424*^-17*I,0.0629169274461675-0.10897531499288696*I,0.026921532579535116+0.04662946224537553*I,0.03162376263642714-3.5228836565958386*^-17*I,-0.054708169029560355+0.09475732834826492*I,-0.08285634517150214-0.14351139956650555*I,0.19531599414600218-2.604542381549504*^-16*I,-0.10003477266049868+0.1732653087715863*I,-0.09299787916548659-0.16107705171077338*I,0.16048492244918247-2.325575505476019*^-16*I,-0.06513583005341193+0.11281856704568163*I,-0.050192724305920415-0.0869363486681512*I,0.07390964063553675-9.868040049570205*^-17*I,-0.026122900836842877+0.04524619149049555*I,-0.017796813114816647-0.030824984527670445*I,0.023441951972537754-3.9219854903673915*^-17*I,-0.007481418304972167+0.012958196616887676*I,-0.004637957403740144-0.008033177866618137*I,0.005595159780733237-4.971034280892386*^-18*I,-0.0016445087383461974+0.002848372688306613*I,-0.0009433838148875953-0.0016339886984234645*I,0.0010575501058601776-9.442347687565558*^-19*I,-0.00028990692265950927+0.0005021335195122123*I,-0.00015562464458566874-0.0002695497913322264*I,0.00016373704401004857-1.6406128850677895*^-19*I,-0.000042240238005520154+0.00007316223834936293*I
-4.389021828701957*^-12-7.343108606843259*^-27*I,-3.366493074260942*^-11+5.830937047948675*^-11*I,3.541767767098278*^-10+6.13452172122401*^-10*I,5.8941758768811*^-9+7.869604440250419*^-24*I,2.054368994771277*^-8-3.5582714764380415*^-8*I,-1.2371815602637868*^-7-2.1428613205642223*^-7*I,-1.3116610516299695*^-6-1.9007186261522304*^-21*I,-3.097786551298457*^-6+5.365523697852482*^-6*I,0.00001314514820386833+0.000022768064562122788*I,0.0001007693069120827+1.3437605648193706*^-19*I,0.00017503718410366304-0.000303173296081331*I,-0.0005521045199583784-0.0009562730796563395*I,-0.003163103950856493-3.523694299346358*^-18*I,-0.0041094495754652+0.007117775455848062*I,0.009657661565809543+0.016727560514287337*I,0.04085470978665952+9.085578727291315*^-18*I,0.03858767053245516-0.06683580590794069*I,-0.06432135220827544-0.11140785003626573*I,-0.18556178816785213-9.296462583803413*^-17*I,-0.11185945315112038+0.1937462561646108*I,0.10465577207313517+0.1812691145360183*I,0.11979465128418754+5.321593498114593*^-17*I,-0.012784390776281003+0.022143214368333573*I,0.07619831436652208+0.131979351933922*I,0.16821207935641488+1.1229411492446565*^-16*I,0.02315871755089889-0.0401120754362939*I,0.057864208960261836+0.10022374985895592*I,0.1572867948146348+1.048711153799747*^-16*I,0.01190810124154252-0.02062543637202564*I,0.06792725489021526+0.11765345668853444*I,0.11843014235960538+1.3168694475023122*^-17*I,-0.030303214731459697+0.052486707547557854*I,0.07455082795353395+0.129125821761847*I,0.008840853989132882+1.963669938599341*^-18*I,-0.07174581505936715+0.1242673969132641*I,0.02674639349334136+0.0463261124496969*I,-0.12856322214644272-4.285982341756774*^-17*I,-0.03750445718985559+0.06495962536312172*I,-0.05944180285513697-0.10295622263859*I,-0.07896492820666647-8.769574518122692*^-18*I,0.05955704866939041-0.10315583424423656*I,-0.03402064568357685-0.05892548683025395*I,0.12747279096938888+7.078345822802621*^-18*I,0.020706115133683263-0.03586404343891024*I,0.06839515337584359+0.11846388063842711*I,-0.002335349127808777+0.*I,-0.06721386089438601+0.11641782204194347*I,-0.02974873161602098-0.051526314619678916*I,-0.10456581455661676+5.806360644072828*^-18*I,0.05715546234238556-0.0989961647071015*I,-0.018559354132773407-0.03214574431362695*I,0.13659513566199055-1.5169788008491792*^-17*I,-0.02803749627504659+0.04856236806540384*I,0.04724697121547318+0.08183415464894377*I,-0.12878163197951034+4.293263589629727*^-17*I,0.00607458868426434-0.010521496236228821*I,-0.0585462665014679-0.1014051081740101*I,0.11882953003949576-2.639360136964908*^-17*I,0.0012263891450407158-0.0021241683090614783*I,0.06013517147841437+0.1041571723224805*I,-0.12296336645426764+1.3672760770140424*^-17*I,0.0070581800899969065-0.012225126524845729*I,-0.05303301347815483-0.0918558738226491*I,0.1378357970078901-9.190214466853795*^-17*I,-0.030632508107463725+0.053057060405392806*I,0.030160834484280988+0.052240097725450046*I,-0.13844622638296042+9.242318694227509*^-17*I,0.06185932204969193-0.10714348871183237*I,0.01568904699104648+0.027174226510828067*I,0.07881849449391914-3.5013248365737806*^-17*I,-0.07231206942572811+0.12524817824580922*I,-0.0676436164040299-0.1171621804194792*I,0.06108159096798083-3.060127468050531*^-17*I,0.01986750882039801-0.034411534696752184*I,0.06181876813218592+0.10707324726626574*I,-0.16082091161725157+3.576456817643126*^-17*I,0.07165346045062919-0.12410743403861696*I,0.04115480649194782+0.0712822158197189*I,0.0005381439878747328-5.994918067072222*^-19*I,-0.04136627604488065+0.07164849182965284*I,-0.07379505309619186-0.12781678130984692*I,0.18689833572003234-2.49229275130439*^-16*I,-0.10010690466376715+0.17339024506609904*I,-0.0961618755035087-0.16655725412318959*I,0.17033447103650645-2.468304607905749*^-16*I,-0.07066838724458792+0.12240123719657903*I,-0.05550777055112183-0.09614227880941821*I,0.08314380618632895-1.1100938960943966*^-16*I,-0.029846138896606225+0.05169502897867985*I,-0.020625912742413023-0.03572512882234153*I,0.027531926330782188-4.606263834926802*^-17*I,-0.008896936447712445+0.015409945959149381*I,-0.005580777013382009-0.009666189332890098*I,0.0068082031025379535-6.048765779760965*^-18*I,-0.0020224743047650017+0.003503028252855532*I,-0.001172098456206074-0.002030134077621961*I,0.0013268743186114617-1.1847011866960693*^-18*I,-0.0003671836597609252+0.0006359807544150078*I,-0.00019891029997264737-0.0003445227457013906*I,0.00021113065030624006-2.1154874721196348*^-19*I
-8.15243742743577*^-13-1.4120435829844923*^-12*I,-2.565964602791443*^-11-4.293019605506385*^-26*I,-1.3859354219339335*^-10+2.4005105667989733*^-10*I,1.185268844303563*^-9+2.0529458589622227*^-9*I,1.7001739826388427*^-8+2.2699860001552475*^-23*I,5.2733387078325746*^-8-9.133690567485602*^-8*I,-2.8831768863915265*^-7-4.99380885443838*^-7*I,-2.8132793265694785*^-6-4.076702902731395*^-21*I,-6.1751866517490394*^-6+0.00001069573702705044*I,0.000024531946122440873+0.000042490577092610035*I,0.00017703383763143348+2.360749487493315*^-19*I,0.0002906974082453648-0.0005035026807095624*I,-0.0008695238095477177-0.0015060594165274954*I,-0.004734793348440419-5.274554548219934*^-18*I,-0.005854836167109186+0.010140873711424912*I,0.013103516909100988+0.02269595704440082*I,0.05276483249720363+1.1734241711398063*^-17*I,0.0473530510360737-0.08201789028788167*I,-0.07470316799818662-0.1293896824592127*I,-0.2023675354922529-1.0138413950713191*^-16*I,-0.11263674481746042+0.19509256482301163*I,0.09296352048545116+0.1610175407312717*I,0.07334707362832935+3.258269930602243*^-17*I,-0.03734701076986831+0.06468692016423383*I,0.08628393430300184+0.14944815808973455*I,0.14121415717633892+9.427098728933594*^-17*I,-0.004085161930316947+0.007075708020455091*I,0.07354696789533492+0.12738708513735733*I,0.13156103948207287+8.771844430610858*^-17*I,-0.015779423812410275+0.02733076375725675*I,0.07685414559057037+0.13311528493516367*I,0.07470710016442533+8.306964406012768*^-18*I,-0.05296968122021847+0.09174617913414537*I,0.06478592676868707+0.11221251677880263*I,-0.04570530449934412-1.015174920773621*^-17*I,-0.07251840027822046+0.12560555376549473*I,-0.00021887527495882643-0.00037910309674929563*I,-0.14316772078014472-4.7728604878486466*^-17*I,-0.012005380716721397+0.02079392936556911*I,-0.06939993788882322-0.12020421846556618*I,-0.029385214164944676-3.2634212580556915*^-18*I,0.06886556960008981-0.11927866543952624*I,-0.008830277171281743-0.015294488705575569*I,0.13863031408184023+7.69790397725465*^-18*I,-0.005157287617503211+0.008932684182761405*I,0.06721386089438601+0.11641782204194347*I,-0.05227420262035737+0.*I,-0.05688909584243774+0.09853480439575754*I,-0.04981125604736238-0.08627562626285411*I,-0.0654560979431195+3.634665044432112*^-18*I,0.06648334446701873-0.11515253047397968*I,0.005830014461361389+0.010097881255939222*I,0.12439912881901465-1.3815341252672642*^-17*I,-0.047647152739649465+0.0825272893810675*I,0.02727011490655799+0.04723322454639981*I,-0.13630408539899405+4.544043727092914*^-17*I,0.028451907996300187-0.04928015022186718*I,-0.04309937679265393-0.07465031037943151*I,0.13434302363003472-2.9839352316768024*^-17*I,-0.020950834560530512+0.03628790991980884*I,0.04583923828399651+0.07939588968813834*I,-0.13635539057842416+1.5161870472952942*^-17*I,0.027895610757112596-0.04831661513948399*I,-0.036461236743409044-0.06315271454638158*I,0.1398227591130207-9.322695348308822*^-17*I,-0.047617839027493086+0.08247651654225434*I,0.010411526498326383+0.01803329287945095*I,-0.12112531093610733+8.086018339801328*^-17*I,0.06938252559292966-0.12017405948440234*I,0.033855308791559936+0.05863911493291499*I,0.04350279869576095-1.9325087406444762*^-17*I,-0.06470912388277046+0.11207949027822722*I,-0.07328234616215791-0.12692874685070749*I,0.09170845606603516-4.5945032048574446*^-17*I,0.0022336372177545164-0.0038687731468276124*I,0.04906358598827493+0.08498062373321659*I,-0.15347683537212584+3.413133706910595*^-17*I,0.07741640705499296-0.13408915035868155*I,0.053690598883600366+0.09299484515519643*I,-0.030029266064075598+3.345256914964376*^-17*I,-0.027137940880558323+0.047004292417927626*I,-0.06320874353842518-0.10948075529114307*I,0.17515826165938694-2.335738647339797*^-16*I,-0.09874622649952453+0.17103348135288124*I,-0.09830725458222113-0.17027315968901474*I,0.17903825340881577-2.5944304942577575*^-16*I,-0.07600562596527699+0.13164560583293644*I,-0.060893256885274756-0.10547021476363891*I,0.09282332169937242-1.239329873866453*^-16*I,-0.03385255739908652+0.05863434938135976*I,-0.023736695921976792-0.04111316334067662*I,0.03211355118434353-5.372798388833616*^-17*I,-0.010508952917018354+0.018202040386625023*I,-0.006670590887128789-0.011553802333012968*I,0.008229678451855434-7.311679256375685*^-18*I,-0.0024710449035322364+0.004279975320701978*I,-0.0014467871240361535-0.002505908806567068*I,0.0016539887035190736-1.476765623055758*^-18*I,-0.0004620479697175563+0.0008002905590848553*I,-0.00025259046913374305-0.00043749952604730017*I
2.9961750970080204*^-13-5.18952749639048*^-13*I,-4.834118374197931*^-12-8.372938633913109*^-12*I,-1.0716468205127924*^-10-1.792932297520835*^-25*I,-4.706237852027795*^-10+8.15144307221593*^-10*I,3.4700090918626742*^-9+6.010232049832111*^-9*I,4.430639229549902*^-8+5.915564598398727*^-23*I,1.2480357403846096*^-7-2.1616613120079782*^-7*I,-6.282349878717868*^-7-1.0881349180863557*^-6*I,-5.6996664346638*^-6-8.259345767534743*^-21*I,-0.000011718185285611254+0.00002029649228718464*I,0.000043847386418111785+0.00007594590105527539*I,0.0002993189341037564+3.991423502627748*^-19*I,0.0004664532903664788-0.0008079207982724173*I,-0.001327366281964124-0.0022990658406156655*I,-0.006887666741877624-7.672853125038758*^-18*I,-0.00812337884427431+0.01407010488741322*I,0.017341414974972963+0.03003621181178896*I,0.06653994046613212+1.4797654193880197*^-17*I,0.05675939427237805-0.09831015468659265*I,-0.08468402808435481-0.14667703923169234*I,-0.21480229680803795-1.0761383229313562*^-16*I,-0.10945646265278654+0.18958415453139135*I,0.0770808342964629+0.1335079212912715*I,0.023858032699795632+1.0598365647548442*^-17*I,-0.05839876491385241+0.1011496279300629*I,0.08887846483608243+0.15394201679481892*I,0.10202788440638685+6.811122614301108*^-17*I,-0.030126197367797793+0.05218010447987347*I,0.08094244469658793+0.14019642670332455*I,0.09174364593868657+6.11701604699515*^-17*I,-0.04085209476441095+0.07075790372757819*I,0.07614460876879307+0.13188633111000442*I,0.022708870937670236+2.525085061055462*^-18*I,-0.06819497041030531+0.11811715357130498*I,0.046703705227543246+0.08089319035582512*I,-0.0927451135376632-2.0599909423880733*^-17*I,-0.06338693423283412+0.10978939062729555*I,-0.02650262366035217-0.045903890713607044*I,-0.13755684330911644-4.5858076016414584*^-17*I,0.014569770660682942-0.025235583038929206*I,-0.06942341980181671-0.12024489033192984*I,0.023173256160645295+2.573542474406609*^-18*I,0.06834482510028048-0.11837670950809442*I,0.017028466066766904+0.02949416840260285*I,0.13034219165043848+7.237678729615118*^-18*I,-0.02974873161602098+0.051526314619678916*I,0.05688909584243774+0.09853480439575754*I,-0.09408984211997319+0.*I,-0.03918453399469838+0.06786960374972746*I,-0.06288820668533368-0.10892556917589065*I,-0.018645034599288336+1.0353268471510557*^-18*I,0.06711202190375525-0.1162414317359795*I,0.028991803111056477+0.050215275991383236*I,0.09707861148809083-1.0781218154629074*^-17*I,-0.061094523305849045+0.10581881842993145*I,0.004452655248304969+0.007712225118652416*I,-0.12786999167370827+4.262871738931938*^-17*I,0.047172686565621326-0.08170548986117801*I,-0.023191204087116755-0.04016834376758519*I,0.1351196452411167-3.0011850190075603*^-17*I,-0.04051841025365248+0.07017994520124589*I,0.02716539185613445+0.047051838902342664*I,-0.13610557534631365+1.5134092574511504*^-17*I,0.04569682568856392-0.07914922383721144*I,-0.016853588347269-0.029191271307320656*I,0.1294308119263325-8.629811312034737*^-17*I,-0.060254181513827505+0.10436330375042681*I,-0.009827013633923982-0.017020886900628376*I,-0.09469480239741578+6.321584670880801*^-17*I,0.07162456624799676-0.12405738781161357*I,0.04931086936879506+0.08540893111214473*I,0.005904775142564483-2.623056427782892*^-18*I,-0.053158188639093086+0.09207268356124*I,-0.07447736838410188-0.12899858605528827*I,0.11671557036407676-5.84733496885375*^-17*I,-0.015210203914543545+0.02634484597347246*I,0.0341874902141471+0.05921447003416653*I,-0.13954023594544002+3.103201089733558*^-17*I,0.07999896635142952-0.13856227427366902*I,0.06409043262442256+0.11100788558456952*I,-0.05912528063497344+6.586549716910068*^-17*I,-0.012395869720292928+0.021470276159552017*I,-0.05130314472399522-0.08885965325001867*I,0.16018442784424533-2.136062297451819*^-16*I,-0.09588155762955253+0.1660717293232288*I,-0.09930448465273244-0.17200041283797585*I,0.18631736693050324-2.699911606434983*^-16*I,-0.08102912263686352+0.1403465572997775*I,-0.06626520514042517-0.11477470207719037*I,0.10285010841826525-1.3732024405028536*^-16*I,-0.03812137587251893+0.06602815986563335*I,-0.027127573052524626-0.046986334813008804*I,0.03720520093588048-6.224663304816499*^-17*I,-0.012331071250760337+0.021358041918068896*I,-0.0079213587837131-0.013720195878373039*I,0.009883954572775567-8.781425184896424*^-18*I,-0.002999844324645937+0.005195882785083921*I,-0.0017745234512849335-0.0030735647768479744*I,0.002048719973053095-1.8292018688129088*^-18*I,-0.0005777561541558035+0.0010007030133834505*I
2.1792407529021584*^-13+1.93615212317935*^-28*I,1.8012721164087063*^-12-3.119894823876988*^-12*I,-2.047307490194428*^-11-3.546040591733085*^-11*I,-3.690951076302248*^-10-6.175192485622267*^-25*I,-1.3977971879682488*^-9+2.4210557482379016*^-9*I,9.1764036572265*^-9+1.5893997365077208*^-8*I,1.0643942163823724*^-7+1.4211251286671703*^-22*I,2.761306592563751*^-7-4.782723313595294*^-7*I,-1.2928760175269592*^-6-2.2393269502440103*^-6*I,-0.000010991143634456903-1.5927187441272217*^-20*I,-0.00002129459454340989+0.00003688331967576479*I,0.0000754170654406426+0.00013062618910094026*I,0.0004889300326162973+6.519890995765608*^-19*I,0.0007254738953761127-0.0012565576463563317*I,-0.0019692801907244114-0.00341089334467362*I,-0.009758788606099932-1.0871279703131269*^-17*I,-0.010996595327415608+0.019046661817358295*I,0.022419511544200375+0.03883173307543205*I,0.08203065548883826+1.824259632211404*^-17*I,0.06650741525091551-0.1151942222946668*I,-0.09372193014579697-0.16233114479594163*I,-0.22169052889551624-1.1106476863633747*^-16*I,-0.10213439800221775+0.1769019665403022*I,0.05769502232774888+0.09993071001548197*I,-0.02560563471808039-1.1374696430108486*^-17*I,-0.07446815051544545+0.1289826202384377*I,0.08396504280560567+0.1454317201990049*I,0.05460889718148816+3.645551377438877*^-17*I,-0.05244563942126625+0.09083851211307022*I,0.07959729890146511+0.13786656584258417*I,0.04281632029511583+2.854782101133676*^-17*I,-0.06052182281170441+0.10482687207655297*I,0.06630108548837467+0.11483684866283267*I,-0.030771791470418197-3.4216316239207298*^-18*I,-0.07437937801029174+0.12882886174919655*I,0.023016551609164385+0.03986583680210394*I,-0.12642353549021937-2.8080329850345106*^-17*I,-0.046013677950536555+0.079698028053441*I,-0.04859356248231082-0.08416651914013523*I,-0.11339487255733863-3.7803067884601925*^-17*I,0.038547567110782124-0.06676634474404562*I,-0.05994819994286429-0.10383332812333862*I,0.07138658426904493+7.927949591788309*^-18*I,0.05849458285090485-0.1013155894653143*I,0.04000431742811986+0.06928951030761674*I,0.10456581455661676+5.806360644072828*^-18*I,-0.04981125604736238+0.08627562626285411*I,0.03918453399469838+0.06786960374972746*I,-0.1225903571432768+0.*I,-0.016720019119203313+0.028959922617983167*I,-0.06757533133090418-0.11704390720342703*I,0.029594458023532156-1.6433295822265357*^-18*I,0.05930894469601244-0.10272610555678625*I,0.048116705603878214+0.08334057879875115*I,0.05853086992106798-6.500237979574558*^-18*I,-0.06701707927890999+0.11607698628594351*I,-0.018441852013353296-0.03194222467279428*I,-0.10503246763729694+3.501524729147047*^-17*I,0.06028816188743997-0.10442215948398369*I,-0.001142063458803174-0.0019781119361149415*I,0.1215976581181289-2.7008439020048712*^-17*I,-0.05555615841384515+0.09622608904612502*I,0.006125090554120869+0.010608968040697551*I,-0.12269135412430601+1.3642514692618812*^-17*I,0.0588953014555427-0.10200965444808534*I,0.003922785363755735+0.006794463557212483*I,0.10794574817297058-7.197292706464371*^-17*I,-0.06761374356536326+0.1171104391451426*I,-0.028915336940006864-0.050082832698065*I,-0.061439601665840386+4.1015518723591364*^-17*I,0.06856197459094332-0.11875282345876043*I,0.061046066606637264+0.10573488896492933*I,-0.03143228278190137+1.396304675458783*^-17*I,-0.03847056059560893+0.06663296554725194*I,-0.07125098042467286-0.12341031818462875*I,0.13483145923958184-6.754923135395523*^-17*I,-0.03157206718045349+0.054684424456523335*I,0.017927074567409773+0.031050603981829558*I,-0.1196930746827903+2.6618249372490966*^-17*I,0.07932290559210993-0.1373913026895239*I,0.07198933372540259+0.12468918361542865*I,-0.08582201584585591+9.56056306377695*^-17*I,0.0024556366156509553-0.004253287383233954*I,-0.03833532510231342-0.06639873080187723*I,0.1421654996095784-1.8957795573593346*^-16*I,-0.09147803332993738+0.15844460150393122*I,-0.0990431228539332-0.17154772092329798*I,0.19190163519566333-2.780832837509358*^-16*I,-0.0856152530488189+0.14828996818342102*I,-0.07153009135467585-0.12389375249634146*I,0.11310607444021059-1.5101348928613438*^-16*I,-0.042623544767508445+0.07382614513601142*I,-0.030791208003254435-0.05333193668805791*I,0.04281855525695781-7.163812665132037*^-17*I,-0.014375394072179278+0.02489891291183907*I,-0.009346742812241784-0.016189033436081916*I,0.011796113074388928-1.0480287386249709*^-17*I,-0.0036191174652109785+0.0062684953283053185*I,-0.002163032111074087-0.0037464815147832784*I,0.0025220243646421094-2.2517922125394717*^-18*I
3.921984030678784*^-14+6.793075607609444*^-14*I,1.3278332524251373*^-12+1.1797169117213624*^-27*I,7.732998859398195*^-12-1.3393946919349794*^-11*I,-7.149189412389339*^-11-1.238275929519187*^-10*I,-1.1117031258350284*^-9-1.8599490069039018*^-24*I,-3.749468411071967*^-9+6.4942697893511705*^-9*I,2.2366996812076516*^-8+3.874077489124775*^-8*I,2.390114843178698*^-7+3.1911600154931973*^-22*I,5.769319567135776*^-7-9.992754615380416*^-7*I,-2.5321680849074293*^-6-4.385843776364064*^-6*I,-0.000020294862672081216-2.940913999702164*^-20*I,-0.00003723510362794986+0.00006449309130870118*I,0.000125314606071772+0.00021705126464678908*I,0.0007740922118763678+1.0322533911648251*^-18*I,0.0010966056241890083-0.0018993766569611395*I,-0.002845861088954676-0.0049291759973528046*I,-0.013492688653675445-1.503084022228787*^-17*I,-0.014546848716143132+0.025195881066377934*I,0.02835134979061465+0.049105978300501854*I,0.09895788917826291+2.2007002314070063*^-17*I,0.07622433879521252-0.1320244275666515*I,-0.10125309532662338-0.17537550552932668*I,-0.22207041531856925-1.112550879877986*^-16*I,-0.09074096496605165+0.1571679616490288*I,0.0357698530942717+0.06195520293855347*I,-0.07189793207115511-3.1938952510498856*^-17*I,-0.08446734786931553+0.14630173809024896*I,0.07215585445634079+0.12497760598192768*I,0.0035258363678709764+2.3537588728075183*^-18*I,-0.06899720021412731+0.11950665635087053*I,0.06998742779461928+0.121221780831339*I,-0.009512616030235517-6.342545503886152*^-18*I,-0.07277345842522322+0.12604732743498784*I,0.04887209999753422+0.08464896026831618*I,-0.0791769781893616-8.803987012574141*^-18*I,-0.07114663477070146+0.1232295862104014*I,-0.0030239966764954553-0.0052377158856095575*I,-0.14298212756558215-3.1758210915215886*^-17*I,-0.02303026481151903+0.0398895887653166*I,-0.06376008413398448-0.11043570521492746*I,-0.07470350942360361-2.4904316873150566*^-17*I,0.05683847402334034-0.09844712483310922*I,-0.04265379031187499-0.07387853195555662*I,0.10898243345667491+1.2103215858859888*^-17*I,0.041030710679940345-0.07106727556831562*I,0.05715546234238556+0.0989961647071015*I,0.0654560979431195+3.634665044432112*^-18*I,-0.06288820668533368+0.10892556917589065*I,0.016720019119203313+0.028959922617983167*I,-0.1346267781565737+0.*I,0.007433322484343369-0.012874892211926826*I,-0.06361450681158283-0.11018355789609785*I,0.07318232463264908-4.063689183606963*^-18*I,0.04436308688782395-0.07683912047030378*I,0.061045831248250984+0.10573448131224648*I,0.013766625823082582-1.528874321302082*^-18*I,-0.06500630360830338+0.11259422066182949*I,-0.03879313312003098-0.06719167754867657*I,-0.0708716291278187+2.362686201403445*^-17*I,0.0665656688344695-0.11529512046110545*I,0.020620185989836847+0.03571520979591733*I,0.09567876874196639-2.1251512825767783*^-17*I,-0.06469747170858119+0.11205930812051268*I,-0.015135588171948586-0.02621560771625349*I,-0.09782109273545475+1.0877096470378673*^-17*I,0.0664207596775632-0.11504413043886177*I,0.02397971246514679+0.04153408034052691*I,0.07755102437265568-5.170721696252201*^-17*I,-0.06924323223709036+0.11993279631493187*I,-0.045369987341228143-0.07858312321376383*I,-0.024077919416480662+1.6073807900366995*^-17*I,0.060557549102870034-0.10488875182801817*I,0.06834213307374665+0.11837204678136233*I,-0.06605958168394034+2.93454037061694*^-17*I,-0.02163050380068631+0.03746513157610043*I,-0.0638845820372124-0.1106513419087538*I,0.14519093314226944-7.27392256127467*^-17*I,-0.046030359272355714+0.07972692095036932*I,0.0010770465796880403+0.0018654993981379665*I,-0.09487629313486862+2.1099306178694048*^-17*I,0.07544322073482197-0.13067149139934553*I,0.07711230908234423+0.13356243721957484*I,-0.10925386385348651+1.2170868337660889*^-16*I,0.016994420319766577-0.02943519943901672*I,-0.024607168612286696-0.04262086626689458*I,0.12138973924968563-1.618734410069412*^-16*I,-0.08554071819192473+0.14816087002434544*I,-0.09743667347092498-0.1687652689721401*I,0.19553820861488613-2.8335301622084287*^-16*I,-0.08963809856002687+0.15525774099983364*I,-0.07658628095054941-0.13265132976909563*I,0.12345372540592793-1.6482914760494595*^-16*I,-0.047321382774574004+0.08196303924997712*I,-0.03471388679892996-0.060126215663940996*I,0.048957328963307095-8.190867981735194*^-17*I,-0.01665201666939481+0.028842138919875804*I,-0.010959765777935785-0.018982871166439343*I,0.013991558233676466-1.2430836356489731*^-17*I,-0.004339642342142669+0.007516481023268321*I,-0.0026206675840489023-0.004539129405321471*I
-1.3974924287582426*^-14+2.420527889802101*^-14*I,2.421151707127219*^-13+4.1935577695764755*^-13*I,5.776454646494898*^-12+5.1321061765966575*^-27*I,2.7368383805535337*^-11-4.740343127223227*^-11*I,-2.1828356034011134*^-10-3.780782169661011*^-10*I,-3.0235937476612604*^-9-5.058661847351811*^-24*I,-9.26872544496219*^-9+1.60539033920809*^-8*I,5.0951587513925636*^-8+8.825073830041151*^-8*I,5.067526428314481*^-7+6.765904057557945*^-22*I,1.1470407842893976*^-6-1.9867329167428834*^-6*I,-4.748181392110458*^-6-8.224091414688461*^-6*I,-0.00003605456898732004-5.224641743149244*^-20*I,-0.00006289385530985526+0.00010893535288055456*I,0.00020181152397801208+0.00034954781308282277*I,0.0011911023243671684+1.5883371447078767*^-18*I,0.0016146808993517362-0.0027967093556882077*I,-0.004013738607281328-0.006951999196112024*I,-0.018234270301056274-2.031295692801202*^-17*I,-0.018830342274883498+0.03261510954401026*I,0.035107423070949086+0.06080784048169965*I,0.11690740789012201+2.5998751765361884*^-17*I,0.08547780641372328-0.1480519036281055*I,-0.10672808406108573-0.18485846418828267*I,-0.21528163754742977-1.0785397727625134*^-16*I,-0.0756127997579959+0.13096521088338048*I,0.012483668557412658+0.02162234820628882*I,-0.11204162413423278-4.977183639831119*^-17*I,-0.08778134854986142+0.15204175564527228*I,0.054624665152359024+0.09461269539032315*I,-0.04648535759301042-3.1032444922067506*^-17*I,-0.07838311944736986+0.13576354533858453*I,0.05341337464594826+0.09251467869049382*I,-0.059471781381956836-3.965286503873442*^-17*I,-0.0765356818350727+0.13256368953027214*I,0.026194683822061422+0.04537052326801295*I,-0.11694655243040245-1.3003728511843143*^-17*I,-0.05929240244790721+0.10269745354259655*I,-0.028075238099110007-0.04862773882225202*I,-0.14106134698671186-3.133158028812836*^-17*I,0.002379394139805671-0.004121231541375063*I,-0.07033803570122747-0.12182905153911967*I,-0.02714121365382498-9.04821460694546*^-18*I,0.06729184097327562-0.11655288750055842*I,-0.02013903360073538-0.03488182941181047*I,0.13147494215451894+1.4601156851208104*^-17*I,0.018559354132773407-0.03214574431362695*I,0.06648334446701873+0.11515253047397968*I,0.018645034599288336+1.0353268471510557*^-18*I,-0.06757533133090418+0.11704390720342703*I,-0.007433322484343369-0.012874892211926826*I,-0.12932945322555403+0.*I,0.030174588481316142-0.05226392034712216*I,-0.05183605599552095-0.0897826826482276*I,0.10696097560383035-5.939359836014544*^-18*I,0.02435144924757517-0.042177947334735115*I,0.06647808945791084+0.11514342853121051*I,-0.031757232139076906+3.52684945149414*^-18*I,-0.05558486027269538+0.09627580212392524*I,-0.054408072592936084-0.09423754607286097*I,-0.029548560715039886+9.85076504264428*^-18*I,0.06557159383164982-0.11357333204968756*I,0.03982200442723111+0.068973734927197*I,0.06043699601878952-1.3423851633249866*^-17*I,-0.06722957634427704+0.11644504199961861*I,-0.034551907299645045-0.059845658941395166*I,-0.0641987405616917+7.138500244060749*^-18*I,0.06776712411543534-0.11737610205076027*I,0.04157512408378096+0.072010227244089*I,0.041093370280121645-2.7399042501167938*^-17*I,-0.06517601798865345+0.11288817459137106*I,-0.05797224910506652-0.10041088087901444*I,0.014463921530847529-9.655746916973741*^-18*I,0.048317197011548345-0.08368784010331701*I,0.0708088452099308+0.12264451752888005*I,-0.09577983408045758+4.254792153314914*^-17*I,-0.0037283138607830963+0.0064576290334396064*I,-0.05289478069816351-0.09161644762443266*I,0.14737387437730895-7.383285764305617*^-17*I,-0.05787567658403513+0.10024361236597325*I,-0.015549467831761202-0.026932468315268254*I,-0.06624578985064755+1.4732238759806085*^-17*I,0.06854666755551117-0.11872631089567853*I,0.0792871163618565+0.13732931392436074*I,-0.12865275710700697+1.4331902898429892*^-16*I,0.0307953821134835-0.0533391664590514*I,-0.01045685516294329-0.01811180442960666*I,0.09824092983352888-1.3100446098796584*^-16*I,-0.07811704619386534+0.13530269294498018*I,-0.09442699126123288-0.16355234647031722*I,0.1970003081210915-2.8547173413297355*^-16*I,-0.0929726890807358+0.16103342120413908*I,-0.08132585163842886-0.14086050700656694*I,0.1337374030994216-1.7855939205799157*^-16*I,-0.0521684114381268+0.09035833916099326*I,-0.03887497666995483-0.06733343473541627*I,0.05561603368264973-9.304911015544699*^-17*I,-0.019168496434406993+0.03320080972909591*I,-0.012772431541394376-0.022122500365890238*I,0.016495554290919315-1.4655518175699967*^-17*I,-0.005172614373580502+0.008959230903002512*I
-9.861046713394638*^-15-8.80444634398329*^-30*I,-8.73780594670039*^-14+1.513432384636252*^-13*I,1.0669476962445658*^-12+1.8480076189141577*^-12*I,2.0712793771232932*^-11+1.8402335576618674*^-26*I,8.467777704784357*^-11-1.466662121188542*^-10*I,-6.017275688355902*^-10-1.0422227215381455*^-9*I,-7.577322365274677*^-9-1.2677335235247653*^-23*I,-2.1410210923532624*^-8+3.7083573120324533*^-8*I,1.0957408533725464*^-7+1.8978788299701358*^-7*I,1.0222585852382362*^-6+1.3648677727838386*^-21*I,2.183134374641141*^-6-3.781299656628553*^-6*I,-8.565397483179056*^-6-0.00001483570362788876*I,-0.000061868469931463-8.965315622060975*^-20*I,-0.00010295529582205723+0.0001783238032720863*I,0.0003158541881198772+0.0005470755016070471*I,0.001785324073681138+2.380732942550118*^-18*I,0.0023204980280665238-0.0040192204834745985*I,-0.005533969297581808-0.009585115990937969*I,-0.02411991858332761-2.6869562598395223*^-17*I,-0.0238797632838526+0.04136096328035041*I,0.04260829922942382+0.07379973908945994*I,0.13533341222530237+3.0096465686006534*^-17*I,0.09379589923971797-0.16245926302480246*I,-0.10965031429309066-0.18991991542152897*I,-0.2010362168374951-1.0071716199073289*^-16*I,-0.05734393898659559+0.09932261583091322*I,-0.010851415642751388-0.018795203227293108*I,-0.14346291206794745-6.372999895214415*^-17*I,-0.08431458943464297+0.1460371527201114*I,0.03299073451255815+0.05714162835476687*I,-0.09096167861890901-6.07237080216531*^-17*I,-0.07995573545665384+0.13848739616746059*I,0.03181851322710431+0.05511128153064711*I,-0.10184452101912315-6.79049282376307*^-17*I,-0.07173292576630634+0.12424507200280906*I,0.0010700345314147792+0.0018533541742635558*I,-0.14009291924511716-1.5577460390542268*^-17*I,-0.04059744044391481+0.07031682950611204*I,-0.049118361996155095-0.08507549856190093*I,-0.12167561110597734-2.7025753403823194*^-17*I,0.026923341843889493-0.046632595983161704*I,-0.06785413511945239-0.11752680953053533*I,0.022852510755771365+7.618466302320575*^-18*I,0.0688943506352313-0.11932851565468568*I,0.004487025157698594+0.0077717555479737185*I,0.13659513566199055+1.5169788008491792*^-17*I,-0.005830014461361389+0.010097881255939222*I,0.06711202190375525+0.1162414317359795*I,-0.029594458023532156-1.6433295822265357*^-18*I,-0.06361450681158283+0.11018355789609785*I,-0.030174588481316142-0.05226392034712216*I,-0.1080375291729771+0.*I,0.04875737305658683-0.08445024737759825*I,-0.03397410840646671-0.05884488190185324*I,0.12724491116881378-7.065692047653938*^-18*I,0.0018341045653603233-0.0031767622935981138*I,0.06405847019101878+0.11095252502598088*I,-0.07279540390436978+8.084408276107516*^-18*I,-0.04008106218776295+0.06942243613053321*I,-0.06373253803758128-0.11038799397640676*I,0.014218998537504851-4.7402651887328595*^-18*I,0.05766292890763029-0.0998751225812479*I,0.05456846482131738+0.09451535356155656*I,0.019733140176217592-4.382989947106451*^-18*I,-0.06312185607478708+0.10933026178958145*I,-0.05033214419657423-0.08717783100234958*I,-0.025213900444998456+2.803628745759963*^-18*I,0.06300502088489335-0.10912789730457365*I,0.055255938723313996+0.09570609328869227*I,0.001808379800024603-1.205738898060055*^-18*I,-0.055904194566676196+0.0968289053456993*I,-0.06584975736764181-0.11405512542683846*I,0.05127948984366101-3.4232885936633167*^-17*I,0.032824463906489305-0.056853639217250375*I,0.06839781552874914+0.1184684916225168*I,-0.1187808986266049+5.276559938657166*^-17*I,0.014110635848043321-0.02444033821591381*I,-0.038996326287395085-0.06754361843830202*I,0.1414178831865326-7.084896479522319*^-17*I,-0.06654580350116947+0.11526071269452046*I,-0.031161069358582615-0.05397255534724279*I,-0.035118197174268555+7.80984975425143*^-18*I,0.0589442321900427-0.10209440496629094*I,0.07845270343696348+0.1358840683439539*I,-0.1433801335609885+1.5972531004919106*^-16*I,0.043445973111538104-0.07525063281345551*I,0.0037513777770584425+0.0064975769082499975*I,0.07319063061523833-9.759984081345893*^-17*I,-0.0692979318718065+0.12002753886141584*I,-0.08998804101068643-0.15586385910410017*I,0.1960958157117675-2.8416104066725*^-16*I,-0.09549850046567436+0.16540825485318858*I,-0.08563677951829851-0.14832725312226636*I,0.14378517535292834-1.9197466754221455*^-16*I,-0.057109413603903494+0.09891640595242639*I,-0.04324650219806055-0.07490513905667973*I,0.06277881107580693-1.0503288567021824*^-16*I,-0.021929309754474265+0.037982678669665364*I,-0.014795312243610529-0.02562623251977921*I,0.019332691386741003-1.717618001836728*^-17*I
-1.7227410148913065*^-15-2.9838749660745212*^-15*I,-6.24278416523902*^-14-5.573876670237794*^-29*I,-3.8993126806772696*^-13+6.753807677530615*^-13*I,3.874831550100881*^-12+6.711405115545611*^-12*I,6.491808085171613*^-11+5.767663802468458*^-26*I,2.3650304801841734*^-10-4.0963529531279904*^-10*I,-1.5281673222495201*^-9-2.646863444602661*^-9*I,-1.7741712936006775*^-8-2.9682997725956524*^-23*I,-4.668332005621477*^-8+8.085788220336285*^-8*I,2.241758244517985*^-7+3.882839177791577*^-7*I,1.973878651365972*^-6+2.6354225804888577*^-21*I,3.996873716421452*^-6-6.922788348278574*^-6*I,-0.000014923206904802091-0.00002584775257097999*I,-0.00010288007031889012-1.4908277231527558*^-19*I,-0.00016378136804649733+0.0002836776507896703*I,0.00048153995193990756+0.0008340516626341979*I,0.0026118988414813747+3.482971918763128*^-18*I,0.0032603825119313155-0.0056471481627740645*I,-0.00746969130085607-0.012937884849938009*I,-0.03126711490395836-3.483153138683686*^-17*I,-0.02969707985478136+0.051436851144911366*I,0.05072007041929398+0.08784973892968852*I,0.15357194566721358+3.4152488414405135*^-17*I,0.10069228351616108-0.17440415098012102*I,-0.1096140760092947-0.1898571488728153*I,-0.1794658564802601-8.991062418140755*^-17*I,-0.03675676793888536+0.06366458959216813*I,-0.032882482943473346-0.0569541311371129*I,-0.16419258433008116-7.293866461005558*^-17*I,-0.07449219381993172+0.12902426446338983*I,0.009167107427077131+0.015877895822139627*I,-0.12610601318933515-8.418517381111812*^-17*I,-0.07383993204931547+0.1278945139368477*I,0.007555098202109399+0.013085813942225778*I,-0.13247968617825234-8.833095283730479*^-17*I,-0.059224473588403506+0.10257979730663579*I,-0.023584139941187292-0.040848928630950916*I,-0.14654197225278698-1.6294554932684772*^-17*I,-0.01754262217176831+0.03038471289948698*I,-0.06379467786638132-0.11049562331706221*I,-0.08790236277413141-1.9524270791440307*^-17*I,0.04761513456957621-0.08247183228373517*I,-0.056989296012398584-0.09870835618105683*I,0.06892482537142416+2.297784541477184*^-17*I,0.0618058039875615-0.10705079270909955*I,0.02803749627504659+0.04856236806540384*I,0.12439912881901465+1.3815341252672642*^-17*I,-0.028991803111056477+0.050215275991383236*I,0.05930894469601244+0.10272610555678625*I,-0.07318232463264908-4.063689183606963*^-18*I,-0.05183605599552095+0.0897826826482276*I,-0.04875737305658683-0.08445024737759825*I,-0.07396555738976054+0.*I,0.06109462620816977-0.10581899666197915*I,-0.012391398003898837-0.021462530919560352*I,0.1321456556488613-7.337821997544949*^-18*I,-0.020478899103883907+0.03547049373100369*I,0.05435005472006642+0.09413705616930368*I,-0.10488942409641763+1.1648660255463296*^-17*I,-0.02042531902180252+0.035377690306565006*I,-0.06597564533586893-0.11427316978386953*I,0.05569564158018884-1.8567560173125976*^-17*I,0.04389739093411606-0.07603251141760249*I,0.06351087086215439+0.11000405516619709*I,-0.02221801318636375+4.934912921658307*^-18*I,-0.05298616443719114+0.09177472890341429*I,-0.061109175052215796-0.10584419599905824*I,0.015407917223397348-1.7132644643393835*^-18*I,0.05274239181148328-0.09135250233019387*I,0.06396642916685216+0.11079310529574354*I,-0.03696806525295319+2.4648491572899428*^-17*I,-0.04231574775028142+0.07329302506375596*I,-0.06852658860821584-0.11869153313880029*I,0.08369594831549153-5.587329087667877*^-17*I,0.015258797247654606-0.026429012095329975*I,0.06139190186364015+0.10633389320110698*I,-0.13373849947145225+5.94101591018884*^-17*I,0.03079623409779608-0.05334064213916795*I,-0.023054614764518144-0.03993176412107297*I,0.12780490942739506-6.402899919478151*^-17*I,-0.07165213102484456+0.1241051314056131*I,-0.04502657197342519-0.07798831034862923*I,-0.002909270350258877+6.469854992063242*^-19*I,0.04705791148518444-0.08150669359041851*I,0.07466290166393719+0.12931993912245773*I,-0.15295414948366878+1.7039075318755675*^-16*I,0.054561624922806785-0.09450350650981794*I,0.017638835491016674+0.03055135925678992*I,0.04678691085778774-6.239043185567048*^-17*I,-0.05921744327728779+0.10256762045059083*I,-0.08412883927229335-0.1457154240014075*I,0.1926754028606836-2.7920454492690104*^-16*I,-0.09710310890054204+0.16818751818863298*I,-0.08940544915851265-0.15485478041605955*I,0.1534113805593359-2.0482708810405093*^-16*I,-0.06208073742006101+0.10752699138288845*I,-0.047792864357890416-0.0827796693071136*I,0.0704183796867983-1.1781436277591112*^-16*I,-0.024935309754707032+0.043189223397620595*I,-0.017037108865831724-0.0295091381697026*I
5.962257156428054*^-16-1.0326932322724501*^-15*I,-1.103950380696211*^-14-1.912098148400846*^-14*I,-2.820307122641342*^-13-2.5181142992782263*^-28*I,-1.4338162575948885*^-12+2.483442606872607*^-12*I,1.2298290312013088*^-11+2.1301263666638817*^-11*I,1.8364273521427031*^-10+1.6315786643493276*^-25*I,6.084600433040757*^-10-1.0538837093782142*^-9*I,-3.6254959037934684*^-9-6.279543108003158*^-9*I,-3.92062939048869*^-8-6.559458700631387*^-23*I,-9.6822648998371*^-8+1.677017473885858*^-7*I,4.389468917919758*^-7+7.602783184081427*^-7*I,3.665813328584193*^-6+4.894407878276701*^-21*I,7.066628632302274*^-6-0.000012239759829368467*I,-0.000025193825539163438-0.00004363698587085757*I,-0.00016624246721797602-2.409007673941737*^-19*I,-0.00025378769647397685+0.00043957318462879523*I,0.0007165561591927378+0.0012411116741982385*I,0.0037360346191389134+4.9820090500164665*^-18*I,0.00448525340252913-0.007768686778001613*I,-0.009883047641973225-0.017117940649521463*I,-0.039763039267514746-4.4295981721905754*^-17*I,-0.03624705400284369+0.06278173915761796*I,0.05925279220058641+0.10262884658173661*I,0.17086421769252289+3.7998074386747226*^-17*I,0.10569499497057512-0.18306910139477298*I,-0.10633904426578725-0.18418462749665948*I,-0.15114103574371548-7.572016833539921*^-17*I,-0.014854669790874433+0.02572904280745304*I,-0.052313242642879856-0.09060919416614677*I,-0.17301698119760484-7.68586938009745*^-17*I,-0.059217215455956936+0.1025672258524702*I,-0.014811174846886552-0.02565370735459374*I,-0.14909870964266472-9.95345144044462*^-17*I,-0.06088009908219833+0.10544742478019471*I,-0.0168738330614228-0.029226336180819823*I,-0.1486519223338108-9.911380619648561*^-17*I,-0.04064837637493363+0.07040505312656739*I,-0.045063748805281176-0.07805270251026838*I,-0.136226730235261-1.5147564243842594*^-17*I,0.0070304345907430624-0.012177069910456688*I,-0.07063239708060547-0.12233890040398836*I,-0.04435498926502088-9.851826435961837*^-18*I,0.06211040775822249-0.10757838191606142*I,-0.0394050234520089-0.06825150269232262*I,0.10558154603479904+3.51982965552213*^-17*I,0.04724697121547318-0.08183415464894377*I,0.047647152739649465+0.0825272893810675*I,0.09707861148809083+1.0781218154629074*^-17*I,-0.048116705603878214+0.08334057879875115*I,0.04436308688782395+0.07683912047030378*I,-0.10696097560383035-5.939359836014544*^-18*I,-0.03397410840646671+0.05884488190185324*I,-0.06109462620816977-0.10581899666197915*I,-0.03167691746300616+0.*I,0.06595685257497545-0.11424061976718763*I,0.010244199376760244+0.017743473803414168*I,0.12165901125259239-6.755516589519708*^-18*I,-0.04004771469815817+0.06936467658423287*I,0.03870530691044942+0.06703955809144513*I,-0.1248054679170475+1.3860467881427371*^-17*I,0.001101255926754028-0.0019074312172743272*I,-0.0611421225085654-0.10590126266743585*I,0.09062420179644842-3.0211885028281996*^-17*I,0.025879257351518817-0.04482418859498101*I,0.06594638152787805+0.11422248338160637*I,-0.061281137088456325+1.3611346466269314*^-17*I,-0.03797909772264003+0.06578172688123601*I,-0.06604150221097534-0.1143872372375816*I,0.05395998121772041-6.0000139523307245*^-18*I,0.0380409768875429-0.06588890473877776*I,0.06711567530322825+0.11624775960948687*I,-0.07207782957641717+4.8057959288666744*^-17*I,-0.025604367396998576+0.04434806522726169*I,-0.06594021226637117-0.1142117979072312*I,0.10945870199752367-7.307185137132074*^-17*I,-0.0030956844579291933+0.005361882765334691*I,0.050372807912666434+0.08724826262464566*I,-0.13988294937416584+6.213968536213867*^-17*I,0.04533901167668162-0.07852947178897124*I,-0.006031003580279375-0.01044600462167367*I,0.10742350200838835-5.3818115081902774*^-17*I,-0.07299628830310619+0.12643328010492572*I,-0.056509864655484306-0.0978779567121395*I,0.028931967109111563-6.434109219668723*^-18*I,0.03340245126022074-0.05785474268004544*I,0.06808518308696371+0.11792699634925008*I,-0.15707089279709524+1.7497680068102125*^-16*I,0.06380047237547894-0.11050565970122445*I,0.03082490465510255+0.05339030100110387*I,0.019639857991768154-2.6189786827665654*^-17*I,-0.04805097972269662+0.08322673823317268*I,-0.07689542671653346-0.13318678594272476*I,0.18663988663958234-2.704585216416663*^-16*I,-0.09768589263210228+0.16919692922151994*I,-0.09251943418648266-0.1602483606985124*I,0.16241980834126588-2.1685468360733688*^-16*I,-0.06701086162451263+0.11606621699262377*I,-0.05247072635742187-0.09088196396109778*I,0.07849513865116593-1.3132728674425387*^-16*I,-0.028183199861955208+0.04881473408077479*I
4.0885796634267294*^-16+4.096676178563698*^-31*I,3.866270563017212*^-15-6.696577050953723*^-15*I,-5.0474742209125376*^-14-8.74248180051467*^-14*I,-1.0497055930365778*^-12-9.372307869017436*^-28*I,-4.60697226966386*^-12+7.979510040118695*^-12*I,3.5225207979806935*^-11+6.10118499282064*^-11*I,4.784618232606164*^-10+4.250906531243162*^-25*I,1.4621509530548759*^-9-2.532519739026291*^-9*I,-8.116820267195621*^-9-1.4058745098687663*^-8*I,-8.240141397186639*^-8-1.378627301864703*^-22*I,-1.9216834416396243*^-7+3.328453356983637*^-7*I,8.265643040216212*^-7+1.4316513702882605*^-6*I,6.573976306212889*^-6+8.777239466571422*^-21*I,0.000012105517496572346-0.000020967371355977237*I,-0.000041327994888681156-0.00007158218692214285*I,-0.00026165076100624033-3.7915624190674385*^-19*I,-0.0003838314230141921+0.0006648155262020406*I,0.0010425383686470504+0.001805729423336669*I,0.005232734390810487+6.977860953911286*^-18*I,0.00604914062413699-0.010477418903134146*I,-0.012831443640975179-0.022224712320625655*I,-0.04965279675989102-5.5313160619351747*^-17*I,-0.043452052787571985+0.07526116312123934*I,0.0679624109556757+0.11771434878010607*I,0.1863891444044322+4.1450624768650533*^-17*I,0.10837699432346926-0.18771446053985244*I,-0.09969845696422774-0.17268279289826172*I,-0.117059345971472-5.864557787748357*^-17*I,0.00724015078112466-0.012540309007367391*I,-0.06799793638977035-0.117775880636919*I,-0.16956707001871843-7.532615251454578*^-17*I,-0.039789173847656685+0.06891687069533209*I,-0.03696251904486554-0.06402096096143949*I,-0.15830396098950117-1.0567970657260203*^-16*I,-0.04252231299787615+0.07365080656766784*I,-0.03906900217248805-0.06766949676376825*I,-0.14924815012557677-9.951134162606013*^-17*I,-0.018195976277538176+0.031516355406014086*I,-0.0611568011377721-0.10592668679900753*I,-0.11094938379189598-1.233688069808404*^-17*I,0.03026869167412924-0.05242691185822889*I,-0.06914991860188435-0.11977117235771598*I,0.0034743907057249975+7.717078680597336*^-19*I,0.06893536414644315-0.11939955313990137*I,-0.01746930205235517-0.03025771872744645*I,0.12878163197951034+4.293263589629727*^-17*I,0.02727011490655799-0.04723322454639981*I,0.061094523305849045+0.10581881842993145*I,0.05853086992106798+6.500237979574558*^-18*I,-0.061045831248250984+0.10573448131224648*I,0.02435144924757517+0.042177947334735115*I,-0.12724491116881378-7.065692047653938*^-18*I,-0.012391398003898837+0.021462530919560352*I,-0.06595685257497545-0.11424061976718763*I,0.013552571810355575+0.*I,0.06305231562461126-0.10920981419669568*I,0.031288903986499014+0.05419397141776068*I,0.09753028819873645-5.415689911692939*^-18*I,-0.05477542653032323+0.0948738217567761*I,0.019061418169103426+0.033015344733203646*I,-0.13080133515418915+1.4526348364459902*^-17*I,0.022134368726656906-0.0383378512280334*I,-0.049978566964366554-0.08656541727176624*I,0.11563186047491256-3.8548824762297795*^-17*I,0.005562612449350304-0.009634727385089893*I,0.06184625125053396+0.10712084942359495*I,-0.0937927691992052+2.083260752421156*^-17*I,-0.01966059481047839+0.034053149118773586*I,-0.06485893074350856-0.11233896337234783*I,0.08708208937432736-9.682986158499419*^-18*I,0.020299485203703935-0.03515973974030792*I,0.06460171303504232+0.11189344923267776*I,-0.10078633959223195+6.719938479615339*^-17*I,-0.007160944799238083+0.012403120222476492*I,-0.058426320664032055-0.10119735588941475*I,0.12687547161125298-8.469884472459253*^-17*I,-0.02094395580016492+0.03627599555736259*I,0.03617028889024311+0.06264877808234504*I,-0.13702744526564914+6.087119533067032*^-17*I,0.05690675849756864-0.09856539701184092*I,0.011075540854109151+0.019183399480621827*I,0.0815096459074949-4.0835528741114436*^-17*I,-0.07057636112617735+0.12224184328386827*I,-0.06509942539959483-0.11275551233563805*I,0.058990019862228994-1.3118645864369083*^-17*I,0.018562930590714562-0.032151938920492194*I,0.05899452460595834+0.10218151398589191*I,-0.15561861481892728+1.7335896462117535*^-16*I,0.0708767451691734-0.12276212370812066*I,0.04294005783603555+0.07437436185195948*I,-0.007595703990682961+1.0128885270220154*^-17*I,-0.03601195365406608+0.062374533408658325*I,-0.0683717489786913-0.11842334303343846*I,0.17794651419730279-2.578610179614391*^-16*I,-0.09716166259968341+0.16828893617051693*I,-0.09487048170965667-0.1643204944596587*I,0.17060747522569092-2.2778644082240283*^-16*I,-0.07182123082711177+0.12439802085469008*I,-0.05722908730564318-0.09912368688416867*I,0.0869564713397812-1.4548362665690144*^-16*I
6.945280151695084*^-17+1.2029578095535591*^-16*I,2.6821876552398413*^-15+2.6874991263957286*^-30*I,1.7885582174448363*^-14-3.097873704909273*^-14*I,-1.9010210273818565*^-13-3.2926650056821686*^-13*I,-3.4134345162902847*^-12-3.0476887414553747*^-27*I,-1.3356483582345824*^-11+2.313410817508249*^-11*I,9.291092878835467*^-11+1.6092644923984453*^-10*I,1.1641964496263895*^-9+1.034333368050407*^-24*I,3.315254932822811*^-9-5.74218998369243*^-9*I,-1.728096356309018*^-8-2.9931506895018814*^-8*I,-1.6571081316821466*^-7-2.7724457656260675*^-22*I,-3.667576521557135*^-7+6.352428875983665*^-7*I,1.5028106060938434*^-6+2.6029443239079237*^-6*I,0.000011421554793798433+1.524948019830742*^-20*I,0.00002014832891407047-0.00003489792936677901*I,-0.00006602951940997746-0.00011436648241743667*I,-0.0004019300718897723-5.824339855957799*^-19*I,-0.0005675871955918751+0.0009830898604906583*I,0.0014852986545366897+0.0025726127340712484*I,0.007185835510828551+9.582324896959534*^-18*I,0.008007129908623758-0.013868755824540653*I,-0.0163632661313196-0.028342008317216654*I,-0.0609280288094495-6.787375663962434*^-17*I,-0.051188712216481955+0.08866145033296821*I,0.07655646010066595+0.13259967854197308*I,0.19930364035443626+4.4322647854599876*^-17*I,0.10838638331286182-0.1877307227465121*I,-0.08973852851312754-0.15543169078120536*I,-0.07860300901900773-3.937933232560666*^-17*I,0.028358982086377618-0.04911919782454161*I,-0.0790242033915012-0.136873935301737*I,-0.15433968389830066-6.856174708383422*^-17*I,-0.017792326897034052+0.030817214170537222*I,-0.05552217623621943-0.09616723018792557*I,-0.1533588623655301-1.0237848423876224*^-16*I,-0.020647749436324435+0.03576295108566551*I,-0.05696119838760163-0.09865968966733658*I,-0.13477708246899994-8.986274393117541*^-17*I,0.005652774378176842-0.009790892426725845*I,-0.07034563386037256-0.12184221193680302*I,-0.07405095254588871-8.234004876058088*^-18*I,0.049626927249542735-0.0859563594197324*I,-0.05983735264315276-0.1036413349683565*I,0.049912340889614014+1.108618731748456*^-17*I,0.06759269323400088-0.11707397890170654*I,0.00607458868426434+0.010521496236228821*I,0.13630408539899405+4.544043727092914*^-17*I,0.004452655248304969-0.007712225118652416*I,0.06701707927890999+0.11607698628594351*I,0.013766625823082582+1.528874321302082*^-18*I,-0.06647808945791084+0.11514342853121051*I,0.0018341045653603233+0.0031767622935981138*I,-0.1321456556488613-7.337821997544949*^-18*I,0.010244199376760244-0.017743473803414168*I,-0.06305231562461126-0.10920981419669568*I,0.056395420161169545+0.*I,0.052992829088338064-0.09178627241781544*I,0.04842020699563386+0.08386625862943982*I,0.06293603054295428-3.494730016576449*^-18*I,-0.06320824042823611+0.10947988387873413*I,-0.0023102524379879264-0.004001474600904955*I,-0.12271143161524428+1.3627911380593788*^-17*I,0.0404804880449718-0.0701142620090757*I,-0.03384760412557922-0.058625770059981104*I,0.1285140643681675-4.284343542058618*^-17*I,-0.014964478002025683+0.025919236208255304*I,0.05181657345121874+0.08974893789163539*I,-0.11687927448979452+2.5960423963909518*^-17*I,0.000174217547508901-0.0003017536438554614*I,-0.057853558369703906-0.10020530249497882*I,0.11203496014489366-1.2457590029653772*^-17*I,0.0011160885113350874-0.0019331220073762867*I,0.05679378004101948+0.09836971258493685*I,-0.12097896948558545+8.06628393847389*^-17*I,0.011543539419422766-0.0199939967736144*I,-0.04667487640835837-0.08084325737627453*I,0.13491206526895513-9.00638706802319*^-17*I,-0.037069734121532784+0.06420666292156456*I,0.019797385569488284+0.03429007766338455*I,-0.12555812648474646+5.577622225816957*^-17*I,0.0648693234794905-0.11235696411909836*I,0.02728689385887182+0.04726228654430512*I,0.05157025632232084-2.583618982502697*^-17*I,-0.06458266386397593+0.11186045510054891*I,-0.07043109332820048-0.12199023207706852*I,0.0859473752166809-1.9113626017977147*^-17*I,0.003169271106428001-0.005489338579293331*I,0.047762650444875494+0.08272733727467639*I,-0.1486843083604594+1.656341549034904*^-16*I,0.07557225497503374-0.13089498525930865*I,0.053638822474053334+0.09290516578322745*I,-0.03423972546071584+4.5658737004605623*^-17*I,-0.02334703402978957+0.04043824914563521*I,-0.05867935930810841-0.10163563167723316*I,0.16661389906794857-2.4143900662504185*^-16*I,-0.0954640986768233+0.16534866920702732*I,-0.0963576222579489-0.16689629744729667*I,0.17776893131303795-2.3734805347205216*^-16*I,-0.07642736161741143+0.13237607340979649*I,-0.06200956090946849-0.10740371005023597*I
-2.3384301394404313*^-17+4.050279811461197*^-17*I,4.608184907327215*^-16+7.981610390162834*^-16*I,1.2550801547216324*^-14+1.2575655595094396*^-29*I,6.814583532531064*^-14-1.1803204910765973*^-13*I,-6.254473977104435*^-13-1.0833066702962286*^-12*I,-1.0014038967857073*^-11-8.941045645721698*^-27*I,-3.565443403624676*^-11+6.175529126589234*^-11*I,2.28837617016143*^-10+3.9635837935494883*^-10*I,2.6724739523204885*^-9+2.3743664439259567*^-24*I,7.1474454794805276*^-9-1.2379738714788719*^-8*I,-3.519941029570299*^-8-6.096716702862086*^-8*I,-3.20413245981902*^-7-5.360714428281015*^-22*I,-6.757622482967969*^-7+1.1704545478870227*^-6*I,2.6468534503858416*^-6+4.584484656257281*^-6*I,0.000019278397007037522+2.5739537105189324*^-20*I,0.0000326594557245426-0.00005656783666245384*I,-0.00010295786832962917-0.00017832825898590488*I,-0.0006036584339013358-8.747571087243357*^-19*I,-0.0008218819792525378+0.0014235413458906607*I,0.0020748720573978653+0.0035937838226180814*I,0.009686254027274091+1.2916637596832632*^-17*I,0.010412749710199017-0.018035411544562747*I,-0.020513253076824913-0.03552999655757945*I,-0.07351674778382505-8.189757563996707*^-17*I,-0.059286934861390896+0.10268798340495527*I,0.08470354882859864+0.14671085015252416*I,0.20878850419880376+4.64319634665732*^-17*I,0.10547409138940805-0.18268648516861766*I,-0.07668728007943378-0.132826265391844*I,-0.037467961212094086-1.8771079053439262*^-17*I,0.04736357895783483-0.08203612518327001*I,-0.08477846696529968-0.14684061217169883*I,-0.1286509534265673-5.715013733433958*^-17*I,0.005035681124960143-0.00872205555914655*I,-0.06907999124582363-0.11965005462418003*I,-0.13514474893105977-9.021920438749832*^-17*I,0.0026234313222180117-0.004543916340249188*I,-0.06898980894550633-0.11949385429808698*I,-0.10721672038284404-7.148684711378916*^-17*I,0.028402282179708305-0.04919419578616283*I,-0.07191914605775025-0.12456761500899051*I,-0.029943834452402635-3.3295679584428016*^-18*I,0.06312502272107641-0.1093357465818441*I,-0.04403137274707303-0.07626457472493411*I,0.08975859186832827+1.993656368485403*^-17*I,0.0585462665014679-0.1014051081740101*I,0.028451907996300187+0.04928015022186718*I,0.12786999167370827+4.262871738931938*^-17*I,-0.018441852013353296+0.03194222467279428*I,0.06500630360830338+0.11259422066182949*I,-0.031757232139076906-3.52684945149414*^-18*I,-0.06405847019101878+0.11095252502598088*I,-0.020478899103883907-0.03547049373100369*I,-0.12165901125259239-6.755516589519708*^-18*I,0.031288903986499014-0.05419397141776068*I,-0.052992829088338064-0.09178627241781544*I,0.09208009407144792+0.*I,0.03716112054556875-0.06436494885111674*I,0.05987234208466648+0.10370193845878663*I,0.022036227305176907-1.2236339716872195*^-18*I,-0.06464889788073049+0.11197517578275715*I,-0.023069249834549672-0.039957112805939936*I,-0.10185899088426253+1.1312110720375585*^-17*I,0.054332307055340735-0.09410631631228314*I,-0.014549690818466987-0.02520080373200321*I,0.12837960927805914-4.279861139297217*^-17*I,-0.033692040468072906+0.05835632590136902*I,0.037001440313231035+0.06408837457574337*I,-0.1286773717772039+2.858093653027852*^-17*I,0.01967229737016906-0.03407341854673644*I,-0.04582152758281022-0.079365213853846*I,0.12690198631364907-1.411071077634715*^-17*I,-0.01785656671933028+0.03092848080662359*I,0.04447734869481041+0.07703702772536881*I,-0.1312961792536272+8.754184850472786*^-17*I,0.02907417486999498-0.05035794806297365*I,-0.03166258304709357-0.05484120253643498*I,0.1332361480308319-8.894507086715219*^-17*I,-0.05041511574170846+0.08732154193410473*I,0.0023767489262855766+0.004116649897161387*I,-0.10638851592828243+4.7260577043203853*^-17*I,0.06882943413528861-0.1192160769785356*I,0.041700918569785514+0.0722281096851609*I,0.01929421035354012-9.666209105156324*^-18*I,-0.05538360053638399+0.09592721003511605*I,-0.07230309640515835-0.12523263651828484*I,0.10864351899540295-2.416096577841857*^-17*I,-0.0121311163696528+0.021011709904769173*I,0.03484313668446647+0.06035008303256278*I,-0.13655229993421483+1.5211911094813622*^-16*I,0.07774548056874946-0.13465912240393332*I,0.06261220545737836+0.10844752102612035*I,-0.05960800746022325+7.948738780389751*^-17*I,-0.010330065891558994+0.01789219896971453*I,-0.047975896411174494-0.08309669012281533*I,0.15272536713459414-2.213132345722448*^-16*I,-0.09254886768736384+0.1602993410174842*I,-0.09689031742348769-0.16781895253895618*I,0.1837010117440393-2.452682661489147*^-16*I,-0.08074021182225442+0.1398461490900184*I
-1.5607940923344723*^-17-6.972086203985*^-33*I,-1.5688485371808963*^-16+2.71732537577742*^-16*I,2.180589271517069*^-15+3.776891408707178*^-15*I,4.836354837323241*^-14+4.845932153499421*^-29*I,2.2678089522976708*^-13-3.9279603272391007*^-13*I,-1.856218633093971*^-12-3.215064982474817*^-12*I,-2.7046670897952913*^-11-2.414864969465547*^-26*I,-8.886394904271408*^-11+1.5391687470319217*^-10*I,5.316686526008308*^-10+9.20877119096328*^-10*I,5.832523142291892*^-9+5.1819203777289806*^-24*I,1.4740725626429388*^-8-2.5531685725408163*^-8*I,-6.892827944358929*^-8-1.1938728207460256*^-7*I,-5.980557632717249*^-7-1.0005847758455145*^-21*I,-1.2060479065748477*^-6+2.088936250549711*^-6*I,4.528626205659806*^-6+7.843810676690671*^-6*I,0.00003168828696123878+4.230859224140601*^-20*I,0.000051663212790980105-0.00008948330943621956*I,-0.00015695574480917472-0.00027185532454930653*I,-0.0008877950081637278-1.2864973814117734*^-18*I,-0.001166954405892446+0.0020212243211220637*I,0.0028453299093370477+0.0049282559672671295*I,0.012829362609924353+1.7107978684447378*^-17*I,0.013314857035022538-0.02306200888017487*I,-0.02529775667393317-0.04381699987676703*I,-0.08727525541990276-9.72245379143599*^-17*I,-0.06753158473335698+0.11696813587381673*I,0.0920463915197612+0.1594290267656035*I,0.21409718728181376+4.7612548479679236*^-17*I,0.09951693561717323-0.17236838870250476*I,-0.060951728434319445-0.10557149045738196*I,0.004430884954673626+2.2198296643380335*^-18*I,0.06322199819666416-0.10950371303265014*I,-0.08498898949825714-0.14720524789491926*I,-0.09452761327945285-4.1991652116994476*^-17*I,0.026943051250608325-0.046666733676985706*I,-0.07668207043748673-0.13281724202730266*I,-0.10565113649200326-7.053001727655641*^-17*I,0.025137405505047377-0.04353926350520358*I,-0.07422049509516472-0.12855366846774216*I,-0.06972926388288761-4.649205094833942*^-17*I,0.04779416760488061-0.08278192659711563*I,-0.06599220387064038-0.1143018500073928*I,0.01642939652402711+1.8268466027590848*^-18*I,0.06952194148041478-0.12041553488490861*I,-0.023708331840079516-0.04106403530972067*I,0.11882953003949576+2.639360136964908*^-17*I,0.04309937679265393-0.07465031037943151*I,0.047172686565621326+0.08170548986117801*I,0.10503246763729694+3.501524729147047*^-17*I,-0.03879313312003098+0.06719167754867657*I,0.05558486027269538+0.09627580212392524*I,-0.07279540390436978-8.084408276107516*^-18*I,-0.05435005472006642+0.09413705616930368*I,-0.04004771469815817-0.06936467658423287*I,-0.09753028819873645-5.415689911692939*^-18*I,0.04842020699563386-0.08386625862943982*I,-0.03716112054556875-0.06436494885111674*I,0.11688342534647637+0.*I,0.01750466673469569-0.03031897215405373*I,0.06459071921091349+0.11187440737071727*I,-0.02054146064857595+1.1406321385951927*^-18*I,-0.05917999277167993+0.10250275427210857*I,-0.04105633589047087-0.07111165973490913*I,-0.0708215765130565+7.865201765228016*^-18*I,0.06242754222610945-0.10812767492727307*I,0.00588465538238734+0.010192522107328525*I,0.11565566218060833-3.8556759666900564*^-17*I,-0.04887649321423912+0.08465656954285768*I,0.0189428052525716+0.03280990113533659*I,-0.12844553995202745+2.8529443633046064*^-17*I,0.03709238741474508-0.06424589957636692*I,-0.029964765658272795-0.051900496557023536*I,0.1307070864254027-1.4533814217922096*^-17*I,-0.03505122403770284+0.06071050090078093*I,0.02876921621423289+0.04982974417698565*I,-0.13120137796953413+8.747863966120092*^-17*I,0.044138621127489376-0.0764503343688448*I,-0.01456830375794852-0.025233042288863406*I,0.12220925946467916-8.158379992487245*^-17*I,-0.060145393919259535+0.10417487810940192*I,-0.014936625800445242-0.02587099478001526*I,-0.08088306093857578+3.5930383083401156*^-17*I,0.06863834165049852-0.11888509508593462*I,0.053540264109229456+0.09273445768784176*I,-0.013543711853837534+6.785266068956138*^-18*I,-0.04350266591057135+0.07534882762180421*I,-0.07068276300238474-0.12242613673947998*I,0.12612575624084238-2.8048797650240854*^-17*I,-0.02670126483198723+0.04624794731535398*I,0.020753048081572713+0.03594533368920367*I,-0.11969487677905295+1.3333996021632765*^-16*I,0.07733785183673735-0.13395308872946346*I,0.06959907862628417+0.12054914034070496*I,-0.08303410170781614+1.107261276566202*^-16*I,0.0027451650287812924-0.004754765305010492*I,-0.03645233411847828-0.06313729474768064*I,0.1364305149855957-1.9770048114672383*^-16*I,-0.08839630331935765+0.1531068885503973*I,-0.09639155043067696-0.16695506276626965*I,0.1882079261033661-2.5128566942883757*^-16*I
-2.581845588203766*^-18-4.47188773606648*^-18*I,-1.058561889534325*^-16-4.728608842341116*^-32*I,-7.505533523304503*^-16+1.299996540027483*^-15*I,8.496166339130864*^-15+1.471579176893116*^-14*I,1.6275611044162782*^-13+1.6307841241940568*^-28*I,6.806917791566227*^-13-1.1789927457937213*^-12*I,-5.071048222694762*^-12-8.7833131693392*^-12*I,-6.819516850744923*^-11-6.088813079317039*^-26*I,-2.0889913665080512*^-10+3.6182391833646755*^-10*I,1.1742430473657706*^-9+2.0338486184720266*^-9*I,1.2175391195548146*^-8+1.0817258020898474*^-23*I,2.9223555404848163*^-8-5.061668273900089*^-8*I,-1.302822543138619*^-7-2.2565548379621923*^-7*I,-1.081150379166318*^-6-1.808832346795592*^-21*I,-2.0907748684236065*^-6+3.621328299297807*^-6*I,7.54485793883595*^-6+0.000013068077285953302*I,0.000050827753540832495+6.786263649203257*^-20*I,0.00007989679823891225-0.00013838531391187516*I,-0.0002342957630020868-0.00040581216551773203*I,-0.0012802751894409549-1.855237598270542*^-18*I,-0.0016266008778331486+0.002817355364043141*I,0.003834313382475297+0.006641225590588513*I,0.01671147680881841+2.2284785123287416*^-17*I,0.01675412375962276-0.029018993587963435*I,-0.030710186140888-0.05319160270591575*I,-0.10198296518878126-1.136089103138205*^-16*I,-0.07566708861709595+0.13105924194562651*I,0.09821785278200938+0.17011831122876056*I,0.2146043658546839+4.772533867881832*^-17*I,0.09053421365123526-0.15680985786723525*I,-0.0431032241078797-0.07465697412487537*I,0.04507175362193516+2.2580504061197535*^-17*I,0.07507766082465601-0.13003832306172755*I,-0.07974366396912036-0.13812007757621625*I,-0.054546722950317206-2.4231089041467196*^-17*I,0.04629918276637051-0.08019253690027094*I,-0.07788977042240668-0.1349090397614842*I,-0.0677513911180545-4.5229109167498635*^-17*I,0.04490181848152848-0.07777223096224244*I,-0.0723959556844972-0.12539347350805424*I,-0.026282801934688425-1.7524082409143676*^-17*I,0.062016660951104904-0.10741600768308636*I,-0.05343919032590768-0.09255939275981545*I,0.06014718863749566+6.687992895370542*^-18*I,0.06839640420138396-0.11846604713181438*I,-0.0012263891450407158-0.0021241683090614783*I,0.13434302363003472+2.9839352316768024*^-17*I,0.023191204087116755-0.04016834376758519*I,0.06028816188743997+0.10442215948398369*I,0.0708716291278187+2.362686201403445*^-17*I,-0.054408072592936084+0.09423754607286097*I,0.04008106218776295+0.06942243613053321*I,-0.10488942409641763-1.1648660255463296*^-17*I,-0.03870530691044942+0.06703955809144513*I,-0.05477542653032323-0.0948738217567761*I,-0.06293603054295428-3.494730016576449*^-18*I,0.05987234208466648-0.10370193845878663*I,-0.01750466673469569-0.03031897215405373*I,0.128465823512619+0.*I,-0.0037141038755347036+0.006433016617014581*I,0.062296971954755725+0.10790152058333033*I,-0.060223922189309435+3.3441312833878105*^-18*I,-0.04760368828421236+0.08245200673592713*I,-0.05450464093583942-0.09440480734917231*I,-0.03308789247901616+3.674628032117514*^-18*I,0.06414057409627695-0.11109473316138792*I,0.025408999916996515+0.044009678825751325*I,0.09196514082306882-3.065892119410872*^-17*I,-0.059189507011537884+0.10251923341893798*I,-0.0005861298749931408-0.0010152067233221138*I,-0.11656568405742362+2.589077140479747*^-17*I,0.050952768193456295-0.08825278329734583*I,-0.011764504999733676-0.0203767203854368*I,0.12344549876472465-1.3726370881269624*^-17*I,-0.04910971597667299+0.08506052321687475*I,0.011011665962975283+0.019072764923850034*I,-0.12098118688171458+8.06643178356513*^-17*I,0.05567666880521366-0.09643481916681539*I,0.0033213177711139802+0.005752691127650825*I,0.1028309325793499-6.864732072176914*^-17*I,-0.06569558783859505+0.11378809596955088*I,-0.03103104777578026-0.0537473513597485*I,-0.05075614578116238+2.2547214961845534*^-17*I,0.06439607826377729-0.1115372793610442*I,0.06219229056950908+0.10772020710547635*I,-0.04518044213251031+2.2634955933095708*^-17*I,-0.029588072818301395+0.05124804541934571*I,-0.0657047904976486-0.1138040354425961*I,0.13768954992868748-3.062044137224272*^-17*I,-0.03994187439433223+0.06918135580051785*I,0.006051929400441685+0.010482249205384826*I,-0.09875531870649688+1.1001331570591925*^-16*I,0.07437694930023006-0.1288246550999733*I,0.07439606591026462+0.1288577660398209*I,-0.1038912441538087+1.385391655474112*^-16*I,0.015573105117904126-0.02697340929582094*I,-0.02432904422622336-0.042139140699408974*I,0.11794483743775723-1.709130183425505*^-16*I,-0.0830135365488113+0.14378366301851758*I,-0.09480076087774551-0.16419973443644265*I
8.469015037306271*^-19-1.4668764334679277*^-18*I,-1.769769375086031*^-17-3.0653304753284306*^-17*I,-5.118853498148657*^-16-2.2865980868291612*^-31*I,-2.9561724703902684*^-15+5.120240914652341*^-15*I,2.890598523468559*^-14+5.006663506931134*^-14*I,4.939435504781591*^-13+4.949216949103267*^-28*I,1.8804842631078107*^-12-3.2570942865364407*^-12*I,-1.293145899130867*^-11-2.2397943988940053*^-11*I,-1.6215841652928617*^-10-1.447833195656677*^-25*I,-4.667663106638002*^-10+8.084629653311789*^-10*I,2.4803247653796436*^-9+4.2960485129089085*^-9*I,2.4429108480144482*^-8+2.17041050596276*^-23*I,5.591487444139369*^-8-9.684740343132793*^-8*I,-2.384752729731119*^-7-4.1305128913828864*^-7*I,-1.8982917151899018*^-6-3.175961017316871*^-21*I,-3.5290869174146837*^-6+6.112557845288838*^-6*I,0.00001226533164402727+0.000021244177579137605*I,0.00007969923017331729+1.0641036656482693*^-19*I,0.00012098468450957877-0.00020955162050828108*I,-0.0003429372843927992-0.0005939848003780274*I,-0.001812525961479654-2.6265183761366653*^-18*I,-0.002228169140120403+0.0038593021585455827*I,0.005082249503202273+0.00880271435628805*I,0.021425479832132614+2.8570916842636756*^-17*I,0.020759268522729687-0.035956107809333025*I,-0.03671694371846002-0.06359561201901988*I,-0.11734084442873913-1.3071757078425364*^-16*I,-0.08340497173425045+0.1444616486475675*I,0.10285923378164798+0.17815741893741943*I,0.20985108690791762+4.666826862963335*^-17*I,0.07869639176580101-0.13630614891071233*I,-0.02385159613388944-0.04131217634550994*I,0.0824477410215289+4.1305505141631614*^-17*I,0.0823066135482982-0.14255923646458923*I,-0.06948168672682827-0.12034581160645075*I,-0.011638043776849138-5.1699251535638714*^-18*I,0.06171537977200886-0.10689417337352769*I,-0.07279351507994433-0.12608206657999507*I,-0.02491554335708391-1.6632984384062234*^-17*I,0.06025395046706651-0.10436290356569752*I,-0.06392055188248114-0.11071364350829994*I,0.01877586889216844+1.2518827885522297*^-17*I,0.06985394940688847-0.12099058948207651*I,-0.03575655268926489-0.06193216596132044*I,0.09681265702724504+1.0764964698225651*^-17*I,0.06013517147841437-0.1041571723224805*I,0.020950834560530512+0.03628790991980884*I,0.1351196452411167+3.0011850190075603*^-17*I,0.001142063458803174-0.0019781119361149415*I,0.0665656688344695+0.11529512046110545*I,0.029548560715039886+9.85076504264428*^-18*I,-0.06373253803758128+0.11038799397640676*I,0.02042531902180252+0.035377690306565006*I,-0.1248054679170475-1.3860467881427371*^-17*I,-0.019061418169103426+0.033015344733203646*I,-0.06320824042823611-0.10947988387873413*I,-0.022036227305176907-1.2236339716872195*^-18*I,0.06459071921091349-0.11187440737071727*I,0.0037141038755347036+0.006433016617014581*I,0.12602920981924148+0.*I,-0.024180208735492488+0.041881350067493786*I,0.05346667509331653+0.09260699777340167*I,-0.09296614526697661+5.162250869447017*^-18*I,-0.03131220406665032+0.05423432834040318*I,-0.06219397294426937-0.10772312106403863*I,0.007349406747432412-8.161999459674184*^-19*I,0.059504196593101626-0.10306429176281892*I,0.042160184779024446+0.07302358209376232*I,0.05989968940599926-1.9969086554037623*^-17*I,-0.06381706384457334+0.11053439696866794*I,-0.019756475010286535-0.0342192184962811*I,-0.09444430473631803+2.0977322135461813*^-17*I,0.060146003630775484-0.10417593416072536*I,0.007160338870694744+0.012402070723453654*I,0.10603188155213558-1.179008506577773*^-17*I,-0.058981750346392116+0.1021593883192945*I,-0.007344423065023434-0.01272091390090131*I,-0.10168296130839381+6.779720815162718*^-17*I,0.0629274206306723-0.10899348972158257*I,0.02070863524224048+0.035868408394971886*I,0.0766418041311823-5.116412325472604*^-17*I,-0.06679667478900592+0.11569523451121357*I,-0.04490739501354343-0.07778188979902233*I,-0.017954090399717754+7.975679190303812*^-18*I,0.05643704614627243-0.09775183135445324*I,0.06723823125066102+0.11646003273721019*I,-0.073958417734705+3.705243789772357*^-17*I,-0.014376827425349235+0.024901395552354537*I,-0.057661378837907215-0.09987243778173209*I,0.1429066610782755-3.1780661927623795*^-17*I,-0.051316592838729136+0.08888294606800412*I,-0.00868091548267401-0.01503578667220265*I,-0.07452403417586582+8.301969156552244*^-17*I,0.06897646377145875-0.11947073977860086*I,0.07686552772876253+0.1331349993768107*I,-0.12161351499840563+1.62171846380271*^-16*I,0.02784528438673217-0.048229447309024655*I,-0.011850758307131969-0.02052611549617144*I,0.09754734233461704-1.4135515442548971*^-16*I,-0.07643597805113575+0.13239099751078706*I
5.50954734343001*^-19+2.4505094468602765*^-34*I,5.8659827877528836*^-18-1.0160180224712506*^-17*I,-8.648334304489754*^-17-1.4979354416217119*^-16*I,-2.0376093804073726*^-15-9.102025898240197*^-31*I,-1.0165725330149247*^-14+1.7607552767608373*^-14*I,8.867861512292545*^-14+1.53595866937753*^-13*I,1.3795542777619528*^-12+1.3822861756364355*^-27*I,4.84861058539808*^-12-8.398039880025731*^-12*I,-3.1095082404212766*^-11-5.385826258963762*^-11*I,-3.6646014006211764*^-10-3.27194336885441*^-25*I,-9.973485225147237*^-10+1.72745831384925*^-9*I,5.035122099876549*^-9+8.721087299299099*^-9*I,4.730064650586499*^-8+4.202438259202201*^-23*I,1.0359741894053099*^-7-1.7943599313799728*^-7*I,-4.239295789608248*^-7-7.342675695914335*^-7*I,-3.2450056907544903*^-6-5.429097905416855*^-21*I,-5.812039840447891*^-6+0.000010066748299270218*I,0.00001949087453369787+0.00003375918497631517*I,0.00012236007569808245+1.6336896202909685*^-19*I,0.00017963140969123802-0.0003111307282204437*I,-0.0004927812088401977-0.0008535220907264346*I,-0.0025218480443407656-3.6543919210283185*^-18*I,-0.003002361009111488+0.0052002418104448445*I,0.006631225031521551+0.011485618671017892*I,0.02705567796609946+3.6078796430560265*^-17*I,0.025343218267579768-0.043895741666755736*I,-0.04325417547562003-0.07491842956327381*I,-0.13297402738131178-1.4813291928574778*^-16*I,-0.09043415968571146+0.15663655931544893*I,0.10563981991181645+0.18297353538969255*I,0.19958333940783232+4.4384849441218625*^-17*I,0.06432496524715638-0.1114141080031771*I,-0.00400957643246049-0.006944790097852334*I,0.11468973644202583+5.745842687262293*^-17*I,0.0845589449335758-0.146460388859372*I,-0.054960307324001555-0.09519404468477066*I,0.03113436614518004+1.3830704348648906*^-17*I,0.07214196943111396-0.12495355641276996*I,-0.061982935211398284-0.107357592988392*I,0.01911086489879698+1.2757928369129358*^-17*I,0.0699890138026509-0.1212245278778306*I,-0.049785594444987535-0.08623117906373741*I,0.06115274998825364+4.077365240596904*^-17*I,0.07076645148039402-0.12257108943540007*I,-0.014874629236220809-0.02576361358088392*I,0.12296336645426764+1.3672760770140424*^-17*I,0.04583923828399651-0.07939588968813834*I,0.04051841025365248+0.07017994520124589*I,0.1215976581181289+2.7008439020048712*^-17*I,-0.020620185989836847+0.03571520979591733*I,0.06557159383164982+0.11357333204968756*I,-0.014218998537504851-4.7402651887328595*^-18*I,-0.06597564533586893+0.11427316978386953*I,-0.001101255926754028-0.0019074312172743272*I,-0.13080133515418915-1.4526348364459902*^-17*I,0.0023102524379879264-0.004001474600904955*I,-0.06464889788073049-0.11197517578275715*I,0.02054146064857595+1.1406321385951927*^-18*I,0.062296971954755725-0.10790152058333033*I,0.024180208735492488+0.041881350067493786*I,0.11029869048312381+0.*I,-0.04177234401985591+0.0723518221936364*I,0.039230618951335165+0.06794942523608698*I,-0.11563221518015793+6.420858922736181*^-18*I,-0.012108852025796233+0.020973146930012405*I,-0.06353824386093455-0.1100514665908399*I,0.046418785968544096-5.155111412582391*^-18*I,0.04916581452180982-0.08515768874728233*I,0.054624932196763225+0.09461315792479885*I,0.02271884662776405-7.573905962061437*^-18*I,-0.06250398520467679+0.10826007805003368*I,-0.03685158410221752-0.0638288160044382*I,-0.0643303593085507+1.428861882220557*^-17*I,0.06401352250864842-0.11087467335643304*I,0.025196805935443736+0.043642148068641584*I,0.08017646355582403-8.915123562450397*^-18*I,-0.06399279983738042+0.1108387806369284*I,-0.024857629987789096-0.043054678094598384*I,-0.07499876012556454+5.0005492423902486*^-17*I,0.06547072128359525-0.11339861567136823*I,0.03637717067495284+0.06300710784462284*I,0.045594918976341985-3.043801070107746*^-17*I,-0.06348100024759432+0.10995231774412606*I,-0.055737942831706126-0.09654094889388432*I,0.015471751448379362-6.872958936774206*^-18*I,0.04530248774667205-0.07846621048650257*I,0.06847041115101506+0.11859423092868855*I,-0.09841062355346639+4.930275186214556*^-17*I,0.001344703146536627-0.0023290941708991766*I,-0.04698493909583829-0.08138030170452118*I,0.14164001134967757-3.149897480050494*^-17*I,-0.06037423457323238+0.10457124174892003*I,-0.022869857664484704-0.03961175543675591*I,-0.0479087946380847+5.3370344186463777*^-17*I,0.06133289504118829-0.10623169038662766*I,0.07694131034126964+0.13326625871200332*I,-0.1357154335460689+1.8097678075297397*^-16*I,0.039259556092591054-0.06799954583496819*I,0.0007194433084673385+0.0012461123634308748*I,0.07557613720135235-1.0951683858626267*^-16*I
8.886886856404616*^-20+1.539253955640887*^-19*I,3.855269079777754*^-18+1.7147276738531806*^-33*I,2.896164788318222*^-17-5.0163045604591187*^-17*I,-3.478450099900095*^-16-6.024852304620008*^-16*I,-7.08069467730604*^-15-3.162954928951401*^-30*I,-3.1518118058550473*^-14+5.459098183636351*^-14*I,2.5033361208206394*^-13+4.3359053496837393*^-13*I,3.5956481456831513*^-12+3.6027685204918286*^-27*I,1.178714920640389*^-11-2.041594130188666*^-11*I,-7.105388606428526*^-11-1.2306894073855256*^-10*I,-7.918636984820412*^-10-7.070163693234578*^-25*I,-2.047852351124892*^-9+3.5469843185476866*^-9*I,9.862824728127687*^-9+1.7082913535263893*^-8*I,8.867699455537364*^-8+7.878530678948753*^-23*I,1.8638991173023326*^-7-3.22836797135041*^-7*I,-7.336388453873857*^-7-1.2706997546171253*^-6*I,-5.411844231987532*^-6-9.054354594211627*^-21*I,-9.355978431374462*^-6+0.000016205029997659072*I,0.000030324376521338098+0.00005252336084280653*I,0.00018418715218700122+2.459173361916876*^-19*I,0.0002618276312511528-0.00045349876015240406*I,-0.0006959072970422497-0.0012053467958351067*I,-0.003451606746223041-5.001698590154989*^-18*I,-0.003982809740406596+0.006898428827264412*I,0.008523510688399388+0.01476315357116416*I,0.03367204344741779+4.4901731993652503*^-17*I,0.030499414667069166-0.052826535804475064*I,-0.05022564513247647-0.08699336921237395*I,-0.14843893340020795-1.6536080746942764*^-16*I,-0.09643368197615643+0.16702803674364158*I,0.10627656452688547+0.18407640941443798*I,0.1837812136101441+4.0870653434364634*^-17*I,0.0478831572061993-0.08293606110794495*I,0.015550320279302261+0.02693394479772019*I,0.1401820578894019+7.02298285092277*^-17*I,0.08178157412020622-0.141649841499157*I,-0.0371997117114024-0.06443179071106402*I,0.07079393331556467+3.144852722550517*^-17*I,0.07693532633413369-0.1332558941076111*I,-0.04647836082068313-0.08050288239394203*I,0.060632371649564025+4.047663245237329*^-17*I,0.07344032582050201-0.12720237564552178*I,-0.031446858683406874-0.05446755697809933*I,0.0970019277388209+6.467612470561536*^-17*I,0.06490053666360054-0.1124110269398427*I,0.0070581800899969065+0.012225126524845729*I,0.13635539057842416+1.5161870472952942*^-17*I,0.02716539185613445-0.047051838902342664*I,0.05555615841384515+0.09622608904612502*I,0.09567876874196639+2.1251512825767783*^-17*I,-0.03982200442723111+0.068973734927197*I,0.05766292890763029+0.0998751225812479*I,-0.05569564158018884-1.8567560173125976*^-17*I,-0.0611421225085654+0.10590126266743585*I,-0.022134368726656906-0.0383378512280334*I,-0.12271143161524428-1.3627911380593788*^-17*I,0.023069249834549672-0.039957112805939936*I,-0.05917999277167993-0.10250275427210857*I,0.060223922189309435+3.3441312833878105*^-18*I,0.05346667509331653-0.09260699777340167*I,0.04177234401985591+0.0723518221936364*I,0.08334721357285152+0.*I,-0.054769127552868425+0.0948629116077886*I,0.021217108016956095+0.036749109075044896*I,-0.1262541243021703+7.010675349380832*^-18*I,0.007997847257037413-0.013852677800364185*I,-0.05860365079105028-0.10150450067912309*I,0.08036987949309933-8.925603596860778*^-18*I,0.03428823165124398-0.059388959321645875*I,0.06176112077882211+0.10697339912131772*I,-0.015990325050802594+5.330781981228309*^-18*I,-0.05554461626557472+0.09620609745889216*I,-0.05041309968199399-0.08731805001624793*I,-0.029072576728688872+6.45740162996951*^-18*I,0.06237696898700504-0.10804007950764095*I,0.040871467002545306+0.0707914574282833*I,0.04820484584759644-5.360078731097624*^-18*I,-0.06387807073199225+0.11064006399728918*I,-0.040206069197790725-0.06963895462320349*I,-0.04310819257024635+2.874242711973576*^-17*I,0.06324159382485538-0.10953765365628387*I,0.049273024571572045+0.08534338200055236*I,0.011905928178339074-7.948095477186405*^-18*I,-0.05606774292812804+0.09711217941722856*I,-0.06291162571532971-0.10896613212570756*I,0.047492622994402496-2.1097472301651935*^-17*I,0.03170207411610234-0.05490960307440351*I,0.06589707628337038+0.11413708419303945*I,-0.11733265072601322+5.878250086414232*^-17*I,0.01678158274687579-0.02906655394901017*I,-0.034224436943868314-0.05927846364721719*I,0.1340448594720866-2.980990759895258*^-17*I,-0.0667669837767909+0.11564380816952886*I,-0.03596607288734467-0.062295065589606284*I,-0.019900308197643084+2.216892130032053*^-17*I,0.05171910306912845-0.08958011423762217*I,0.07463201385097279+0.1292664398610687*I,-0.1458092435872892+1.9443689504551683*^-16*I,0.04952941273039378-0.08578745931809105*I,0.013106948515235363+0.022701900760577036*I
-2.8436913115237155*^-20+4.925417832601245*^-20*I,6.281050120280313*^-19+1.087909793321212*^-18*I,1.9227148269736312*^-17+8.551756711439647*^-33*I,1.1767671363808755*^-16-2.0382204688890084*^-16*I,-1.2212190586053414*^-15-2.1152134566758877*^-15*I,-2.218157986766135*^-14-9.908538719966647*^-30*I,-8.990841714062119*^-14+1.5572594651565224*^-13*I,6.593957333832643*^-13+1.1421069125139576*^-12*I,8.835072051398214*^-12+8.852567930282567*^-27*I,2.7227252540500866*^-11-4.715898475065617*^-11*I,-1.5522910773453488*^-10-2.68864701409798*^-10*I,-1.6441159745424106*^-9-1.4679507461902377*^-24*I,-4.0569139957442346*^-9+7.026781162566268*^-9*I,1.8703999322090862*^-8+3.239627713059529*^-8*I,1.6142333164917197*^-7+1.4341697946269123*^-22*I,3.264346344897663*^-7-5.654013722864487*^-7*I,-1.2385497340426257*^-6-2.1452310670627566*^-6*I,-8.821420075679473*^-6-1.4758788680132718*^-20*I,-0.00001474456666287287+0.000025538338595681998*I,0.000046255768879466473+0.0000801173418423995*I,0.00027217432882631603+3.633933481786672*^-19*I,0.0003750619865249226-0.0006496264166488776*I,-0.0009667756584949413-0.0016745045600341016*I,-0.004651171718046416-6.739979590716161*^-18*I,-0.005205404323125321+0.009016024761591707*I,0.010799748555359775+0.018705713206851774*I,0.041324064760052855+5.510571651648684*^-17*I,0.03619850099807269-0.06269764288649445*I,-0.057502003571373736-0.09959639172262663*I,-0.16323496809613425-1.8184357373983398*^-16*I,-0.10108722928235493+0.1750882171134027*I,0.10455271056398768+0.18109060676587008*I,0.1626763299939974+3.6177190119458536*^-17*I,0.02995773939498731-0.051888326712025715*I,0.03394374615245778+0.05879229293527751*I,0.15766292882731023+7.898757245053744*^-17*I,0.07422105870312973-0.12855464466537275*I,-0.017410628022989354-0.030156092327500068*I,0.10465991217519297+4.649268578974257*^-17*I,0.07589108998664429-0.1314472236986493*I,-0.027631522039001002-0.04785920006200901*I,0.09630604802028246+6.429147339292006*^-17*I,0.07050801617006378-0.12212346634743822*I,-0.010669108643901686-0.018479438242710037*I,0.12325140782747088+8.217798974320733*^-17*I,0.05303301347815483-0.0918558738226491*I,0.027895610757112596+0.04831661513948399*I,0.13610557534631365+1.5134092574511504*^-17*I,0.006125090554120869-0.010608968040697551*I,0.06469747170858119+0.11205930812051268*I,0.06043699601878952+1.3423851633249866*^-17*I,-0.05456846482131738+0.09451535356155656*I,0.04389739093411606+0.07603251141760249*I,-0.09062420179644842-3.0211885028281996*^-17*I,-0.049978566964366554+0.08656541727176624*I,-0.0404804880449718-0.0701142620090757*I,-0.10185899088426253-1.1312110720375585*^-17*I,0.04105633589047087-0.07111165973490913*I,-0.04760368828421236-0.08245200673592713*I,0.09296614526697661+5.162250869447017*^-18*I,0.039230618951335165-0.06794942523608698*I,0.054769127552868425+0.0948629116077886*I,0.048296358379487474+0.*I,-0.06199825330869978+0.10738412471119327*I,0.001356742421235571+0.002349946806364024*I,-0.12415415756035092+6.894067791784081*^-18*I,0.02700423667100068-0.046772709933787834*I,-0.04806221636965954-0.08324620067661888*I,0.10611255402036987-1.1784496876315681*^-17*I,0.016409328534676255-0.02842179074014903*I,0.06306650221857982+0.10923438609823549*I,-0.052658748422753525+1.7555134517541246*^-17*I,-0.043725091669204234+0.07573408033666844*I,-0.05935415647857701-0.10280441466128874*I,0.008157995668412308-1.8119981251784143*^-18*I,0.055527166967761964-0.09617587438852405*I,0.052963782481272835+0.09173596221859096*I,0.012840172791562321-1.4277472704977706*^-18*I,-0.05878243075228059+0.10181415665534933*I,-0.05228172207566429-0.09055459894224581*I,-0.00849459711340525+5.663780453001091*^-18*I,0.056518469819477904-0.09789286129338408*I,0.0585705790576911+0.1014472187566505*I,-0.022106465065465337+1.4757715011507465*^-17*I,-0.04513054902095393+0.0781684038777702*I,-0.06606365387408113-0.11442560504355277*I,0.07622299616301005-3.386025973944542*^-17*I,0.016467359491463555-0.028522303305716493*I,0.05973510696101571+0.1034642402520404*I,-0.12983843210047333+6.504777399913335*^-17*I,0.031170324086523798-0.0539885850062472*I,-0.02001671295937867-0.03466996384616621*I,0.1205565507250465-2.681027569214947*^-17*I,-0.07026383286239743+0.12170052845220014*I,-0.04746937745658934-0.08221937355847722*I,0.008465437251527368-9.430487726021188*^-18*I,0.040474954088119894-0.07010467691464149*I,0.07002162880864596+0.12128101872530306*I,-0.1516192222829966+2.0218451234385128*^-16*I,0.05839305711988058-0.10113974174090506*I
-1.805389103154526*^-20-1.1095803239918434*^-35*I,-2.0296686329644793*^-19+3.515489194823341*^-19*I,3.1636220065010223*^-18+5.4795540512027726*^-18*I,7.890573537548507*^-17+3.5095306001800517*^-32*I,4.1731259453585564*^-16-7.228066163744915*^-16*I,-3.864673258520211*^-15-6.693810438409784*^-15*I,-6.392600888731716*^-14-2.855582596244061*^-29*I,-2.3928647294431837*^-13+4.144563287035144*^-13*I,1.6372666075064038*^-12+2.835828949737029*^-12*I,2.0625250878597318*^-11+2.0666094562636575*^-26*I,6.012315282788057*^-11-1.0413635540911731*^-10*I,-3.25815444623786*^-10-5.643289039790425*^-10*I,-3.2931851415311557*^-9-2.9403239556739452*^-24*I,-7.78023331577088*^-9+1.3475759397655211*^-8*I,3.443806751333158*^-8+5.964848264757762*^-8*I,2.8601177591838365*^-7+2.5410790728890944*^-22*I,5.576698506847667*^-7-9.659125152353616*^-7*I,-2.043505337291305*^-6-3.5394550697267303*^-6*I,-0.000014076207146189969-2.3550376799439512*^-20*I,-0.00002278058883988885+0.00003945713729702388*I,0.00006926135642296274+0.00011996418832570886*I,0.0003952574774380621+5.277277204586375*^-19*I,0.0005285288922111806-0.0009154388945778565*I,-0.0013223716326713699-0.002290414854274628*I,-0.006175547643918818-8.948941816104486*^-18*I,-0.006707342789709913+0.011617458495558303*I,0.013496838088981432+0.023377209311646746*I,0.05003448141023707+6.672107317253243*^-17*I,0.04238563213916703-0.07341406837596141*I,-0.06492166988397209-0.11244763075125423*I,-0.17682060493414353-1.9697795813656576*^-16*I,-0.10409886050158593+0.18030451539877135*I,0.1003341581261962+0.17378385960922166*I,0.13675590968134949+3.041281140706971*^-17*I,0.011232859263732454-0.01945588295905533*I,0.050324245650952254+0.08716415032002646*I,0.1663030814426056+8.331620370051157*^-17*I,0.06240654499770645-0.10809130666086081*I,0.003089650564638955+0.005351431755588545*I,0.1305273498204275+5.798368196612485*^-17*I,0.06924275206736705-0.1199319646365744*I,-0.00700526090380705-0.012133467805669708*I,0.12339735012143657+8.237693909336175*^-17*I,0.06163765061132596-0.10675954251799527*I,0.010646025366308782+0.018439456833113908*I,0.1378357970078901+9.190214466853795*^-17*I,0.036461236743409044-0.06315271454638158*I,0.04569682568856392+0.07914922383721144*I,0.12269135412430601+1.3642514692618812*^-17*I,-0.015135588171948586+0.02621560771625349*I,0.06722957634427704+0.11644504199961861*I,0.019733140176217592+4.382989947106451*^-18*I,-0.06351087086215439+0.11000405516619709*I,0.025879257351518817+0.04482418859498101*I,-0.11563186047491256-3.8548824762297795*^-17*I,-0.03384760412557922+0.058625770059981104*I,-0.054332307055340735-0.09410631631228314*I,-0.0708215765130565-7.865201765228016*^-18*I,0.05450464093583942-0.09440480734917231*I,-0.03131220406665032-0.05423432834040318*I,0.11563221518015793+6.420858922736181*^-18*I,0.021217108016956095-0.036749109075044896*I,0.06199825330869978+0.10738412471119327*I,0.008935204626773682+0.*I,-0.06291904676595997+0.10897898576244493*I,-0.018327489286896124-0.031744142620078374*I,-0.1099315113108327+6.104308597654158*^-18*I,0.04310507674517965-0.07466018298680688*I,-0.0330909790174594-0.05731525693043531*I,0.12146850878746193-1.3489876627621101*^-17*I,-0.002722728234432306+0.004715903637239059*I,0.05859315543788555+0.10148632219419834*I,-0.0840545465226655+2.802172317446741*^-17*I,-0.02822634045711123+0.04888945578345361*I,-0.06303267996370064-0.1091758042343582*I,0.044153924504758565-9.807167308469842*^-18*I,0.04417497328679939-0.0765132981557345*I,0.06059164148808534+0.10494780157136208*I,-0.0230322824026411+2.5610464023750476*^-18*I,-0.049228807021329826+0.08526679495694685*I,-0.06026307874574809-0.1043787142081597*I,0.02625020732478016-1.7502349922951915*^-17*I,0.04588779542181935-0.07947999311791777*I,0.06371899390478189+0.11036453485025367*I,-0.05417861365505861+3.6168267412820376*^-17*I,-0.03145045571047817+0.05447378721174303*I,-0.06508851166444905-0.11273660919186504*I,0.10002735679322745-4.443478284198571*^-17*I,0.0005001696453336132-0.0008663192381215246*I,0.05039154996026181+0.08728072480331879*I,-0.135397342756477+6.783273341510416*^-17*I,0.0438161246231085-0.07589175403799368*I,-0.005054324464579508-0.008754346770590065*I,0.10186573107153236-2.265367014222931*^-17*I,-0.07075874220283795+0.12255773657498355*I,-0.05694785353482322-0.09863657570430445*I,0.03614650737133452-4.026716919346391*^-17*I,0.02799542179595424-0.04848949292991402*I,0.06326749369746182+0.1095825135515473*I,-0.15299244962625802+2.0401571353690534*^-16*I
-2.8430171469196172*^-21-4.924250145254314*^-21*I,-1.301046937195617*^-19-7.996149304212052*^-35*I,-1.0322557831694407*^-18+1.7879194628562713*^-18*I,1.3110540393589723*^-17+2.2708122076381487*^-17*I,2.825898486762599*^-16+1.2568892698485765*^-31*I,1.3338129775621651*^-15-2.3102318449323948*^-15*I,-1.1249989446265518*^-14-1.948555330554556*^-14*I,-1.7186706403189767*^-13-7.677322665054112*^-29*I,-6.002541534712261*^-13+1.039670691266409*^-12*I,3.861914261646519*^-12+6.689031715646633*^-12*I,4.6024162559142013*^-11+4.611530309191913*^-26*I,1.2754061850777737*^-10-2.2090683128422934*^-10*I,-6.596730277778728*^-10-1.1425872004940733*^-9*I,-6.3849541079835726*^-9-5.700813259121541*^-24*I,-1.4485066500255407*^-8+2.5088871129456217*^-8*I,6.171165571877521*^-8+1.0688772312411738*^-7*I,4.942797369143321*^-7+4.391441197108437*^-22*I,9.310140894054929*^-7-1.6125637054127803*^-6*I,-3.30036799987959*^-6-5.7164050594659484*^-6*I,-0.000022018990837391462-3.6839151738707776*^-20*I,-0.000034548452092980214+0.00005983967434790082*I,0.00010191717384132589+0.0001765257232570067*I,0.0005646583217717146+7.539031289630237*^-19*I,0.0007333200523639624-0.0012701475889034485*I,-0.0017822716862240689-0.003086985113431553*I,-0.008084643755202748-1.1715399303976764*^-17*I,-0.008525909205736317+0.014767307925054464*I,0.01664557984407515+0.02883099001138268*I,0.05979322673085149+7.973437804263356*^-17*I,0.048978642628898575-0.08483349751901098*I,-0.07229346414608005-0.12521595295617*I,-0.1886333589419627-2.1013735302324417*^-16*I,-0.10520903827656156+0.1822273997104629*I,0.09358247247220569+0.16208959701977618*I,0.10675267124582075+2.3740464784044592*^-17*I,-0.00754270188153994+0.013064342885172536*I,0.06393158380818918+0.1107327513641315*I,0.16575738429897263+8.30428148132864*^-17*I,0.047114393657880935-0.08160452358325057*I,0.0229665122625437+0.039779166111379376*I,0.14680664336990068+6.521537234445899*^-17*I,0.05762753491416014-0.09981381838627455*I,0.01375695556988525+0.023827746004508956*I,0.13997160914658124+9.344149376076996*^-17*I,0.04775429713277544-0.0827128689137077*I,0.030632508107463725+0.053057060405392806*I,0.1398227591130207+9.322695348308822*^-17*I,0.016853588347269-0.029191271307320656*I,0.0588953014555427+0.10200965444808534*I,0.09782109273545475+1.0877096470378673*^-17*I,-0.034551907299645045+0.059845658941395166*I,0.06312185607478708+0.10933026178958145*I,-0.02221801318636375-4.934912921658307*^-18*I,-0.06594638152787805+0.11422248338160637*I,0.005562612449350304+0.009634727385089893*I,-0.1285140643681675-4.284343542058618*^-17*I,-0.014549690818466987+0.02520080373200321*I,-0.06242754222610945-0.10812767492727307*I,-0.03308789247901616-3.674628032117514*^-18*I,0.06219397294426937-0.10772312106403863*I,-0.012108852025796233-0.020973146930012405*I,0.1262541243021703+7.010675349380832*^-18*I,0.001356742421235571-0.002349946806364024*I,0.06291904676595997+0.10897898576244493*I,-0.03069723328058063+0.*I,-0.05763649305996869+0.09982933434995675*I,-0.03592300031443011-0.06222046170490571*I,-0.08532682199554825+4.738052328282739*^-18*I,0.05485362903815726-0.09500927247362394*I,-0.01523116621652123-0.026381153745541387*I,0.1253197723853249-1.391758477448346*^-17*I,-0.021321553236453024+0.03693001350182127*I,0.048911026655809556+0.08471638321821776*I,-0.10754994592261763+3.585451277474765*^-17*I,-0.010499512727986849+0.018185689499589344*I,-0.061281785692419155-0.10614316639781739*I,0.07594125007306131-1.6867550357853115*^-17*I,0.029371019527047404-0.05087209809094375*I,0.0632643770209891+0.10957711530954607*I,-0.05659844004776536+6.2933941469798865*^-18*I,-0.03605975195843715+0.06245732250034455*I,-0.06366224031545731-0.11026623475003164*I,0.058617742836300696-3.908343405143505*^-17*I,0.032189053444591505-0.05575307601358256*I,0.06446755905641112+0.11166108772565099*I,-0.08224827441904346+5.490686052564295*^-17*I,-0.01595795369641114+0.027639986587015716*I,-0.06013645169711-0.10415938972630595*I,0.1176075273951427-5.224435702313668*^-17*I,-0.015280886804493193+0.02646727233009106*I,0.038435475779366034+0.06657219686294488*I,-0.1338514521603896+6.705825747223491*^-17*I,0.054125536583751625-0.09374817934998586*I,0.009948429363516724+0.017231185113121064*I,0.0788824847044515-1.7542482341183395*^-17*I,-0.06827325910272686+0.11825275356423734*I,-0.06405445903327042-0.11094557749696332*I,0.06213442260150067-6.921767798835728*^-17*I,0.014716605471580905-0.02548990839172434*I,0.0545956296717944+0.0945624044627626*I
8.884877524427569*^-22-1.538905929133526*^-21*I,-2.068251851131963*^-20-3.58231728900896*^-20*I,-6.680143381395143*^-19-4.1055723912863186*^-34*I,-4.319015017336173*^-18+7.480753448679218*^-18*I,4.740921983724208*^-17+8.211517750530565*^-17*I,9.120515576636975*^-16+4.05657818830378*^-31*I,3.921040823541326*^-15-6.791441924925284*^-15*I,-3.0547439210047886*^-14-5.2909716752924687*^-14*I,-4.3547275782921687*^-13-1.9452621085534885*^-28*I,-1.4302662840157351*^-12+2.4772938722679885*^-12*I,8.706406181667527*^-12+1.507993785797994*^-11*I,9.86501815414092*^-11+9.884553610310685*^-26*I,2.60958478439544*^-10-4.5199334332315654*^-10*I,-1.2927142383245221*^-9-2.239046740445779*^-9*I,-1.201685237670539*^-8-1.0729259788472162*^-23*I,-2.6244267769003345*^-8+4.545640518335601*^-8*I,1.0785266682644171*^-7+1.8680629867519586*^-7*I,8.346919750202271*^-7+7.415842593270075*^-22*I,1.5213491399320331*^-6-2.6350540064134844*^-6*I,-5.225001212764923*^-6-9.049967570117885*^-6*I,-0.00003380781220421158-5.656258876450093*^-20*I,-0.00005148801661950385+0.00008917986076593107*I,0.0001475251312224605+0.00025552102267056804*I,0.0007942350201483013+1.0604222832367883*^-18*I,0.0010025852971842636-0.0017365286736446813*I,-0.002368607396812617-0.004102548354462923*I,-0.010442140186029056-1.513163048015647*^-17*I,-0.01069698390855605+0.01852771961736573*I,0.020268159245249082+0.035105481588668386*I,0.0705519340534135+9.408113408523047*^-17*I,0.055867284457752124-0.0967649751617295*I,-0.07940104150429757-0.1375266380593289*I,-0.1981128917658456-2.206975420941529*^-16*I,-0.10421010230343176+0.18049719185149388*I,0.08436358854327808+0.14612202166579338*I,0.07362061769330022+1.6372308639497657*^-17*I,-0.025592971638272406+0.044328327194157066*I,0.07413560731084791+0.1284066385123634*I,0.1561863211727755+7.824780657810886*^-17*I,0.02931725465491875-0.05077897460075439*I,0.040956111627156636+0.07093806621869779*I,0.15261430643227264+6.779528903194454*^-17*I,0.04202387619225539-0.0727874886959703*I,0.03306089090798653+0.05726314279612473*I,0.14501005438165415+9.680503192302693*^-17*I,0.030160834484280988-0.052240097725450046*I,0.047617839027493086+0.08247651654225434*I,0.1294308119263325+8.629811312034737*^-17*I,-0.003922785363755735+0.006794463557212483*I,0.0664207596775632+0.11504413043886177*I,0.0641987405616917+7.138500244060749*^-18*I,-0.05033214419657423+0.08717783100234958*I,0.05298616443719114+0.09177472890341429*I,-0.061281137088456325-1.3611346466269314*^-17*I,-0.06184625125053396+0.10712084942359495*I,-0.014964478002025683-0.025919236208255304*I,-0.12837960927805914-4.279861139297217*^-17*I,0.00588465538238734-0.010192522107328525*I,-0.06414057409627695-0.11109473316138792*I,0.007349406747432412+8.161999459674184*^-19*I,0.06353824386093455-0.1100514665908399*I,0.007997847257037413+0.013852677800364185*I,0.12415415756035092+6.894067791784081*^-18*I,-0.018327489286896124+0.031744142620078374*I,0.05763649305996869+0.09982933434995675*I,-0.0667218617166182+0.*I,-0.04685165361182601+0.08114944447430054*I,-0.04980446442146086-0.08626386282172668*I,-0.052988441468655445+2.942357427606236*^-18*I,0.06127621624800475-0.10613351983712183*I,0.0037760757263650513+0.00654035501129182*I,0.11764946758343907-1.3065746989475847*^-17*I,-0.037725755283177974+0.06534292490437425*I,0.0350280906076036+0.06067043262449557*I,-0.1213169353267781+4.044408921039217*^-17*I,0.007873239876390652-0.013636851486085925*I,-0.054398172273185934-0.09422039821604253*I,0.10101230014641652-2.243616029289799*^-17*I,0.012403223038129517-0.02148301247964915*I,0.0609015325898336+0.10548454870440356*I,-0.0853288154128254+9.488033010001746*^-18*I,-0.020358500483836802+0.03526195720392096*I,-0.06234481587084833-0.10798438867683564*I,0.08635782294607161-5.757915802667398*^-17*I,0.01644529304398024-0.02848408309753286*I,0.06086953195496258+0.10542912197893237*I,-0.10458036921422195+6.981520021818238*^-17*I,0.00033153117160307976-0.0005742288335093714*I,-0.051594600369902946-0.08936446923688371*I,0.12806639353318497-5.68904604544009*^-17*I,-0.02999266388441487+0.05194881770214272*I,0.02456212201947864+0.04254284327944323*I,-0.1254128199262447+6.283058594579742*^-17*I,0.06163309280064869-0.10675164815833119*I,0.0242896078855404+0.0420708349536816*I,0.052691330715203336-1.1717895830336927*^-17*I,-0.0629535907242638+0.10903881765332177*I,-0.06853996272801485-0.11871469779379858*I,0.08549203426373723-9.52380315206156*^-17*I,0.0011002083142137924-0.0019056166991279978*I
5.511097802545493*^-22+1.2278713701275279*^-36*I,6.5238252454826164*^-21-1.1299596784876335*^-20*I,-1.0718908407554712*^-19-1.856569396356206*^-19*I,-2.8214129511006114*^-18-1.7340219296366536*^-33*I,-1.5766726009277002*^-17+2.7308770517085418*^-17*I,1.544804333314718*^-16+2.6756795930536606*^-16*I,2.7071309025820614*^-15+1.2040644062302904*^-30*I,1.0750921982095839*^-14-1.862114310119907*^-14*I,-7.816384189118799*^-14-1.3538374547031834*^-13*I,-1.0479722855323806*^-12-4.681304952398022*^-28*I,-3.2569283359111223*^-12+5.641165354408813*^-12*I,1.88520201517573*^-11+3.265265672815605*^-11*I,2.0393149172640112*^-10+2.04335332313008*^-25*I,5.167380556276515*^-10-8.95016566551443*^-10*I,-2.4588290216556364*^-9-4.258816792632447*^-9*I,-2.2007562565599643*^-8-1.964947630838009*^-23*I,-4.637112514281676*^-8+8.031714475149308*^-8*I,1.8417265631969317*^-7+3.189963981106306*^-7*I,1.3795637098331025*^-6+1.2256769713476738*^-21*I,2.436747545726045*^-6-4.220570554416259*^-6*I,-8.118832597741497*^-6-0.00001406223055743474*I,-0.000051007083660799-8.533804789719163*^-20*I,-0.0000754799479891507+0.00013073510486986481*I,0.00021024963945774018+0.00036416305781384527*I,0.0011008237628298593+1.4697640099065184*^-18*I,0.0013516466234757569-0.0023411206257389237*I,-0.003105905312452742-0.005379585804666255*I,-0.013313923593204602-1.9293111226657552*^-17*I,-0.013253313145712231+0.022955411736994013*I,0.024375574043964905+0.042219732707804505*I,0.08221937523009384+1.0963968839706216*^-16*I,0.0629137078163728-0.10896973843050059*I,-0.08600907666820344-0.14897209070141568*I,-0.2047262469278595-2.2806481242291687*^-16*I,-0.10096027420235264+0.17486832446455972*I,0.0728514950661685+0.12618249086195732*I,0.03849766155300451+8.56140055046118*^-18*I,-0.04215474584919047+0.07301416159095107*I,0.08047287961350198+0.13938311612195922*I,0.13824624055983917+6.926000311839455*^-17*I,0.01012135566726284-0.017530702257174416*I,0.05594622323603512+0.09690170113640341*I,0.14781060393222595+6.566135803276484*^-17*I,0.023666718586031543-0.040991959039441216*I,0.049480756282773763+0.08570318387869726*I,0.13844622638296042+9.242318694227509*^-17*I,0.010411526498326383-0.01803329287945095*I,0.060254181513827505+0.10436330375042681*I,0.10794574817297058+7.197292706464371*^-17*I,-0.02397971246514679+0.04153408034052691*I,0.06776712411543534+0.11737610205076027*I,0.025213900444998456+2.803628745759963*^-18*I,-0.061109175052215796+0.10584419599905824*I,0.03797909772264003+0.06578172688123601*I,-0.0937927691992052-2.083260752421156*^-17*I,-0.05181657345121874+0.08974893789163539*I,-0.033692040468072906-0.05835632590136902*I,-0.11565566218060833-3.8556759666900564*^-17*I,0.025408999916996515-0.044009678825751325*I,-0.059504196593101626-0.10306429176281892*I,0.046418785968544096+5.155111412582391*^-18*I,0.05860365079105028-0.10150450067912309*I,0.02700423667100068+0.046772709933787834*I,0.1099315113108327+6.104308597654158*^-18*I,-0.03592300031443011+0.06222046170490571*I,0.04685165361182601+0.08114944447430054*I,-0.09578293144502734+0.*I,-0.03175893873638181+0.055008095485880606*I,-0.05877034246679399-0.10179321913070999*I,-0.016171026991891345+8.979494407239406*^-19*I,0.061934649541352485-0.107273959754595*I,0.022160354432785367+0.03838285979131843*I,0.09948038932619843-1.1047951376650569*^-17*I,-0.05053954087896894+0.08753705259357844*I,0.01827773161809756+0.03165795980965306*I,-0.1244406867891902+4.1485471293417806*^-17*I,0.025319675516266432-0.04385496442533124*I,-0.04309280398327272-0.07463892593963478*I,0.11750539918552526-2.609949449310641*^-17*I,-0.0053180693616618705+0.009211166332573751*I,0.053818474897353356+0.09321633290808622*I,-0.10715719855012797+1.19152133096425*^-17*I,-0.003356844471657289+0.005814225178017137*I,-0.05652305368089346-0.09790080077425041*I,0.10762542399835139-7.175935062604265*^-17*I,-0.00021512932689393103+0.0003726149243783828*I,0.05326554886316682+0.09225863692404744*I,-0.11986527588348947+8.001901597680971*^-17*I,0.016384327849781877-0.028378488283688*I,-0.04005465328038081-0.06937669456117483*I,0.13094552602334222-5.816944683447594*^-17*I,-0.042835602515536246+0.07419343992973407*I,0.009551604592428112+0.01654386444789369*I,-0.11064177979277336+5.543044051281303*^-17*I,0.06602077669830494-0.11435133959662366*I,0.03731221893322331+0.06462665893547614*I,0.02449938202891874-5.4483574930793165*^-18*I,-0.055062374861586556+0.0953708308456713*I,-0.07026171634938733-0.12169686254413138*I,0.1053883659853739-1.1740252303106738*^-16*I
8.482021444411189*^-23+1.469129209260901*^-22*I,4.083604850880036*^-21+9.098262565751479*^-36*I,3.4121664472095176*^-20-5.910045650448642*^-20*I,-4.569196827987335*^-19-7.914081055856657*^-19*I,-1.0395883159999432*^-17-6.389241734481773*^-33*I,-5.1858696207799775*^-17+8.982189664618855*^-17*I,4.628778563139505*^-16+8.017279648343293*^-16*I,7.493638245880768*^-15+3.332983667847408*^-30*I,2.7775036919786765*^-14-4.8107775127172*^-14*I,-1.89939037666714*^-13-3.289840635794877*^-13*I,-2.4099365662110305*^-12-1.0765215968128001*^-27*I,-7.122629614639164*^-12+1.2336756376049752*^-11*I,3.936500572982863*^-11+6.818218996430332*^-11*I,4.079499364924042*^-10+4.0875778985661323*^-25*I,9.930763452008976*^-10-1.7200586856827592*^-9*I,-4.550560443247255*^-9-7.881801890617413*^-9*I,-3.9302158770154855*^-8-3.5090975446299204*^-23*I,-8.004924562828366*^-8+1.3864936053574788*^-7*I,3.0778648303846036*^-7+5.33101826505551*^-7*I,2.234791095110136*^-6+1.9855059694058775*^-21*I,3.830444285166177*^-6-6.634524117469641*^-6*I,-0.000012395733520354993-0.000021470040254339558*I,-0.0000756962359938456-1.2664454717383717*^-19*I,-0.00010894221985650845+0.0001886934598808109*I,0.00029526119139611906+0.0005114073850013985*I,0.001504552153176935+2.008801663294579*^-18*I,0.0017980481355457482-0.003114310725219718*I,-0.004020782629129842-0.0069641997998432775*I,-0.016766082860190244-2.4295610470688407*^-17*I,-0.016222581693074625+0.028098335722341893*I,0.028965126898240892+0.0501690714354333*I,0.09465819352464183+1.2622687551719422*^-16*I,0.06995430576013133-0.12116441178475532*I,-0.09187104345401884-0.1591253150067292*I,-0.20799402263965683-2.3170511094806804*^-16*I,-0.09539532833400091+0.16522955547920404*I,0.05932645885627882+0.10275644097221955*I,0.0026568657226604692+5.908538530104967*^-19*I,-0.0565177099203473+0.09789154510948102*I,0.08267382235958297+0.14319526078272166*I,0.11304939573195842+5.663663235412878*^-17*I,-0.009303551029513206+0.01611422307392659*I,0.06704457499149674+0.1161246102571342*I,0.1329838182591233+5.907490985748336*^-17*I,0.003948074901809242-0.0068382663220211*I,0.06185932204969193+0.10714348871183237*I,0.12112531093610733+8.086018339801328*^-17*I,-0.009827013633923982+0.017020886900628376*I,0.06761374356536326+0.1171104391451426*I,0.07755102437265568+5.170721696252201*^-17*I,-0.04157512408378096+0.072010227244089*I,0.06300502088489335+0.10912789730457365*I,-0.015407917223397348-1.7132644643393835*^-18*I,-0.06604150221097534+0.1143872372375816*I,0.01966059481047839+0.034053149118773586*I,-0.11687927448979452-2.5960423963909518*^-17*I,-0.037001440313231035+0.06408837457574337*I,-0.04887649321423912-0.08465656954285768*I,-0.09196514082306882-3.065892119410872*^-17*I,0.042160184779024446-0.07302358209376232*I,-0.04916581452180982-0.08515768874728233*I,0.08036987949309933+8.925603596860778*^-18*I,0.04806221636965954-0.08324620067661888*I,0.04310507674517965+0.07466018298680688*I,0.08532682199554825+4.738052328282739*^-18*I,-0.04980446442146086+0.08626386282172668*I,0.03175893873638181+0.055008095485880606*I,-0.11533475281095004+0.*I,-0.013904613974505157+0.02408349786347515*I,-0.06212991236138228-0.10761216487971573*I,0.02159985631913115-1.1994030379892902*^-18*I,0.05693533278681203-0.0986148891326006*I,0.038283186227961105+0.06630842362244972*I,0.07272547854076095-8.076642604678428*^-18*I,-0.05874026961861494+0.10174113142973562*I,0.00018575722978067457+0.00032174095985337467*I,-0.11694776538900784+3.8987515169327185*^-17*I,0.04040817181167363-0.06998900661879132*I,-0.02841087630635711-0.04920908125016527*I,0.1243211170747456-2.7613355070997072*^-17*I,-0.02237733305691781+0.03875867779247225*I,0.0426824064351812+0.07392809653503862*I,-0.12061366519946018+1.3411488620030336*^-17*I,0.013662478773864135-0.02366410739366405*I,-0.046724529535438306-0.08092925911513166*I,0.12109109241638683-8.073759745217024*^-17*I,-0.0166397215735604+0.028820843189206607*I,0.04224896925089364+0.07317736130996291*I,-0.1272849984599006+8.497223445488205*^-17*I,0.031213127238049514-0.054062722239413885*I,-0.026269821283378226-0.04550066516856525*I,0.12623585500531176-5.607728709285667*^-17*I,-0.05313524499684414+0.09203294400715413*I,-0.005775343867854508-0.010003189010305353*I,-0.09040810345197946+4.5293568213176145*^-17*I,0.06712963033908706-0.116271930440616*I,0.04843379543509423+0.08388979449698072*I,-0.004419785284882406+9.829052114974315*^-19*I,-0.04496562278490891+0.07788274325743903*I,-0.06918796372100144-0.11983706843700644*I
-2.5916333180794064*^-23+4.48884058150182*^-23*I,6.341470578747211*^-22+1.0983749237093437*^-21*I,2.1551692732828883*^-20+4.8017123688502427*^-35*I,1.467761884304877*^-19-2.542238157029066*^-19*I,-1.6990207304879604*^-18-2.9427902283179504*^-18*I,-3.450923784227338*^-17-2.1209151666439365*^-32*I,-1.56834019506302*^-16+2.7164449014016307*^-16*I,1.29333103432037*^-15+2.24011506244849*^-15*I,1.954330522659093*^-14+8.692375452176432*^-30*I,6.813944451314417*^-14-1.1802097989628596*^-13*I,-4.4100948842052925*^-13-7.638508405643159*^-13*I,-5.321833866922238*^-12-2.3772696645700385*^-27*I,-1.5019856100350516*^-11+2.6015153888180408*^-11*I,7.953523866270336*^-11+1.3775907435591906*^-10*I,7.919619040873838*^-10+7.935302070366215*^-25*I,1.8568142100547032*^-9-3.216096552030607*^-9*I,-8.211621368419825*^-9-1.422294542262144*^-8*I,-6.856826107743795*^-8-6.12212469023703*^-23*I,-1.35227403091605*^-7+2.3422073273025609*^-7*I,5.041079734135077*^-7+8.731406224527781*^-7*I,3.5527264860563726*^-6+3.1564291003153734*^-21*I,5.916096141287984*^-6-0.000010246979099172931*I,-0.000018614926111880873-0.00003224199780491838*I,-0.00011059676573444117-1.8503532086414487*^-19*I,-0.00015493669729434734+0.00026835823167072797*I,0.0004088820624147398+0.0007082045064058804*I,0.002029101947105369+2.709153921805056*^-18*I,0.002361524167603997-0.00409027984159191*I,-0.00514148231383672-0.008905308593782019*I,-0.020862477518580516-3.023166660165097*^-17*I,-0.01962534933977942+0.03399210217278617*I,0.0340181173652171+0.05892110765439732*I,0.1076832640361675+1.4359583104911047*^-16*I,0.07680298002414634-0.13302666357451864*I,-0.09673833200942951-0.167555706079799*I,-0.20751616082624058-2.3117277341696853*^-16*I,-0.08753715818457748+0.1516188055258816*I,0.04416766034173282+0.07650063176332625*I,-0.032551201716276124-7.238981929024458*^-18*I,-0.06806235176276178+0.11788745133572848*I,0.08067872657453652+0.1397396535170547*I,0.08209675569068069+4.1129664952338825*^-17*I,-0.027796797418468362+0.04814546541648655*I,0.07363048735817765+0.12753174509042173*I,0.10938476263962177+4.859158864070707*^-17*I,-0.01568904699104648+0.027174226510828067*I,0.06938252559292966+0.12017405948440234*I,0.09469480239741578+6.321584670880801*^-17*I,-0.028915336940006864+0.050082832698065*I,0.06924323223709036+0.11993279631493187*I,0.041093370280121645+2.7399042501167938*^-17*I,-0.055255938723313996+0.09570609328869227*I,0.05274239181148328+0.09135250233019387*I,-0.05395998121772041-6.0000139523307245*^-18*I,-0.06485893074350856+0.11233896337234783*I,-0.000174217547508901-0.0003017536438554614*I,-0.1286773717772039-2.858093653027852*^-17*I,-0.0189428052525716+0.03280990113533659*I,-0.059189507011537884-0.10251923341893798*I,-0.05989968940599926-1.9969086554037623*^-17*I,0.054624932196763225-0.09461315792479885*I,-0.03428823165124398-0.059388959321645875*I,0.10611255402036987+1.1784496876315681*^-17*I,0.0330909790174594-0.05731525693043531*I,0.05485362903815726+0.09500927247362394*I,0.052988441468655445+2.942357427606236*^-18*I,-0.05877034246679399+0.10179321913070999*I,0.013904613974505157+0.02408349786347515*I,-0.1238317039416512+0.*I,0.004976960038477912-0.008620347653883698*I,-0.05973710985437078-0.10346770936509363*I,0.05686371438555332-3.1575446974145148*^-18*I,0.04688876470768866-0.08121372277785925*I,0.05077612108978215+0.08794682153877223*I,0.03997063121935451-4.439001427280956*^-18*I,-0.06174637932107039+0.10694786616751419*I,-0.017669981281397844-0.03060530534817206*I,-0.09975356893349506+3.32553920038793*^-17*I,0.051958269602236214-0.08999436282443475*I,-0.011629912400272079-0.020143599164846534*I,0.12117065101829291-2.6913595127530285*^-17*I,-0.037464218131514515+0.06488992926962633*I,0.028444283095627847+0.04926694350649996*I,-0.1249052758342546+1.3888689002714704*^-17*I,0.02946140991968942-0.05102865884351586*I,-0.033740265500004564-0.05843985410687116*I,0.12600966045620327-8.401705722510123*^-17*I,-0.0317303014858574+0.05495849431298334*I,0.028616525235182294+0.04956527564341258*I,-0.12654492123089361+8.447817768009479*^-17*I,0.043935657872261905-0.07609879169872129*I,-0.011104163166611773-0.019232974780106462*I,0.11436215397064363-5.080267678703019*^-17*I,-0.06037515572625087+0.10457283723274965*I,-0.02060211470567612-0.035683909413592924*I,-0.06583773362952491+3.298405524825239*^-17*I,0.06496321605112919-0.11251959082362982*I,0.05717165642009489+0.09902421367247569*I,-0.03278388807730434+7.290728478270025*^-18*I,-0.033115509909171385+0.057357745681235486*I
-1.5721994852326433*^-23-3.7795443554194197*^-38*I,-1.9547079728264781*^-22+3.3856535228954053*^-22*I,3.3765170555936114*^-21+5.848299092911032*^-21*I,9.353477129626027*^-20+2.083952633412842*^-34*I,5.50690143082449*^-19-9.538233070461714*^-19*I,-5.691068799033463*^-18-9.857220309296001*^-18*I,-1.0531867730422018*^-16-6.472816961253524*^-32*I,-4.4224929119765855*^-16+7.65998241965667*^-16*I,3.4043410966247646*^-15+5.896491745648845*^-15*I,4.839461554018302*^-14+2.1524719757568984*^-29*I,1.5970818132445102*^-13-2.766226844383718*^-13*I,-9.831989298076562*^-13-1.7029505003742086*^-12*I,-1.13310676812161*^-11-5.061601722137825*^-27*I,-3.06442773149241*^-11+5.307744527067886*^-11*I,1.559358474893388*^-10+2.7008881057284715*^-10*I,1.4956798304697646*^-9+1.4986416889595922*^-24*I,3.3849031489530403*^-9-5.862824232686535*^-9*I,-1.4475085404945754*^-8-2.5071583365264817*^-8*I,-1.1705643636610285*^-7-1.045139672448078*^-22*I,-2.2386765347809757*^-7+3.877501499952877*^-7*I,8.102128951122227*^-7+1.4033298992818465*^-6*I,5.548924285725075*^-6+4.929956234922895*^-21*I,8.986900157168964*^-6-0.00001556576767476531*I,-0.00002752055597231113-0.000047667001196586175*I,-0.00015921787253993315-2.6638147993832845*^-19*I,-0.00021728391117458628+0.0003763467738216649*I,0.000558727941992636+0.0009677451831396449*I,0.0027018960998306065+3.607434523242197*^-18*I,0.003063868359055756-0.005306775665587236*I,-0.0064972365261727425-0.011253543772123542*I,-0.02566191589648345-3.7186498346188785*^-17*I,-0.023472928259541084+0.04065630434794432*I,0.03949787425476734+0.06841232500022396*I,0.12106196410867394+1.614363522523228*^-16*I,0.08325581322683637-0.14420329853434516*I,-0.10037035319359437-0.17384655130493906*I,-0.2029959751473576-2.26137291575041*^-16*I,-0.07749861270738223+0.13423153472528868*I,0.027840434668872545+0.048221047351289285*I,-0.06576193505771599-1.4624635478893967*^-17*I,-0.07629343230662283+0.13214410103888746*I,0.07464172074550547+0.12928325269558344*I,0.047188258882724265+2.364085232360762*^-17*I,-0.04427718288877415+0.07669033037937605*I,0.07538699189091544+0.1305741001848486*I,0.07881849449391914+3.5013248365737806*^-17*I,-0.033855308791559936+0.05863911493291499*I,0.07162456624799676+0.12405738781161357*I,0.061439601665840386+4.1015518723591364*^-17*I,-0.045369987341228143+0.07858312321376383*I,0.06517601798865345+0.11288817459137106*I,0.001808379800024603+1.205738898060055*^-18*I,-0.06396642916685216+0.11079310529574354*I,0.0380409768875429+0.06588890473877776*I,-0.08708208937432736-9.682986158499419*^-18*I,-0.057853558369703906+0.10020530249497882*I,-0.01967229737016906-0.03407341854673644*I,-0.12844553995202745-2.8529443633046064*^-17*I,0.0005861298749931408-0.0010152067233221138*I,-0.06381706384457334-0.11053439696866794*I,-0.02271884662776405-7.573905962061437*^-18*I,0.06176112077882211-0.10697339912131772*I,-0.016409328534676255-0.02842179074014903*I,0.12146850878746193+1.3489876627621101*^-17*I,0.01523116621652123-0.026381153745541387*I,0.06127621624800475+0.10613351983712183*I,0.016171026991891345+8.979494407239406*^-19*I,-0.06212991236138228+0.10761216487971573*I,-0.004976960038477912-0.008620347653883698*I,-0.12081245968516936+0.*I,0.023132482737092626-0.040066635405854395*I,-0.05197266925647543-0.09001930375718842*I,0.08653153000821584-4.80494770151741*^-18*I,0.03282719207196719-0.05685836453846942*I,0.05864565147769611+0.10157724800234644*I,0.0042141769405215825-4.680120599329352*^-19*I,-0.05944310003717899+0.10295846942379343*I,-0.03379497521769268-0.05853461411757476*I,-0.07453971021578737+2.4849710236775626*^-17*I,0.059123626858808696-0.10240512564720064*I,0.0058542013653232385+0.01013977420247893*I,0.10855763671415077-2.41120787746291*^-17*I,-0.04946903326037106+0.0856828790082774*I,0.012253492831677405+0.021223672154646295*I,-0.11994221143152765+1.3336827141560118*^-17*I,0.04293346839452527-0.07436294860447046*I,-0.01855729386060815-0.03214217581755927*I,0.12224528723364869-8.150715791015203*^-17*I,-0.04451367063522111+0.07709993917158986*I,0.013308361357387655+0.023050758036481697*I,-0.1178711697565752+7.868780133726634*^-17*I,0.053824192642107055-0.09322623633250453*I,0.004522302977169741+0.00783285852367797*I,0.0961435441880511-4.270949112937232*^-17*I,-0.06421984748217796+0.11123203869345658*I,-0.03415905093276435-0.059165211753880835*I,-0.03824839153211944+1.916206694706845*^-17*I,0.05968306257471836-0.10337409673072483*I,0.0631628048542021+0.10940118715603607*I,-0.05935866581385332+1.3200628133573052*^-17*I
-2.367321699151904*^-24-4.100321460791406*^-24*I,-1.1961031996134876*^-22-2.875414436310745*^-37*I,-1.049871114270977*^-21+1.818430111316273*^-21*I,1.478289846895474*^-20+2.560473123136191*^-20*I,3.540372836093025*^-19+7.887942839642501*^-34*I,1.86103070380398*^-18-3.223399733434143*^-18*I,-1.7524415765494188*^-17-3.0353178478797125*^-17*I,-2.9966944930504642*^-16-1.8417488178551996*^-31*I,-1.1747172145069702*^-15+2.034669900051857*^-15*I,8.50765458882666*^-15+1.4735690001094294*^-14*I,1.1448296475159782*^-13+5.091917160180156*^-29*I,3.593984637610455*^-13-6.224963993963321*^-13*I,-2.1132458086068027*^-12-3.660249109388961*^-12*I,-2.333998648574462*^-11-1.0426000365946053*^-26*I,-6.066426728352438*^-11+1.050735931390025*^-10*I,2.9739457986822685*^-10+5.151025222273705*^-10*I,2.753783673972761*^-9+2.7592369249879483*^-24*I,6.027237905560165*^-9-1.0439482281735207*^-8*I,-2.496584931353888*^-8-4.324211946515801*^-8*I,-1.9581948806785442*^-7-1.7483764410707162*^-22*I,-3.6365608575519314*^-7+6.298708170096179*^-7*I,1.2792949148790715*^-6+2.215803790435059*^-6*I,8.523562595414358*^-6+7.572781389199972*^-21*I,0.000013439148107471555-0.00002327728733258376*I,-0.000040088439702704585-0.00006943521436124599*I,-0.00022602000074752496-3.7814562733644904*^-19*I,-0.00030068321275390845+0.0005207986014728097*I,0.000753837986406646+0.0013056856931317317*I,0.0035541832695396435+4.745365089823763*^-18*I,0.003928687972370273-0.006804687175230046*I,-0.00811745387655675-0.014059842542293272*I,-0.031215005836863503-4.5233441166715986*^-17*I,-0.027765292171014876+0.048090896727191995*I,0.04534826880079495+0.07854550559826765*I,0.13451656501743994+1.7937808736057013*^-16*I,0.08909705628377863-0.15432062828832807*I,-0.10254520133550571-0.17761349878547628*I,-0.1942610632714668-2.1640660941581736*^-16*I,-0.06548416297421025+0.11342189736245255*I,0.010878628568095865+0.018842337396612313*I,-0.09566254143750713-2.1274158010713522*^-17*I,-0.08086705521146005+0.1400658482847263*I,0.06492254730493466+0.11244915048894077*I,0.010316501566035448+5.1684655419274184*^-18*I,-0.057806679167836134+0.10012410533552547*I,0.07231206942572811+0.12524817824580922*I,0.04350279869576095+1.9325087406444762*^-17*I,-0.04931086936879506+0.08540893111214473*I,0.06856197459094332+0.11875282345876043*I,0.024077919416480662+1.6073807900366995*^-17*I,-0.05797224910506652+0.10041088087901444*I,0.055904194566676196+0.0968289053456993*I,-0.03696806525295319-2.4648491572899428*^-17*I,-0.06711567530322825+0.11624775960948687*I,0.020299485203703935+0.03515973974030792*I,-0.11203496014489366-1.2457590029653772*^-17*I,-0.04582152758281022+0.079365213853846*I,-0.03709238741474508-0.06424589957636692*I,-0.11656568405742362-2.589077140479747*^-17*I,0.019756475010286535-0.0342192184962811*I,-0.06250398520467679-0.10826007805003368*I,0.015990325050802594+5.330781981228309*^-18*I,0.06306650221857982-0.10923438609823549*I,0.002722728234432306+0.004715903637239059*I,0.1253197723853249+1.391758477448346*^-17*I,-0.0037760757263650513+0.00654035501129182*I,0.061934649541352485+0.107273959754595*I,-0.02159985631913115-1.1994030379892902*^-18*I,-0.05973710985437078+0.10346770936509363*I,-0.023132482737092626-0.040066635405854395*I,-0.10687986936106778+0.*I,0.03894858130428738-0.06746092170175302*I,-0.03968051921570035-0.06872867535230613*I,0.10813799495383028-6.004717705219984*^-18*I,0.016091076592463463-0.02787056220662901*I,0.06133856138988311+0.10624150479046016*I,-0.031411239991729505+3.488424748429671*^-18*I,-0.052167168484072435+0.09035618630141935*I,-0.04689761852919195-0.081229058046544*I,-0.04357680195723431+1.4527436430163096*^-17*I,0.061442836184821874-0.10642211403324306*I,0.022643342161320853+0.03921941907657416*I,0.08769972635500949-1.9479262577846432*^-17*I,-0.05755719371687802+0.09969198385871694*I,-0.0046371347748260065-0.008031753031543106*I,-0.10631124476458606+1.182114851566493*^-17*I,0.05317634785438909-0.09210413624475829*I,-0.0022813745586089174-0.003951456646605661*I,0.1102539444288578-7.351191904522319*^-17*I,-0.054200348247145494+0.09387775695198287*I,-0.0026580555061168124-0.004603887185932519*I,-0.10197574190707893+6.807641713385945*^-17*I,0.060343411482724076-0.1045178545901135*I,0.01968927858522957+0.03410283087399541*I,0.0727334606929193-3.231011630065181*^-17*I,-0.06452693686684918+0.11176393311017219*I,-0.04576219291006676-0.07926244318600378*I,-0.009077776428805725+4.5478764646408724*^-18*I,0.05159661532036001-0.08936795923345033*I,0.06617770865767846+0.11462315372358978*I
7.078752848536567*^-25-1.2260759587888182*^-24*I,-1.8163856765517984*^-23-3.146072277928102*^-23*I,-6.4793876295204605*^-22-1.5576352219772375*^-36*I,-4.636182447090923*^-21+8.03010355152044*^-21*I,5.644083538202466*^-20+9.775839450329837*^-20*I,1.2069205773596943*^-18+2.6890163739668484*^-33*I,5.781144944996107*^-18-1.0013236770653188*^-17*I,-5.030604262458501*^-17-8.713262175350727*^-17*I,-8.031174489821961*^-16-4.935907266129629*^-31*I,-2.962194237378564*^-15+5.130670921027409*^-15*I,2.0309183716644744*^-14+3.517653805747926*^-14*I,2.599960259916058*^-13+1.1563975733837954*^-28*I,7.796551079997349*^-13-1.3504022594361396*^-12*I,-4.393813549106743*^-12-7.610308306037417*^-12*I,-4.664378621534696*^-11-2.083583606388716*^-26*I,-1.1681040673206838*^-10+2.0232155931272786*^-10*I,5.528944433359268*^-10+9.576412670803391*^-10*I,4.952011617240149*^-9+4.961817965732286*^-24*I,1.050004249855045*^-8-1.8186607089121796*^-8*I,-4.219190690865947*^-8-7.307852643401468*^-8*I,-3.214106947333573*^-7-2.869718903489578*^-22*I,-5.803090626796023*^-7+1.005124780653741*^-6*I,1.98647503071649*^-6+3.4406756811679147*^-6*I,0.000012888408998904723+1.1450740545486477*^-20*I,0.000019800770319098467-0.00003429594022168021*I,-0.00005758030313010561-0.00009973201053656058*I,-0.0003165945304501628-5.296824924007363*^-19*I,-0.00041083450512275987+0.0007115862363750335*I,0.0010047845728434054+0.001740337930826175*I,0.0046209922020308+6.1697142248674924*^-18*I,0.004981030363903745-0.008627397664324554*I,-0.010030734022610406-0.017373740964371023*I,-0.03756076681522522-5.442903790544173*^-17*I,-0.03248911879375763+0.05627280444392892*I,0.05149284088135335+0.08918821663256404*I,0.14772886734722226+1.9699671686719402*^-16*I,0.09410626329129201-0.16299682933097126*I,-0.10307038851130275-0.17852314965744034*I,-0.18127985007272293-2.0194555228406305*^-16*I,-0.05178617571467642+0.08969628746750885*I,-0.006137128219858672-0.010629817889359966*I,-0.12105666967883681-2.6921495919912692*^-17*I,-0.08160977096566585+0.1413522697065926*I,0.05206675229490743+0.09018226035988315*I,-0.026449269482492998-1.3250823164654552*^-17*I,-0.0676436164040299+0.1171621804194792*I,0.06470912388277046+0.11207949027822722*I,0.005904775142564483+2.623056427782892*^-18*I,-0.061046066606637264+0.10573488896492933*I,0.060557549102870034+0.10488875182801817*I,-0.014463921530847529-9.655746916973741*^-18*I,-0.06584975736764181+0.11405512542683846*I,0.04231574775028142+0.07329302506375596*I,-0.07207782957641717-4.8057959288666744*^-17*I,-0.06460171303504232+0.11189344923267776*I,0.0011160885113350874+0.0019331220073762867*I,-0.12690198631364907-1.411071077634715*^-17*I,-0.029964765658272795+0.051900496557023536*I,-0.050952768193456295-0.08825278329734583*I,-0.09444430473631803-2.0977322135461813*^-17*I,0.03685158410221752-0.0638288160044382*I,-0.05554461626557472-0.09620609745889216*I,0.052658748422753525+1.7555134517541246*^-17*I,0.05859315543788555-0.10148632219419834*I,0.021321553236453024+0.03693001350182127*I,0.11764946758343907+1.3065746989475847*^-17*I,-0.022160354432785367+0.03838285979131843*I,0.05693533278681203+0.0986148891326006*I,-0.05686371438555332-3.1575446974145148*^-18*I,-0.05197266925647543+0.09001930375718842*I,-0.03894858130428738-0.06746092170175302*I,-0.08358710091705362+0.*I,0.05108715594510617-0.08848554971111831*I,-0.024067835381496105-0.04168671370895512*I,0.12002205455853256-6.6646191871062796*^-18*I,-0.0018032882331215124+0.0031233868404575704*I,0.058765341621711674+0.10178455741294663*I,-0.06390955936466333+7.097576810327363*^-18*I,-0.040655047756302055+0.07041660829805425*I,-0.055984387352340716-0.09696780332487051*I,-0.009511121249942535+3.1707744288741952*^-18*I,0.0588565076899568-0.1019424616750736*I,0.03744623061970526+0.06485877398527086*I,0.06040033803808139-1.3415709413639093*^-17*I,-0.06121855919889936+0.1060336548986568*I,-0.020968327159002025-0.03631820798911787*I,-0.08520208115426185+9.473940949506923*^-18*I,0.059546065383620866-0.10313681063524983*I,0.013944184112779291+0.02415203535342845*I,0.09102723254593874-6.069249118017316*^-17*I,-0.060228274345947706+0.10431843121937878*I,-0.018255597537906725-0.0316196224581837*I,-0.07999341611536892+5.340157435083317*^-17*I,0.06317500063491055-0.10942231086786135*I,0.03352938606264361+0.058074600207090404*I,0.0455434766485722-2.0231610227706954*^-17*I,-0.06134838058908035+0.10625851214235955*I,-0.054846097926838-0.09499622820618138*I,0.020191724298697797-1.0115854740283141*^-17*I,0.04113855431857687-0.07125406622970723*I
4.203868685465811*^-25+1.1211733279333816*^-39*I,5.47692119613973*^-24-9.486305780764867*^-24*I,-9.922538043314885*^-23-1.718634003105655*^-22*I,-2.8855559894583365*^-21-6.936834005253567*^-36*I,-1.7852056931728752*^-20+3.092066962536618*^-20*I,1.9406236168452986*^-19+3.3612587027441524*^-19*I,3.78166445605684*^-18+8.425540034648576*^-33*I,1.6740247985722204*^-17-2.899496004257326*^-17*I,-1.3600579674709543*^-16-2.3556895008985643*^-16*I,-2.043107261072906*^-15-1.2556803476493165*^-30*I,-7.134466039515172*^-15+1.2357257665314968*^-14*I,4.6539258958839*^-14+8.060836106331426*^-14*I,5.691577839339966*^-13+2.531472078096386*^-28*I,1.6359697637999905*^-12-2.833582750548036*^-12*I,-8.862592020154326*^-12-1.5350459665661805*^-11*I,-9.066023505894222*^-11-4.049803732656835*^-26*I,-2.1923904537850363*^-10+3.797331655984665*^-10*I,1.0038728951919443*^-9+1.7387588588137181*^-9*I,8.711680481856051*^-9+8.728932011408166*^-24*I,1.792216696311167*^-8-3.1042103761841746*^-8*I,-6.995624022563817*^-8-1.2116776237729923*^-7*I,-5.182105550046974*^-7-4.626848608502344*^-22*I,-9.106332325614478*^-7+1.5772630258571098*^-6*I,3.0362583893308513*^-6+5.258953795228292*^-6*I,0.000019200237094868036+1.7058500657749352*^-20*I,0.000028765362692804453-0.00004982306968208341*I,-0.00008160556315556912-0.0001413449815657171*I,-0.0004378566160795316-7.325615619113403*^-19*I,-0.000554556724591842+0.0009605204226720477*I,0.0013237530251519558+0.0022928074962361962*I,0.0059409289899717745+7.932026823643667*^-18*I,0.0062468722605700045-0.01081990014369986*I,-0.012263722071100444-0.02124138971704986*I,-0.04472311698437282-6.480794818611684*^-17*I,-0.03761607351288234+0.0651529505055579*I,0.05783465439943326+0.1001725598580056*I,0.16034709982882103+2.1382315313641298*^-16*I,0.09806633386722012-0.16985587277003728*I,-0.10179312970831983-0.17631087251625935*I,-0.16417268450702013-1.8288818878340457*^-16*I,-0.03677680401120771+0.06369929308741448*I,-0.02260419434972147-0.039151613077878955*I,-0.14092426557107973-3.133980185192362*^-17*I,-0.07852863366799642+0.13601558336193365*I,0.03677558658083058+0.0636971844361468*I,-0.06108159096798083-3.060127468050531*^-17*I,-0.07328234616215791+0.12692874685070749*I,0.053158188639093086+0.09207268356124*I,-0.03143228278190137-1.396304675458783*^-17*I,-0.06834213307374665+0.11837204678136233*I,0.048317197011548345+0.08368784010331701*I,-0.05127948984366101-3.4232885936633167*^-17*I,-0.06852658860821584+0.11869153313880029*I,0.025604367396998576+0.04434806522726169*I,-0.10078633959223195-6.719938479615339*^-17*I,-0.05679378004101948+0.09836971258493685*I,-0.01785656671933028-0.03092848080662359*I,-0.1307070864254027-1.4533814217922096*^-17*I,-0.011764504999733676+0.0203767203854368*I,-0.060146003630775484-0.10417593416072536*I,-0.0643303593085507-1.428861882220557*^-17*I,0.05041309968199399-0.08731805001624793*I,-0.043725091669204234-0.07573408033666844*I,0.0840545465226655+2.802172317446741*^-17*I,0.048911026655809556-0.08471638321821776*I,0.037725755283177974+0.06534292490437425*I,0.09948038932619843+1.1047951376650569*^-17*I,-0.038283186227961105+0.06630842362244972*I,0.04688876470768866+0.08121372277785925*I,-0.08653153000821584-4.80494770151741*^-18*I,-0.03968051921570035+0.06872867535230613*I,-0.05108715594510617-0.08848554971111831*I,-0.05324790138538181+0.*I,0.05858730373768463-0.10147618675213976*I,-0.006580405572966958-0.011397596786788158*I,0.12142607521668243-6.742582050280197*^-18*I,-0.019302229646671634+0.033432442447397535*I,0.051283044798967975+0.08882483915864335*I,-0.09066304748549785+1.006872758604049*^-17*I,-0.02596173964512857+0.04496705211823788*I,-0.06042482147713062-0.10465886083666925*I,0.02486512763428906-8.289423381493871*^-18*I,0.051691799591923986-0.08953282322788057*I,0.049172585633397645+0.08516941665657608*I,0.028883871576981805-6.415487734081003*^-18*I,-0.06028978509100027+0.10442497095502112*I,-0.035566188649796604-0.061602445773027224*I,-0.05829501628769107+6.482042861842747*^-18*I,0.06169012631227637-0.10685043309820447*I,0.02901783527234653+0.05026036501736839*I,0.06600369180533991-4.400802233257819*^-17*I,-0.06228958185420265+0.10788872055369957*I,-0.03251236442278774-0.05631306705446305*I,-0.053395904153656644+3.5645750414997226*^-17*I,0.06222825932490273-0.1077825068173035*I,0.04527596611463498+0.0784202736723145*I,0.016156029888466077-7.176933417990976*^-18*I,-0.05492124163150275+0.09512638092052987*I,-0.06098929248116673-0.10563655329505917*I,0.04810790527433589-2.4101586096134847*^-17*I
6.198496507015863*^-26+1.0736110880689757*^-25*I,3.2794344685415473*^-24+8.746263815390221*^-39*I,3.0167601919148114*^-23-5.225181926647661*^-23*I,-4.455829159498982*^-22-7.717722494099205*^-22*I,-1.1204417514092749*^-20-2.693525431658911*^-35*I,-6.190009137995034*^-20+1.0721410326322968*^-19*I,6.132326703456883*^-19+1.062150141899874*^-18*I,1.1044263346445269*^-17+2.460659428142501*^-32*I,4.564914261296829*^-17-7.906663432761816*^-17*I,-3.490057465379355*^-16-6.044956851372132*^-16*I,-4.964022766331388*^-15-3.050855895687453*^-30*I,-1.6493656861299108*^-14+2.856785168637703*^-14*I,1.0278984490831007*^-13+1.7803723388331826*^-13*I,1.2050615407702765*^-12+5.35981362103541*^-28*I,3.3299696634745177*^-12-5.767676644800896*^-12*I,-1.7385017934539043*^-11-3.0111734353117793*^-11*I,-1.717488503928456*^-10-7.67204204741207*^-26*I,-4.018358115625095*^-10+6.96000041926939*^-10*I,1.7830016048837805*^-9+3.088249369635563*^-9*I,1.501475279796317*^-8+1.5044486148738745*^-23*I,3.0010627165479904*^-8-5.197993101761783*^-8*I,-1.1392984022670289*^-7-1.973322717708543*^-7*I,-8.215650329102311*^-7-7.3353523825473385*^-22*I,-1.4065242138480422*^-6+2.4361714004606767*^-6*I,4.571962144073067*^-6+7.918870723816109*^-6*I,0.000028201604552927535+2.5055789021703637*^-20*I,0.00004123208909718149-0.00007141607321852481*I,-0.00011419037089577339-0.0001977835241266147*I,-0.0005982467725708881-1.0009043463747609*^-18*I,-0.000739897239601903+0.0012815396113704544*I,0.0017245808620210074+0.002987061674781326*I,0.007555792243987125+1.0088110269345165*^-17*I,0.007752467316815745-0.013427667276741996*I,-0.01483982485683767-0.025703330627466464*I,-0.05270737058542296-7.637787283744379*^-17*I,-0.04310144363102381+0.074653890248499*I,0.06425697421668641+0.11129634408394459*I,0.17199498992109696+2.293556360411594*^-16*I,0.10077215928038143-0.1745424998620437*I,-0.09860965153504463-0.1707969265753601*I,-0.14321665481356743-1.5954319490555315*^-16*I,-0.020895742777570326+0.03619248815264213*I,-0.03792450399030501-0.06568716776305694*I,-0.1544733646895729-3.435295278036663*^-17*I,-0.0718116684118539+0.1243814582656199*I,0.01986750882039801+0.034411534696752184*I,-0.09170845606603516-4.5945032048574446*^-17*I,-0.07447736838410188+0.12899858605528827*I,0.03847056059560893+0.06663296554725194*I,-0.06605958168394034-2.93454037061694*^-17*I,-0.0708088452099308+0.12264451752888005*I,0.032824463906489305+0.056853639217250375*I,-0.08369594831549153-5.587329087667877*^-17*I,-0.06594021226637117+0.1142117979072312*I,0.007160944799238083+0.012403120222476492*I,-0.12097896948558545-8.06628393847389*^-17*I,-0.04447734869481041+0.07703702772536881*I,-0.03505122403770284-0.06071050090078093*I,-0.12344549876472465-1.3726370881269624*^-17*I,0.007160338870694744-0.012402070723453654*I,-0.06401352250864842-0.11087467335643304*I,-0.029072576728688872-6.45740162996951*^-18*I,0.05935415647857701-0.10280441466128874*I,-0.02822634045711123-0.04888945578345361*I,0.10754994592261763+3.585451277474765*^-17*I,0.0350280906076036-0.06067043262449557*I,0.05053954087896894+0.08753705259357844*I,0.07272547854076095+8.076642604678428*^-18*I,-0.05077612108978215+0.08794682153877223*I,0.03282719207196719+0.05685836453846942*I,-0.10813799495383028-6.004717705219984*^-18*I,-0.024067835381496105+0.04168671370895512*I,-0.05858730373768463-0.10147618675213976*I,-0.018693710972244648+0.*I,0.060927749549693815-0.10552995781090146*I,0.01123402419989431+0.019457900687675247*I,0.11251175406335895-6.2475850597938056*^-18*I,-0.03494711228986507+0.060530174063861054*I,0.039642194472304985+0.06866229494955832*I,-0.10962732797747889+1.2174835635955336*^-17*I,-0.0093590214467105+0.016210300654829365*I,-0.059983414556560255-0.10389432162342888*I,0.05684066462793695-1.89492827592294*^-17*I,0.040617995181435614-0.07035243135583437*I,0.057006277141366926+0.09873776835919972*I,-0.004390690943865666+9.75230201375039*^-19*I,-0.054949941606124104+0.09517609073474996*I,-0.04742260150397643-0.08213835523197942*I,-0.02762041822799884+3.071218540060938*^-18*I,0.05955880434097617-0.10315887515662467*I,0.04195202302863691+0.0726630353658986*I,0.036955457262016295-2.4640085183324188*^-17*I,-0.06033975402845232+0.10451151969348843*I,-0.04456992314570375-0.07719737137779886*I,-0.023889735220507635+1.5948180907285318*^-17*I,0.057636854182658945-0.09982995983280425*I,0.05430302937289779+0.09405560587876388*I,-0.013768579734596243+6.1163652640951576*^-18*I,-0.045648970816825105+0.07906633676797012*I,-0.06393137078763425-0.1107323824017071*I
-1.815512091825942*^-26+3.144559184798165*^-26*I,4.874714997618612*^-25+8.443254048293488*^-25*I,1.8211048887609908*^-23+4.856893450804046*^-38*I,1.3658340731462296*^-22-2.3656940093980025*^-22*I,-1.7444579823881574*^-21-3.0214898571653993*^-21*I,-3.917297323245601*^-20-9.417124942247186*^-35*I,-1.972390150317546*^-19+3.4162799526983847*^-19*I,1.8060151132279485*^-18+3.1281099353480814*^-18*I,3.0372193595077056*^-17+6.766918007904096*^-32*I,1.1814204791931244*^-16-2.0462802950648501*^-16*I,-8.552671725158059*^-16-1.4813661968431594*^-15*I,-1.157571563960436*^-14-7.114359052786584*^-30*I,-3.674857956369097*^-14+6.36504069103*^-14*I,2.1956159501554977*^-13+3.802918379577941*^-13*I,2.4748188092781144*^-12+1.1007377727020273*^-27*I,6.591230679108239*^-12-1.1416346420622174*^-11*I,-3.3236106804664544*^-11-5.756662563146475*^-11*I,-3.177112944387818*^-10-1.4192202185322963*^-25*I,-7.204174510385452*^-10+1.247799627858023*^-9*I,3.102344989477059*^-9+5.373419144381012*^-9*I,2.5385757054085997*^-8+2.543602785303615*^-23*I,4.9356613453824354*^-8-8.548816219156117*^-8*I,-1.8243659196038698*^-7-3.159894464351027*^-7*I,-1.2819552546706348*^-6-1.1445951513244126*^-21*I,-2.1401156246178843*^-6+3.7067889959101706*^-6*I,6.78746136629745*^-6+0.000011756227940838082*I,0.00004086986375615718+3.6310936907798913*^-20*I,0.00005835170201676417-0.00010106811260115445*I,-0.0001578532270248869-0.00027340980934580984*I,-0.0008079353026085763-1.3517263996183285*^-18*I,-0.0009762254040560573+0.0016908719994645411*I,0.002222745778200844+0.0038499086201530964*I,0.009509984850679977+1.2697249042257426*^-17*I,0.009523553218249-0.016495278042593306*I,-0.017777820974098597-0.030792089175002493*I,-0.06149689881677741-8.911471518224438*^-17*I,-0.04888322859585354+0.08466823556602189*I,0.07062482646138629+0.12232578770685631*I,0.18228279978558848+2.4307444945556997*^-16*I,0.10203951760992362-0.17673762888020642*I,-0.09347301868571518-0.1619000175004942*I,-0.11884358153063232-1.323916182520656*^-16*I,-0.004634323776278589+0.00802688423923896*I,-0.051531627846063334-0.08925539762611288*I,-0.16118098721981872-3.584464450672424*^-17*I,-0.06181876813218592+0.10707324726626574*I,0.0022336372177545164+0.0038687731468276124*I,-0.11671557036407676-5.84733496885375*^-17*I,-0.07125098042467286+0.12341031818462875*I,0.02163050380068631+0.03746513157610043*I,-0.09577983408045758-4.254792153314914*^-17*I,-0.06839781552874914+0.1184684916225168*I,0.015258797247654606+0.026429012095329975*I,-0.10945870199752367-7.307185137132074*^-17*I,-0.058426320664032055+0.10119735588941475*I,-0.011543539419422766-0.0199939967736144*I,-0.1312961792536272-8.754184850472786*^-17*I,-0.02876921621423289+0.04982974417698565*I,-0.04910971597667299-0.08506052321687475*I,-0.10603188155213558-1.179008506577773*^-17*I,0.025196805935443736-0.043642148068641584*I,-0.06237696898700504-0.10804007950764095*I,0.008157995668412308+1.8119981251784143*^-18*I,0.06303267996370064-0.1091758042343582*I,-0.010499512727986849-0.018185689499589344*I,0.1213169353267781+4.044408921039217*^-17*I,0.01827773161809756-0.03165795980965306*I,0.05874026961861494+0.10174113142973562*I,0.03997063121935451+4.439001427280956*^-18*I,-0.05864565147769611+0.10157724800234644*I,0.016091076592463463+0.02787056220662901*I,-0.12002205455853256-6.6646191871062796*^-18*I,-0.006580405572966958+0.011397596786788158*I,-0.060927749549693815-0.10552995781090146*I,0.016997223405150454+0.*I,0.05804764627710684-0.10054147261173543*I,0.02786191970014525+0.04825826051705579*I,0.0942980321961505-5.23620827015873*^-18*I,-0.0474902214981659+0.08225547649752314*I,0.024904889877581136+0.04313653462487835*I,-0.11946749957608183+1.3267651396886754*^-17*I,0.007777198366955693-0.013470502712108963*I,-0.05481838037672183-0.09494822000111887*I,0.0839916982876479-2.8000771115161585*^-17*I,0.02657863185253038-0.04603554076425117*I,0.060453486178328304+0.10470850955552741*I,-0.03692251160545927+8.200975401963051*^-18*I,-0.045691571558343747+0.07914012341672048*I,-0.055759272775844616-0.09657789344085496*I,0.004598312571041677-5.11303728444726*^-19*I,0.05339519455385121-0.09248318984729542*I,0.051933976906200476+0.08995228664064785*I,0.0058591453471631225-3.906590559331644*^-18*I,-0.05458964709745188+0.09455204234004169*I,-0.05373169540501563-0.09306602641830211*I,0.006695087846716674-4.4694707238926006*^-18*I,0.04974266111961696-0.08615681636285773*I,0.06015551141138908+0.10419240211981505*I,-0.04258554549404805+1.8917619408330182*^-17*I,-0.03407464026481645+0.05901900818829437*I
-1.0563969887726707*^-26-2.954803442336855*^-41*I,-1.439195605228134*^-25+2.492759910284953*^-25*I,2.7287319746440435*^-24+4.726302420321262*^-24*I,8.311637073359898*^-23+2.216716671082417*^-37*I,5.390688566340805*^-22-9.336946484682852*^-22*I,-6.148838395833814*^-21-1.0650100509114538*^-20*I,-1.2584779539902856*^-19-3.0253624251250364*^-34*I,-5.856929923497764*^-19+1.0144500203868567*^-18*I,5.00802991515785*^-18+8.674162258878294*^-18*I,7.926487319125419*^-17+1.7660196196005834*^-31*I,2.919677014205439*^-16-5.057028930294793*^-16*I,-2.0114407237833292*^-15-3.48391753000586*^-15*I,-2.6013282804056818*^-14-1.5987593317907774*^-29*I,-7.91781067673529*^-14+1.3714050376816821*^-13*I,4.54868849114906*^-13+7.878559574473996*^-13*I,4.942030049167194*^-12+2.1980918880011095*^-27*I,1.271395125175744*^-11-2.2021209532997788*^-11*I,-6.204043693313866*^-11-1.0745718889196894*^-10*I,-5.748373849390021*^-10-2.567805593801013*^-25*I,-1.2651871493941214*^-9+2.191368423833851*^-9*I,5.294864044224355*^-9+9.170973543766228*^-9*I,4.2152147729679996*^-8+4.223562060540795*^-23*I,7.980910770323186*^-8-1.382334294487339*^-7*I,-2.8751251286602323*^-7-4.979862800957539*^-7*I,-1.9704583376360065*^-6-1.7593258820288514*^-21*I,-3.210315691056255*^-6+5.560429885245014*^-6*I,9.941613909759849*^-6+0.000017219380400937572*I,0.000058475182777684465+5.195242844900921*^-20*I,0.00008157872343260589-0.00014129849380188256*I,-0.00021568600688110618-0.00037357912239972785*I,-0.0010790220988262473-1.8052716003940253*^-18*I,-0.0012743027081500167+0.0022071570347384347*I,0.0028352916894993354+0.0049108692604906655*I,0.011849706273344496+1.5821126320668873*^-17*I,0.011584426185624727-0.020064814730033298*I,-0.021090405947946686-0.03652965465409662*I,-0.07105011928880807-1.0295821847782748*^-16*I,-0.05488178190132366+0.09505803466300634*I,0.07678746778678837+0.13299979559127637*I,0.1908200095813621+2.5445883445204426*^-16*I,0.10171382798196363-0.17617351789708152*I,-0.08639902173601237-0.14964749537102165*I,-0.09163097959785217-1.0207680982632457*^-16*I,0.011483371322673231-0.019889782573049408*I,-0.0629169274461675-0.10897531499288696*I,-0.16082091161725157-3.576456817643126*^-17*I,-0.04906358598827493+0.08498062373321659*I,-0.015210203914543545-0.02634484597347246*I,-0.13483145923958184-6.754923135395523*^-17*I,-0.0638845820372124+0.1106513419087538*I,0.0037283138607830963+0.0064576290334396064*I,-0.1187808986266049-5.276559938657166*^-17*I,-0.06139190186364015+0.10633389320110698*I,-0.0030956844579291933-0.005361882765334691*I,-0.12687547161125298-8.469884472459253*^-17*I,-0.04667487640835837+0.08084325737627453*I,-0.02907417486999498-0.05035794806297365*I,-0.13120137796953413-8.747863966120092*^-17*I,-0.011011665962975283+0.019072764923850034*I,-0.058981750346392116-0.1021593883192945*I,-0.08017646355582403-8.915123562450397*^-18*I,0.040871467002545306-0.0707914574282833*I,-0.055527166967761964-0.09617587438852405*I,0.044153924504758565+9.807167308469842*^-18*I,0.061281785692419155-0.10614316639781739*I,0.007873239876390652+0.013636851486085925*I,0.1244406867891902+4.1485471293417806*^-17*I,0.00018575722978067457-0.00032174095985337467*I,0.06174637932107039+0.10694786616751419*I,0.0042141769405215825+4.680120599329352*^-19*I,-0.06133856138988311+0.10624150479046016*I,-0.0018032882331215124-0.0031233868404575704*I,-0.12142607521668243-6.742582050280197*^-18*I,0.01123402419989431-0.019457900687675247*I,-0.05804764627710684-0.10054147261173543*I,0.050773566183899874+0.*I,0.05032730343843664-0.0871694465633081*I,0.041948331335905566+0.07265664116652205*I,0.06853223611864626-3.805477730335665*^-18*I,-0.05598591601088373+0.09697045103913454*I,0.008342939441441632+0.014450394997047212*I,-0.11962892777637042+1.3285579060014013*^-17*I,0.0240806998339205-0.04170899559416573*I,-0.04544984362325853-0.07872143835154406*I,0.10435383959007599-3.478900935355563*^-17*I,0.010706996600105588-0.018545062107850126*I,0.05936406734133723+0.10282158077913627*I,-0.06635344178917081+1.473797204706189*^-17*I,-0.03327094396721485+0.057626965366993375*I,-0.06007202678672755-0.10404780250825066*I,0.03610640700697557-4.014807657850727*^-18*I,0.0437060775519412-0.07570114691950783*I,0.058371787482680966+0.10110290164861632*I,-0.025239759201623888+1.682863270572536*^-17*I,-0.045481899833190356+0.07877696133584426*I,-0.05949910572779117-0.10305547412544656*I,0.03651852556698313-2.437884082154325*^-17*I,0.03906832285138933-0.06766832014511064*I,0.06256863517635679+0.10837205508569103*I,-0.06875417095701944+3.0542411135298234*^-17*I
-1.5265780291622347*^-27-2.644110708227371*^-27*I,-8.440187470118633*^-26-2.360769223665559*^-40*I,-8.119939681513177*^-25+1.406414808277538*^-24*I,1.2553123537463051*^-23+2.1742647760574894*^-23*I,3.3066722571100757*^-22+8.818907097899268*^-37*I,1.915380769174063*^-21-3.3175368080498144*^-21*I,-1.991368609225548*^-20-3.449151607776442*^-20*I,-3.767426199308433*^-19-9.056836972534954*^-34*I,-1.6374245485303235*^-18+2.8361025116150352*^-18*I,1.3177788596732447*^-17+2.282459938094249*^-17*I,1.975190513480138*^-16+4.400720090522712*^-31*I,6.924155573263426*^-16-1.1992989252403397*^-15*I,-4.558392644838572*^-15-7.89536766170872*^-15*I,-5.652618153639623*^-14-3.474062112903312*^-29*I,-1.6544741244181285*^-13+2.865633243300226*^-13*I,9.162436061116302*^-13+1.5869804778954707*^-12*I,9.61662893859381*^-12+4.2772370563392026*^-27*I,2.3943774332695662*^-11-4.147183366919244*^-11*I,-1.1326145721469725*^-10-1.9617459843514442*^-10*I,-1.0187372878726907*^-9-4.550711862087312*^-25*I,-2.1793276082192217*^-9+3.7747061437732496*^-9*I,8.874606946431599*^-9+1.5371270128423254*^-8*I,6.881123249739558*^-8+6.89474977120598*^-23*I,1.2700026401035198*^-7-2.199709098405902*^-7*I,-4.4631505307202304*^-7-7.730403481035455*^-7*I,-2.985800403814204*^-6-2.6658751563885568*^-21*I,-4.750991347921727*^-6+8.228958400920559*^-6*I,0.000014375726172857462+0.00002489948812708687*I,0.0000826481983745417+7.342900711943569*^-20*I,0.00011272957330136165-0.0001952533484735176*I,-0.00029143870245744777-0.0005047866399482502*I,-0.001425722810563272-2.385323621030196*^-18*I,-0.0016463213774805553+0.0028515122713830914*I,0.003580682820485845+0.006201924570870533*I,0.014621916240432293+1.95224403503148*^-17*I,0.013956897878524475-0.024174056241654588*I,-0.024782722629137464-0.04292493474355317*I,-0.0812979844539837-1.17808326418092*^-16*I,-0.06100008502603834+0.10565524653111955*I,0.08258174879040303+0.1430357846828682*I,0.19722922735346843+2.6300553816313553*^-16*I,0.09967835714280238-0.17264797898632936*I,-0.07746974498736113-0.1341815343675142*I,-0.06228613138437227-6.938668140451775*^-17*I,0.026921532579535116-0.04662946224537553*I,-0.07165346045062919-0.12410743403861696*I,-0.15347683537212584-3.413133706910595*^-17*I,-0.0341874902141471+0.05921447003416653*I,-0.03157206718045349-0.054684424456523335*I,-0.14519093314226944-7.27392256127467*^-17*I,-0.05289478069816351+0.09161644762443266*I,-0.014110635848043321-0.02444033821591381*I,-0.13373849947145225-5.94101591018884*^-17*I,-0.050372807912666434+0.08724826262464566*I,-0.02094395580016492-0.03627599555736259*I,-0.13491206526895513-9.00638706802319*^-17*I,-0.03166258304709357+0.05484120253643498*I,-0.044138621127489376-0.0764503343688448*I,-0.12098118688171458-8.06643178356513*^-17*I,0.007344423065023434-0.01272091390090131*I,-0.06399279983738042-0.1108387806369284*I,-0.04820484584759644-5.360078731097624*^-18*I,0.052963782481272835-0.09173596221859096*I,-0.04417497328679939-0.0765132981557345*I,0.07594125007306131+1.6867550357853115*^-17*I,0.054398172273185934-0.09422039821604253*I,0.025319675516266432+0.04385496442533124*I,0.11694776538900784+3.8987515169327185*^-17*I,-0.017669981281397844+0.03060530534817206*I,0.05944310003717899+0.10295846942379343*I,-0.031411239991729505-3.488424748429671*^-18*I,-0.058765341621711674+0.10178455741294663*I,-0.019302229646671634-0.033432442447397535*I,-0.11251175406335895-6.2475850597938056*^-18*I,0.02786191970014525-0.04825826051705579*I,-0.05032730343843664-0.0871694465633081*I,0.07986435554154843+0.*I,0.03853358419298862-0.06674212561998927*I,0.052400154335509014+0.09075972963355218*I,0.03751010682382582-2.082872006882368*^-18*I,-0.05985158062692558+0.10366597855914025*I,-0.008674328521722192-0.015024377721166665*I,-0.11034201413593636+1.2254206233333205*^-17*I,0.03830098696499513-0.06633925540340485*I,-0.03270213745319086-0.056641763585027614*I,0.11654883569499316-3.885452179878131*^-17*I,-0.0057675212665377834+0.00998963986737745*I,0.05392642351743863+0.09340330540268078*I,-0.09063163295813333+2.0130477592415388*^-17*I,-0.018642438244400233+0.03228965021626636*I,-0.06015357887987042-0.1041890548770377*I,0.06477270355386398-7.202321355251654*^-18*I,0.031216761090507507-0.054069016256498306*I,0.06092367675344908+0.10552290352087658*I,-0.05435998643102369+3.624457104476079*^-17*I,-0.03365411782526119+0.058290641957261885*I,-0.0615940032332484-0.10668394304154777*I,0.06383923161434399-4.261745077415773*^-17*I,0.026280696871109663-0.04551950223907844*I,0.061475862512515855+0.10647931731079614*I
4.383311045843582*^-28-7.592117436778906*^-28*I,-1.229125630354001*^-26-2.1289080406582664*^-26*I,-4.799033084076273*^-25-1.342317294295933*^-39*I,-3.764693304778851*^-24+6.520640078791313*^-24*I,5.0333877639022264*^-23+8.718083341274211*^-23*I,1.18420030421917*^-21+3.1582665762406285*^-36*I,6.252548184722663*^-21-1.0829731132712144*^-20*I,-6.009184324908486*^-20-1.0408212562788043*^-19*I,-1.0617527637898974*^-18-2.552437971724222*^-33*I,-4.343585023075036*^-18+7.523309946961153*^-18*I,3.310607559740731*^-17+5.734140497392592*^-17*I,4.722860556520078*^-16+1.05225228624632*^-30*I,1.5822110725856168*^-15-2.7404699660163228*^-15*I,-9.988270440683542*^-15-1.7300191883002366*^-14*I,-1.191137065514377*^-13-7.320650428003679*^-29*I,-3.361069772968009*^-13+5.821543614564576*^-13*I,1.7982889088969854*^-12+3.1147277568971817*^-12*I,1.8268680816773407*^-11+8.125454258336215*^-27*I,4.409778092484207*^-11-7.637959706286808*^-11*I,-2.025184001955044*^-10-3.507721586061808*^-10*I,-1.7707108464571919*^-9-7.9097868991582435*^-25*I,-3.6863102604481617*^-9+6.38487666355867*^-9*I,1.462266871001068*^-8+2.532720514798621*^-8*I,1.1053975962680697*^-7+1.1075865883159957*^-22*I,1.9905487562261138*^-7-3.4477315807266564*^-7*I,-6.829726887965072*^-7-1.1829433971774804*^-6*I,-4.463344294577489*^-6-3.985101835381477*^-21*I,-6.941077563425913*^-6+0.000012022298999130044*I,0.000020534406373586525+0.000035566635142318125*I,0.00011545769593297901+1.0257869068405292*^-19*I,0.0001540461249688665-0.00026681571515518035*I,-0.00038960561512765666-0.0006748167203152296*I,-0.0018645309152099552-3.119477082950115*^-18*I,-0.0021059029444907558+0.003647530895666876*I,0.004478577039421419+0.007757122977889325*I,0.017873069041429143+2.386321454047959*^-17*I,0.01665915711007057-0.02885450652591445*I,-0.028850934250268637-0.04997128396729453*I,-0.09214213700905549-1.335225101400586*^-16*I,-0.06712471315718585+0.1162634136317326*I,0.08783631417148974+0.1521369588946029*I,0.201160817055369+2.6824832027641654*^-16*I,0.09586147477980266-0.1660369448071003*I,-0.06683453046630423-0.1157608024676493*I,-0.03162376263642714-3.5228836565958386*^-17*I,0.04115480649194782-0.0712822158197189*I,-0.07741640705499296-0.13408915035868155*I,-0.13954023594544002-3.103201089733558*^-17*I,-0.017927074567409773+0.031050603981829558*I,-0.046030359272355714-0.07972692095036932*I,-0.14737387437730895-7.383285764305617*^-17*I,-0.038996326287395085+0.06754361843830202*I,-0.03079623409779608-0.05334064213916795*I,-0.13988294937416584-6.213968536213867*^-17*I,-0.03617028889024311+0.06264877808234504*I,-0.037069734121532784-0.06420666292156456*I,-0.1332361480308319-8.894507086715219*^-17*I,-0.01456830375794852+0.025233042288863406*I,-0.05567666880521366-0.09643481916681539*I,-0.10168296130839381-6.779720815162718*^-17*I,0.024857629987789096-0.043054678094598384*I,-0.06387807073199225-0.11064006399728918*I,-0.012840172791562321-1.4277472704977706*^-18*I,0.06059164148808534-0.10494780157136208*I,-0.029371019527047404-0.05087209809094375*I,0.10101230014641652+2.243616029289799*^-17*I,0.04309280398327272-0.07463892593963478*I,0.04040817181167363+0.06998900661879132*I,0.09975356893349506+3.32553920038793*^-17*I,-0.03379497521769268+0.05853461411757476*I,0.052167168484072435+0.09035618630141935*I,-0.06390955936466333-7.097576810327363*^-18*I,-0.051283044798967975+0.08882483915864335*I,-0.03494711228986507-0.060530174063861054*I,-0.0942980321961505-5.23620827015873*^-18*I,0.041948331335905566-0.07265664116652205*I,-0.03853358419298862-0.06674212561998927*I,0.10199289165335963+0.*I,0.023737175575372155-0.04111399412472757*I,0.05846151022936292+0.10125830600446421*I,0.003863099637625838-2.1451130845346914*^-19*I,-0.05889579870465877+0.10201051570881829*I,-0.024792956370302165-0.04294266010320179*I,-0.09256545491989894+1.0280002441076736*^-17*I,0.049393942779325406-0.08555281847994148*I,-0.017626463087703496-0.03052992962563983*I,0.1198598531540657-3.995833376972498*^-17*I,-0.02161466883814507+0.037437704616443045*I,0.04463810014677971+0.07731545740757015*I,-0.10814396606507576+2.4020197083214682*^-17*I,-0.002882720738918592+0.0049930187838395*I,-0.05609464056056969-0.09715876748322062*I,0.0887279246893218-9.865992798426904*^-18*I,0.01681389049353718-0.029122512607705778*I,0.05950961089457344+0.10307366960805546*I,-0.07970679471191376+5.3144578822730936*^-17*I,-0.019891872296730336+0.03445373347560881*I,-0.05996679180193698-0.10386553016785952*I,0.08711248308318753-5.815408277530444*^-17*I,0.012147753337924573-0.02104052597909982*I
2.5009996390290756*^-28+7.248361292721568*^-43*I,3.556161705131414*^-27-6.159452753218342*^-27*I,-7.042316309174805*^-26-1.2197649650461775*^-25*I,-2.2421497411502527*^-24-6.271422432851266*^-39*I,-1.521211498860883*^-23+2.6348156050850383*^-23*I,1.816620025516468*^-22+3.146478182241612*^-22*I,3.895974252559282*^-21+1.0390577691892522*^-35*I,1.9016486996578544*^-20-3.293752165954674*^-20*I,-1.7069669949279255*^-19-2.9565535620583495*^-19*I,-2.8389925177581325*^-18-6.824896106605041*^-33*I,-1.0999972021631854*^-17+1.9052510423302402*^-17*I,7.980088755653015*^-17+1.3821919173700193*^-16*I,1.0880130048667158*^-15+2.4240905657403003*^-30*I,3.4954544846177054*^-15-6.054304762902319*^-15*I,-2.1222394408180946*^-14-3.675826537323522*^-14*I,-2.440084362371719*^-13-1.4996598753349774*^-28*I,-6.652541781248243*^-13+1.1522540364596703*^-12*I,3.4454355233421626*^-12+5.9676693806312956*^-12*I,3.3937000649862106*^-11+1.509433271133609*^-26*I,7.954015860928617*^-11-1.3776759595337055*^-10*I,-3.551291994339613*^-10-6.151018166708822*^-10*I,-3.0220864411521142*^-9-1.3499696908829348*^-24*I,-6.129395255409717*^-9+1.0616424002041234*^-8*I,2.3708171046142793*^-8+4.1063756806452794*^-8*I,1.7489179595013303*^-7+1.7523812993156636*^-22*I,3.075355750592094*^-7-5.326672411374614*^-7*I,-1.0309805814117037*^-6-1.7857107486219756*^-6*I,-6.586394064571142*^-6-5.880669144694061*^-21*I,-0.000010016900338454949+0.000017349780320557823*I,0.000028990116707402137+0.00005021235505457198*I,0.000159498407818381+1.4170677587138028*^-19*I,0.00020826380850408267-0.00036072349770686495*I,-0.0005155101359636547-0.0008928897473057935*I,-0.0024143439669314917-4.039348778699963*^-18*I,-0.002668048315032973+0.004621195238685625*I,0.00554951147385992+0.009612035829911854*I,0.02164762729489577+2.8902813122526456*^-17*I,0.01970456612714307-0.03412930967331239*I,-0.03328090309073254-0.057644215074925016*I,-0.10345388967876248-1.4991428983575146*^-16*I,-0.07312752722075888+0.12666059257823006*I,0.09237653936212559+0.1600008596025883*I,0.20230766866548708+2.697776490121206*^-16*I,0.09024257755834555-0.15630472933702902*I,-0.054708169029560355-0.09475732834826492*I,-0.0005381439878747328-5.994918067072222*^-19*I,0.053690598883600366-0.09299484515519643*I,-0.07999896635142952-0.13856227427366902*I,-0.1196930746827903-2.6618249372490966*^-17*I,-0.0010770465796880403+0.0018654993981379665*I,-0.05787567658403513-0.10024361236597325*I,-0.1414178831865326-7.084896479522319*^-17*I,-0.023054614764518144+0.03993176412107297*I,-0.04533901167668162-0.07852947178897124*I,-0.13702744526564914-6.087119533067032*^-17*I,-0.019797385569488284+0.03429007766338455*I,-0.05041511574170846-0.08732154193410473*I,-0.12220925946467916-8.158379992487245*^-17*I,0.0033213177711139802-0.005752691127650825*I,-0.0629274206306723-0.10899348972158257*I,-0.07499876012556454-5.0005492423902486*^-17*I,0.040206069197790725-0.06963895462320349*I,-0.05878243075228059-0.10181415665534933*I,0.0230322824026411+2.5610464023750476*^-18*I,0.0632643770209891-0.10957711530954607*I,-0.012403223038129517-0.02148301247964915*I,0.11750539918552526+2.609949449310641*^-17*I,0.02841087630635711-0.04920908125016527*I,0.051958269602236214+0.08999436282443475*I,0.07453971021578737+2.4849710236775626*^-17*I,-0.04689761852919195+0.081229058046544*I,0.040655047756302055+0.07041660829805425*I,-0.09066304748549785-1.006872758604049*^-17*I,-0.039642194472304985+0.06866229494955832*I,-0.0474902214981659-0.08225547649752314*I,-0.06853223611864626-3.805477730335665*^-18*I,0.052400154335509014-0.09075972963355218*I,-0.023737175575372155-0.04111399412472757*I,0.11553668695437253+0.*I,0.007210568018055762-0.012489070158703802*I,0.059757318111302436+0.10350271109283167*I,-0.0296676729356766+1.6473950809388764*^-18*I,-0.05331396983715545+0.0923425045111479*I,-0.038779101260021806-0.067167373654216*I,-0.06787685422276024+7.538170991612374*^-18*I,0.05659131776441028-0.09801903763523379*I,-0.0014111204601158429-0.00244413233252061*I,0.1142533635982907-3.808926773092234*^-17*I,-0.03569310394690401+0.061822269515875015*I,0.03225587256698489+0.05586881012848492*I,-0.11781005703947918+2.616716300907815*^-17*I,0.012889353920476576-0.022325015867002543*I,-0.048264691314054274-0.08359689756757027*I,0.10647809799074776-1.1839701555572823*^-17*I,0.0014807150333650274-0.0025646736693192766*I,0.05430559198836442+0.0940600444589524*I,-0.09977651778871666+6.65260851781246*^-17*I,-0.005074969953182897+0.008790105805798237*I,-0.05479059041739178-0.09490008637961889*I,0.10507222953661878-7.014355368590798*^-17*I
3.5448570996290404*^-29+6.139872602128787*^-29*I,2.0443058793362912*^-27+5.924777986780045*^-42*I,2.052904763660469*^-26-3.5557353537600873*^-26*I,-3.315203722838699*^-25-5.742101285398155*^-25*I,-9.129038359185138*^-24-2.5534447992212293*^-38*I,-5.532369878079412*^-23+9.582345715097115*^-23*I,6.022701496153029*^-22+1.0431624990158204*^-21*I,1.1941121367153964*^-20+3.1847014700424575*^-35*I,5.44397661392557*^-20-9.429244090535811*^-20*I,-4.600066499886333*^-19-7.967548895998708*^-19*I,-7.246507160539398*^-18-1.7420496248966987*^-32*I,-2.6726207487366704*^-17+4.629114926174661*^-17*I,1.8531411037298125*^-16+3.209734545254318*^-16*I,2.4231086835047874*^-15+5.3986807815471955*^-30*I,7.48750208531066*^-15-1.2968734033535916*^-14*I,-4.383271768233316*^-14-7.592049405962414*^-14*I,-4.869785231545516*^-13-2.992938123725056*^-28*I,-1.2852974393309014*^-12+2.226200467759295*^-12*I,6.454774139195375*^-12+1.1179996760468063*^-11*I,6.173852311431947*^-11+2.745975752567981*^-26*I,1.406913246371699*^-10-2.4368452245574497*^-10*I,-6.114408369056844*^-10-1.059046595343082*^-9*I,-5.0698576311158605*^-9-2.2647115734018384*^-24*I,-1.0027936400332082*^-8+1.7368895340444506*^-8*I,3.785617340000718*^-8+6.556881570895003*^-8*I,2.7274175066293985*^-7+2.7328185453629203*^-22*I,4.6868584347946375*^-7-8.117876936947036*^-7*I,-1.536264216670983*^-6-2.660887677124151*^-6*I,-9.600233546760125*^-6-8.571579022878444*^-21*I,-0.000014287002995686368+0.000024745815076417494*I,0.000040471677240312386+0.00007009900124775019*I,0.00021798863789614326+1.9367257313333727*^-19*I,0.00027868298050126616-0.0004826930814329177*I,-0.0006753846534490368-0.0011698005344260352*I,-0.0030965413030570113-5.1807076796080465*^-18*I,-0.003349031228981454+0.0058006922447306946*I,0.006814495871278858+0.011803053077023364*I,0.025986374665523105+3.469568837535673*^-17*I,0.02310042812065339-0.04001111518156438*I,-0.038047040915949716-0.06589940794407703*I,-0.11507416785907312-1.6675315163693092*^-16*I,-0.07886809784437039+0.13660355256276252*I,0.09603006247193728+0.1663289472554092*I,0.20041949123302744+2.672597609260838*^-16*I,0.08285634517150214-0.14351139956650555*I,-0.04136627604488065-0.07164849182965284*I,0.030029266064075598+3.345256914964376*^-17*I,0.06409043262442256-0.11100788558456952*I,-0.07932290559210993-0.1373913026895239*I,-0.09487629313486862-2.1099306178694048*^-17*I,0.015549467831761202-0.026932468315268254*I,-0.06654580350116947-0.11526071269452046*I,-0.12780490942739506-6.402899919478151*^-17*I,-0.006031003580279375+0.01044600462167367*I,-0.05690675849756864-0.09856539701184092*I,-0.12555812648474646-5.577622225816957*^-17*I,-0.0023767489262855766+0.004116649897161387*I,-0.060145393919259535-0.10417487810940192*I,-0.1028309325793499-6.864732072176914*^-17*I,0.02070863524224048-0.035868408394971886*I,-0.06547072128359525-0.11339861567136823*I,-0.04310819257024635-2.874242711973576*^-17*I,0.05228172207566429-0.09055459894224581*I,-0.049228807021329826-0.08526679495694685*I,0.05659844004776536+6.2933941469798865*^-18*I,0.0609015325898336-0.10548454870440356*I,0.0053180693616618705+0.009211166332573751*I,0.1243211170747456+2.7613355070997072*^-17*I,0.011629912400272079-0.020143599164846534*I,0.059123626858808696+0.10240512564720064*I,0.04357680195723431+1.4527436430163096*^-17*I,-0.055984387352340716+0.09696780332487051*I,0.02596173964512857+0.04496705211823788*I,-0.10962732797747889-1.2174835635955336*^-17*I,-0.024904889877581136+0.04313653462487835*I,-0.05598591601088373-0.09697045103913454*I,-0.03751010682382582-2.082872006882368*^-18*I,0.05846151022936292-0.10125830600446421*I,-0.007210568018055762-0.012489070158703802*I,0.11962472164774612+0.*I,-0.009683657815245791+0.016772587339117143*I,0.05630398700037329+0.0975213661533441*I,-0.060452113024339955+3.356802329747249*^-18*I,-0.0436541106177468+0.07561113754916947*I,-0.04960816474800641-0.08592386181379438*I,-0.03832281686384535+4.256000807754654*^-18*I,0.05944533852635829-0.10296234660078418*I,0.014713151692535717+0.025483926270939865*I,0.10034975012177415-3.345414418220765*^-17*I,-0.04702860818755892+0.08145593879010181*I,0.01773025748729146+0.030709706799267284*I,-0.11913383947687328+2.646119249771712*^-17*I,0.02759134386890873-0.04778960943005399*I,-0.037275020817111655-0.06456222990842495*I,0.11698720588008875-1.300824892233669*^-17*I,-0.013770537408329363+0.02385127043875434*I,0.045722037709076145+0.0791928923376999*I,-0.11343792708741299+7.5634842416805*^-17*I,0.009879373568962797-0.01711157696839666*I,-0.046442548151944256-0.0804408530321314*I
-9.985788971634794*^-30+1.729589385253233*^-29*I,2.9190163510213737*^-28+5.055884628093361*^-28*I,1.188921347362442*^-26+3.4457148013255317*^-41*I,9.736403467536345*^-26-1.6863945488762633*^-25*I,-1.3599458003625105*^-24-2.355495221767805*^-24*I,-3.345140213227581*^-23-9.356550541314839*^-38*I,-1.8480927165071942*^-22+3.2009904820884254*^-22*I,1.8600484815531634*^-21+3.2216984745914407*^-21*I,3.4447252690350065*^-20+9.187094989557808*^-35*I,1.4784257246211429*^-19-2.5607084702606385*^-19*I,-1.1832999340581724*^-18-2.049535606381669*^-18*I,-1.7744511273917256*^-17-4.265754317753528*^-32*I,-6.25536164224042*^-17+1.0834604184077836*^-16*I,4.1599485286538917*^-16+7.205242208499973*^-16*I,5.232086722299442*^-15+1.1657077632279653*^-29*I,1.5589769222765144*^-14-2.7002272372102656*^-14*I,-8.819300755549971*^-14-1.5275476995843217*^-13*I,-9.486172561723473*^-13-5.830139556114712*^-28*I,-2.427966602375165*^-12+4.205361514394162*^-12*I,1.1841474798499277*^-11+2.05100359875472*^-11*I,1.1013417060602036*^-10+4.898493626958389*^-26*I,2.4432447019566326*^-10-4.231823959112362*^-10*I,-1.0347264728659333*^-9-1.7921988229403378*^-9*I,-8.368106101420994*^-9-3.738043178772957*^-24*I,-1.6156532549957267*^-8+2.7983935250666308*^-8*I,5.957763718307766*^-8+1.0319149459599547*^-7*I,4.195423819786132*^-7+4.203731915814381*^-22*I,7.050443154179798*^-7-1.2211725758915551*^-6*I,-2.2610491127236337*^-6-3.916251941645872*^-6*I,-0.000013829344270980987-1.2347545158764323*^-20*I,-0.000020149754411910898+0.000034900398401464753*I,0.000055896889633768076+0.00009681625283075662*I,0.00029487695586065177+2.619841994997316*^-19*I,0.000369241841947762-0.0006395456305338385*I,-0.000876441558990636-0.0015180413100366631*I,-0.003934999863704429-6.583501403008677*^-18*I,-0.004166227807841081+0.00721611823908703*I,0.008294512170533539+0.014366516503362542*I,0.03092455820173376+4.1288900368870986*^-17*I,0.02684676873140927-0.046499967461852164*I,-0.04311139791547154-0.07467113157491594*I,-0.12681452658952083-1.8376602130241384*^-16*I,-0.0841968355025329+0.14583319692690555*I,0.09863273357650183+0.17083690584390643*I,0.19531599414600218+2.604542381549504*^-16*I,0.07379505309619186-0.12781678130984692*I,-0.027137940880558323-0.047004292417927626*I,0.05912528063497344+6.586549716910068*^-17*I,0.07198933372540259-0.12468918361542865*I,-0.07544322073482197-0.13067149139934553*I,-0.06624578985064755-1.4732238759806085*^-17*I,0.031161069358582615-0.05397255534724279*I,-0.07165213102484456-0.1241051314056131*I,-0.10742350200838835-5.3818115081902774*^-17*I,0.011075540854109151-0.019183399480621827*I,-0.0648693234794905-0.11235696411909836*I,-0.10638851592828243-4.7260577043203853*^-17*I,0.014936625800445242-0.02587099478001526*I,-0.06569558783859505-0.11378809596955088*I,-0.0766418041311823-5.116412325472604*^-17*I,0.03637717067495284-0.06300710784462284*I,-0.06324159382485538-0.10953765365628387*I,-0.00849459711340525-5.663780453001091*^-18*I,0.06026307874574809-0.1043787142081597*I,-0.03605975195843715-0.06245732250034455*I,0.0853288154128254+9.488033010001746*^-18*I,0.053818474897353356-0.09321633290808622*I,0.02237733305691781+0.03875867779247225*I,0.12117065101829291+2.6913595127530285*^-17*I,-0.0058542013653232385+0.01013977420247893*I,0.061442836184821874+0.10642211403324306*I,0.009511121249942535+3.1707744288741952*^-18*I,-0.06042482147713062+0.10465886083666925*I,0.0093590214467105+0.016210300654829365*I,-0.11946749957608183-1.3267651396886754*^-17*I,-0.008342939441441632+0.014450394997047212*I,-0.05985158062692558-0.10366597855914025*I,-0.003863099637625838-2.1451130845346914*^-19*I,0.059757318111302436-0.10350271109283167*I,0.009683657815245791+0.016772587339117143*I,0.1141689889793298+0.*I,-0.02560470914633068+0.04434865715446828*I,0.04848882476216347+0.08398510808737099*I,-0.08616970343804592+4.78485609159764*^-18*I,-0.0307576350417818+0.05327378661302698*I,-0.05653265482465521-0.09791743044305659*I,-0.006242684931162632+6.932912109248334*^-19*I,0.057846877398112735-0.10019373071273902*I,0.029565441981458586+0.0512088476601161*I,0.07934829200323605-2.645277340568272*^-17*I,-0.0548759484215652+0.09504793077968013*I,0.002130088065275554+0.0036894207536533473*I,-0.11221196110404098+2.49237522802812*^-17*I,0.040249088061848785-0.06971346548143609*I,-0.02392763302855863-0.04144387611032672*I,0.11972558834108459-1.3312740002615218*^-17*I,-0.027964671184742648+0.048436231308931675*I,0.03436855706864541+0.05952808702572425*I,-0.11998677981282059+8.00012960061357*^-17*I,0.024072878845337927-0.04169544924457536*I
-5.591116157685833*^-30-1.4709432123657631*^-44*I,-8.282846053266602*^-29+1.434631019552902*^-28*I,1.7100822754140192*^-27+2.9619493861400945*^-27*I,5.68029141300382*^-26+1.646253912510738*^-40*I,4.0235824386741286*^-25-6.969049212225432*^-25*I,-5.020302326439786*^-24-8.695418698750002*^-24*I,-1.1258037909430047*^-22-3.1489382800485405*^-37*I,-5.750561822936136*^-22+9.960265249391226*^-22*I,5.406373917608943*^-21+9.364114310013942*^-21*I,9.42605533757317*^-20+2.513932432915684*^-34*I,3.832157214467492*^-19-6.637490998049282*^-19*I,-2.9198827893581057*^-18-5.057385343314201*^-18*I,-4.185409215159186*^-17-1.0061661972834538*^-31*I,-1.4151930794255958*^-16+2.451186316084975*^-16*I,9.053164689778336*^-16+1.568054121198469*^-15*I,1.0980357256376487*^-14+2.446421165425406*^-29*I,3.161874076244253*^-14-5.476526547189927*^-14*I,-1.7318766377661432*^-13-2.9996983290525357*^-13*I,-1.8066186918269532*^-12-1.1103360211405326*^-27*I,-4.490981996171303*^-12+7.778608993245782*^-12*I,2.1300307704194843*^-11+3.689321516051629*^-11*I,1.928766296503364*^-10+8.578672140830919*^-26*I,4.170069365053254*^-10-7.222772011358715*^-10*I,-1.7227157974663852*^-9-2.983831288213318*^-9*I,-1.3601180557399807*^-8-6.075663906461968*^-24*I,-2.5654828452772127*^-8+4.443546633966493*^-8*I,9.248038126035251*^-8+1.6018071904627162*^-7*I,6.369823673422136*^-7+6.3824376807393995*^-22*I,1.0475160475213897*^-6-1.814351016050777*^-6*I,-3.288690165055755*^-6-5.696178456228657*^-6*I,-0.000019698265524165087-1.7587617919045817*^-20*I,-0.000028113992159141696+0.00004869486282322636*I,0.00007640933546204912+0.00013234485119284375*I,0.0003949566640337619+3.509002769035193*^-19*I,0.0004845887272692369-0.0008393322964054528*I,-0.0011269308098060733-0.0019519014191988658*I,-0.004956034612305165-8.291756532045821*^-18*I,-0.005137876119644321+0.00889906248221876*I,0.010009922258803268+0.017337693932061936*I,0.03648990229005722+4.871946529666322*^-17*I,0.030935179239591864-0.05358130218422289*I,-0.04842305450313448-0.08387119065710609*I,-0.13845931892899097-2.0064040639588061*^-16*I,-0.08895876860411467+0.15408110700108918*I,0.10003477266049868+0.1732653087715863*I,0.18689833572003234+2.49229275130439*^-16*I,0.06320874353842518-0.10948075529114307*I,-0.012395869720292928-0.021470276159552017*I,0.08582201584585591+9.56056306377695*^-17*I,0.07711230908234423-0.13356243721957484*I,-0.06854666755551117-0.11872631089567853*I,-0.035118197174268555-7.80984975425143*^-18*I,0.04502657197342519-0.07798831034862923*I,-0.07299628830310619-0.12643328010492572*I,-0.0815096459074949-4.0835528741114436*^-17*I,0.02728689385887182-0.04726228654430512*I,-0.06882943413528861-0.1192160769785356*I,-0.08088306093857578-3.5930383083401156*^-17*I,0.03103104777578026-0.0537473513597485*I,-0.06679667478900592-0.11569523451121357*I,-0.045594918976341985-3.043801070107746*^-17*I,0.049273024571572045-0.08534338200055236*I,-0.056518469819477904-0.09789286129338408*I,0.02625020732478016+1.7502349922951915*^-17*I,0.06366224031545731-0.11026623475003164*I,-0.020358500483836802-0.03526195720392096*I,0.10715719855012797+1.19152133096425*^-17*I,0.0426824064351812-0.07392809653503862*I,0.037464218131514515+0.06488992926962633*I,0.10855763671415077+2.41120787746291*^-17*I,-0.022643342161320853+0.03921941907657416*I,0.0588565076899568+0.1019424616750736*I,-0.02486512763428906-8.289423381493871*^-18*I,-0.059983414556560255+0.10389432162342888*I,-0.007777198366955693-0.013470502712108963*I,-0.11962892777637042-1.3285579060014013*^-17*I,0.008674328521722192-0.015024377721166665*I,-0.05889579870465877-0.10201051570881829*I,0.0296676729356766+1.6473950809388764*^-18*I,0.05630398700037329-0.0975213661533441*I,0.02560470914633068+0.04434865715446828*I,0.09983272537236426+0.*I,-0.039336901590172606+0.06813351216651592*I,0.03702204039174895+0.06412405495837636*I,-0.10497235524426705+5.828935152376485*^-18*I,-0.015681408410534777+0.02716099610128415*I,-0.05912519492771496-0.10240784162221594*I,0.02591912362441402-2.8784891119491155*^-18*I,0.052017692224917644-0.0900972858260379*I,0.042098013328647745+0.07291589798292963*I,0.05291499952005582-1.7640562345170087*^-17*I,-0.05876112416849304+0.10177725256969353*I,-0.013436953312148062-0.023273485835571334*I,-0.09770123772088776+2.1700729783828543*^-17*I,0.0500574489942451-0.08670204495532016*I,-0.009154272033889183-0.015855664269002943*I,0.11468308778957732-1.2752045336291961*^-17*I,-0.040223833021436936+0.0696697224682956*I,0.021008115546661488+0.03638712349809527*I,-0.11917179551077765+7.945790447175329*^-17*I
-7.778399377388109*^-31-1.3472582923198412*^-30*I,-4.671004581420009*^-29-1.2288749312647024*^-43*I,-4.887512845045501*^-28+8.46542057026427*^-28*I,8.229553198765464*^-27+1.4254004263852853*^-26*I,2.3645109104513175*^-25+6.852791616630024*^-40*I,1.4962111338272705*^-24-2.591513702639052*^-24*I,-1.7020256269670622*^-23-2.947994861691244*^-23*I,-3.5290195111826087*^-22-9.870871566787695*^-37*I,-1.6838943142257842*^-21+2.9165905068153916*^-21*I,1.4904695592364303*^-20+2.5815690037323034*^-20*I,2.461701554360139*^-19+6.565367119156133*^-34*I,9.5278878276203*^-19-1.6502785806255326*^-18*I,-6.9397597423599*^-18-1.2020016466088518*^-17*I,-9.541795370366997*^-17-2.293833522487211*^-31*I,-3.10371847992306*^-16+5.375798099617156*^-16*I,1.914798244140018*^-15+3.316527845094203*^-15*I,2.244559456214108*^-14+5.000873498491256*^-29*I,6.258464637509549*^-14-1.0839978729539619*^-13*I,-3.324801458716249*^-13-5.758725051575689*^-13*I,-3.3687877811772723*^-12-2.0704349168648467*^-27*I,-8.144564927946136*^-12+1.4106800260746242*^-11*I,3.7612381141762987*^-11+6.514655513117906*^-11*I,3.3196143452193613*^-10+1.4764817880353469*^-25*I,7.001822789548586*^-10-1.2127512817091786*^-9*I,-2.824197938230169*^-9-4.8916543196459265*^-9*I,-2.178646537180029*^-8-9.73204059384502*^-24*I,-4.017791055918521*^-8+6.959018243046678*^-8*I,1.4168443021991867*^-7+2.45404631782347*^-7*I,9.551444457934254*^-7+9.570358951719307*^-22*I,1.5379990695507133*^-6-2.663892530455488*^-6*I,-4.7296280935352085*^-6-8.191956158908126*^-6*I,-0.000027756562791077402-2.4782477447905376*^-20*I,-0.000038822910612954584+0.0000672432536793422*I,0.00010341926048364325+0.00017912741363887075*I,0.0005239861293901597+4.655368414821654*^-19*I,0.0006301511239138796-0.0010914537630654663*I,-0.0014361790895837444-0.0024875351519270694*I,-0.006188250413623897-1.0353330798316412*^-17*I,-0.006282761379642559+0.010882061921372407*I,0.0119797898104663+0.02074960461572363*I,0.04270054717364226+5.701160309058017*^-17*I,0.035347772526500565-0.06122413795028609*I,-0.05391787492363056-0.09338849880387232*I,-0.1497690521240568-2.1702925968534928*^-16*I,-0.09299787916548659+0.16107705171077338*I,0.10010690466376715+0.17339024506609904*I,0.17515826165938694+2.335738647339797*^-16*I,0.05130314472399522-0.08885965325001867*I,0.0024556366156509553+0.004253287383233954*I,0.10925386385348651+1.2170868337660889*^-16*I,0.0792871163618565-0.13732931392436074*I,-0.0589442321900427-0.10209440496629094*I,-0.002909270350258877-6.469854992063242*^-19*I,0.056509864655484306-0.0978779567121395*I,-0.07057636112617735-0.12224184328386827*I,-0.05157025632232084-2.583618982502697*^-17*I,0.041700918569785514-0.0722281096851609*I,-0.06863834165049852-0.11888509508593462*I,-0.05075614578116238-2.2547214961845534*^-17*I,0.04490739501354343-0.07778188979902233*I,-0.06348100024759432-0.10995231774412606*I,-0.011905928178339074-7.948095477186405*^-18*I,0.0585705790576911-0.1014472187566505*I,-0.04588779542181935-0.07947999311791777*I,0.058617742836300696+3.908343405143505*^-17*I,0.06234481587084833-0.10798438867683564*I,-0.003356844471657289-0.005814225178017137*I,0.12061366519946018+1.3411488620030336*^-17*I,0.028444283095627847-0.04926694350649996*I,0.04946903326037106+0.0856828790082774*I,0.08769972635500949+1.9479262577846432*^-17*I,-0.03744623061970526+0.06485877398527086*I,0.051691799591923986+0.08953282322788057*I,-0.05684066462793695-1.89492827592294*^-17*I,-0.05481838037672183+0.09494822000111887*I,-0.0240806998339205-0.04170899559416573*I,-0.11034201413593636-1.2254206233333205*^-17*I,0.024792956370302165-0.04294266010320179*I,-0.05331396983715545-0.0923425045111479*I,0.060452113024339955+3.356802329747249*^-18*I,0.04848882476216347-0.08398510808737099*I,0.039336901590172606+0.06813351216651592*I,0.07794241780529376+0.*I,-0.049877097502780104+0.08638966700888191*I,0.02286698228875792+0.03960677513990636*I,-0.11560176575722715+6.419168118416532*^-18*I,0.000391747943257005-0.0006785273414817425*I,-0.05729523449127218-0.09923825717045613*I,0.05579759395792031-6.196689710972529*^-18*I,0.04247908712944284-0.07357593716734016*I,0.05146536309534914+0.0891406237111249*I,0.0230437334698093-7.68221526271734*^-18*I,-0.05850235831652396+0.10132905696681924*I,-0.02790212266284329-0.04832789409106355*I,-0.07675000598581339+1.7047185682165433*^-17*I,0.056426601394169884-0.09773374051313913*I,0.006049835360319809+0.010478622221500672*I,0.1023482546021643-1.1380488683491539*^-17*I,-0.04981867830474872+0.08628848198975422*I,0.00650403081063248+0.011265311818008831*I
2.1511952815721675*^-31-3.7259795246854066*^-31*I,-6.544447612559356*^-30-1.1335315772425716*^-29*I,-2.7758906029728657*^-28-7.302973727526478*^-43*I,-2.3688865115391112*^-27+4.103031795350313*^-27*I,3.4503095979009663*^-26+5.976111525407057*^-26*I,8.856193824625904*^-25+2.5666893956121802*^-39*I,5.1094055343197755*^-24-8.849749981915401*^-24*I,-5.374214237556476*^-23-9.308412110207914*^-23*I,-1.0409581348464907*^-21-2.9116200754665906*^-36*I,-4.676539056062816*^-21+8.100003248680943*^-21*I,3.9213922653407896*^-20+6.792050639977905*^-20*I,6.166242867279663*^-19+1.6445392455419605*^-33*I,2.2815441945039228*^-18-3.951750464594581*^-18*I,-1.594088563889414*^-17-2.7610423844209866*^-17*I,-2.1086114615733015*^-16-5.069070828618659*^-31*I,-6.615006604441981*^-16+1.1457527531297126*^-15*I,3.944484124137543*^-15+6.832046912655081*^-15*I,4.4775032707287504*^-14+9.975867372995718*^-29*I,1.2109582199881367*^-13-2.0974411628626115*^-13*I,-6.249117869972659*^-13-1.08237896532793*^-12*I,-6.1585970435825276*^-12-3.785033426319858*^-27*I,-1.4498826525046348*^-11+2.5112704191507555*^-11*I,6.526801056832216*^-11+1.1304751041327652*^-10*I,5.620331460416549*^-10+2.499783463093447*^-25*I,1.1575716171947451*^-9-2.0049728543809678*^-9*I,-4.562614025563664*^-9-7.90267930760264*^-9*I,-3.4416886826907444*^-8-1.5374065227982202*^-23*I,-6.209981159574565*^-8+1.0756002882428626*^-7*I,2.1437029346546238*^-7+3.7130023991563215*^-7*I,1.4152830733668766*^-6+1.418085724108676*^-21*I,2.2326772405880143*^-6-3.867110417601113*^-6*I,-6.7286517276190536*^-6-0.000011654366658672329*I,-0.0000387083564371079-3.45607983837423*^-20*I,-0.000053081341712844045+0.00009193958078057087*I,0.00013864828237269739+0.00024014586945166882*I,0.0006888124073177172+6.119771774295348*^-19*I,0.0008121983320921454-0.00140676877700629*I,-0.0018146053136481805-0.0031429885989231196*I,-0.007662293197634996-1.2819496763439509*^-17*I,-0.007619824531705968+0.013197923233674413*I,0.014221126314668875+0.024631713317861317*I,0.04956297502636794+6.617396842014762*^-17*I,0.04005630447773823-0.06937955451889113*I,-0.059518673135080934-0.10308936586904531*I,-0.16048492244918247-2.325575505476019*^-16*I,-0.0961618755035087+0.16655725412318959*I,0.09874622649952453+0.17103348135288124*I,0.16018442784424533+2.136062297451819*^-16*I,0.03833532510231342-0.06639873080187723*I,0.016994420319766577+0.02943519943901672*I,0.12865275710700697+1.4331902898429892*^-16*I,0.07845270343696348-0.1358840683439539*I,-0.04705791148518444-0.08150669359041851*I,0.028931967109111563+6.434109219668723*^-18*I,0.06509942539959483-0.11275551233563805*I,-0.06458266386397593-0.11186045510054891*I,-0.01929421035354012-9.666209105156324*^-18*I,0.053540264109229456-0.09273445768784176*I,-0.06439607826377729-0.1115372793610442*I,-0.017954090399717754-7.975679190303812*^-18*I,0.055737942831706126-0.09654094889388432*I,-0.05606774292812804-0.09711217941722856*I,0.022106465065465337+1.4757715011507465*^-17*I,0.06371899390478189-0.11036453485025367*I,-0.032189053444591505-0.05575307601358256*I,0.08635782294607161+5.757915802667398*^-17*I,0.05652305368089346-0.09790080077425041*I,0.013662478773864135+0.02366410739366405*I,0.1249052758342546+1.3888689002714704*^-17*I,0.012253492831677405-0.021223672154646295*I,0.05755719371687802+0.09969198385871694*I,0.06040033803808139+1.3415709413639093*^-17*I,-0.049172585633397645+0.08516941665657608*I,0.040617995181435614+0.07035243135583437*I,-0.0839916982876479-2.8000771115161585*^-17*I,-0.04544984362325853+0.07872143835154406*I,-0.03830098696499513-0.06633925540340485*I,-0.09256545491989894-1.0280002441076736*^-17*I,0.038779101260021806-0.067167373654216*I,-0.0436541106177468-0.07561113754916947*I,0.08616970343804592+4.78485609159764*^-18*I,0.03702204039174895-0.06412405495837636*I,0.049877097502780104+0.08638966700888191*I,0.05035438288942387+0.*I,-0.05650075834521382+0.09786218412008157*I,0.007155427413089888+0.01239356382934282*I,-0.1174557260022527+6.522115356460218*^-18*I,0.0162466551019339-0.028140032089597644*I,-0.0512800633444226-0.08881967512789031*I,0.08127523258154366-9.026149010560714*^-18*I,0.030000850759404247-0.051962997785579494*I,0.05707506312518503+0.09885690917802133*I,-0.008097896859986877+2.6996400967406617*^-18*I,-0.05420978025523442+0.09389409366921023*I,-0.04030654661202596-0.06981298660967211*I,-0.05090027001906485+1.1305619369563895*^-17*I,0.05901173190130731-0.10221131789569744*I,0.020692914386085507+0.03584117907337303*I,0.08365699018864153-9.30213645398761*^-18*I,-0.056207756804340175+0.09735469056459259*I
1.1827660064902431*^-31+3.1583382684461545*^-46*I,1.822599194779489*^-30-3.156834407192179*^-30*I,-3.916569952320725*^-29-6.783698148817154*^-29*I,-1.3549159766715442*^-27-3.5645914035809307*^-42*I,-1.0002145984910458*^-26+1.7324225030585856*^-26*I,1.3015027514227916*^-25+2.254268891654977*^-25*I,3.0459351511259822*^-24+8.827685580207682*^-39*I,1.6249158437183216*^-23-2.814436799343764*^-23*I,-1.5966957956776576*^-22-2.765558242345336*^-22*I,-2.911979141801414*^-21-8.144973985778304*^-36*I,-1.2393820618619834*^-20+2.146672701134415*^-20*I,9.894826834132712*^-20+1.7138342808813868*^-19*I,1.4874962658991367*^-18+3.967158023971005*^-33*I,5.2798480579148095*^-18-9.144965092552262*^-18*I,-3.5491655645237064*^-17-6.14733508222897*^-17*I,-4.528101041842454*^-16-1.0885488065741228*^-30*I,-1.3730768523598058*^-15+2.3782388709839205*^-15*I,7.929026375345182*^-15+1.373347653665162*^-14*I,8.730748199211178*^-14+1.9452087656024468*^-28*I,2.2938644294925475*^-13-3.9730897375560685*^-13*I,-1.1514526918754525*^-12-1.9943745648402453*^-12*I,-1.1051015127310629*^-11-6.79188155283253*^-27*I,-2.5362776358082028*^-11+4.3929617273204743*^-11*I,1.1140666194264116*^-10+1.929619987863047*^-10*I,9.368731287612542*^-10+4.16697835490369*^-25*I,1.885810875781355*^-9-3.266320250319264*^-9*I,-7.269160556157966*^-9-1.2590555411641248*^-8*I,-5.3656138390232657*^-8-2.3968262313840428*^-23*I,-9.478567188531268*^-8+1.6417359953491425*^-7*I,3.204945254087433*^-7+5.551128015556193*^-7*I,2.0733596685435437*^-6+2.0774654924047995*^-21*I,3.206102667531353*^-6-5.5531327144463975*^-6*I,-9.473652325152114*^-6-0.00001640884716040653*I,-0.00005344682645192461-4.772005745728434*^-20*I,-0.0000718864923745306+0.00012451105717059942*I,0.00018417745601590407+0.00031900471142832875*I,0.0008974948784262039+7.973816624406272*^-19*I,0.001037894260331785-0.0017976855917787634*I,-0.0022737070903652537-0.003938176202042236*I,-0.00941048985931718-1.5744339348843023*^-17*I,-0.009167694485495634+0.015878912637147392*I,0.016748075746431737+0.02900851812183191*I,0.057069995171208726+7.619696065840251*^-17*I,0.04502151302141062-0.07797954798670675*I,-0.06513583005341193-0.11281856704568163*I,-0.17033447103650645-2.468304607905749*^-16*I,-0.09830725458222113+0.17027315968901474*I,0.09588155762955253+0.1660717293232288*I,0.1421654996095784+1.8957795573593346*^-16*I,0.024607168612286696-0.04262086626689458*I,0.0307953821134835+0.0533391664590514*I,0.1433801335609885+1.5972531004919106*^-16*I,0.07466290166393719-0.12931993912245773*I,-0.03340245126022074-0.05785474268004544*I,0.058990019862228994+1.3118645864369083*^-17*I,0.07043109332820048-0.12199023207706852*I,-0.05538360053638399-0.09592721003511605*I,0.013543711853837534+6.785266068956138*^-18*I,0.06219229056950908-0.10772020710547635*I,-0.05643704614627243-0.09775183135445324*I,0.015471751448379362+6.872958936774206*^-18*I,0.06291162571532971-0.10896613212570756*I,-0.04513054902095393-0.0781684038777702*I,0.05417861365505861+3.6168267412820376*^-17*I,0.06446755905641112-0.11166108772565099*I,-0.01644529304398024-0.02848408309753286*I,0.10762542399835139+7.175935062604265*^-17*I,0.046724529535438306-0.08092925911513166*I,0.02946140991968942+0.05102865884351586*I,0.11994221143152765+1.3336827141560118*^-17*I,-0.0046371347748260065+0.008031753031543106*I,0.06121855919889936+0.1060336548986568*I,0.028883871576981805+6.415487734081003*^-18*I,-0.057006277141366926+0.09873776835919972*I,0.02657863185253038+0.04603554076425117*I,-0.10435383959007599-3.478900935355563*^-17*I,-0.03270213745319086+0.056641763585027614*I,-0.049393942779325406-0.08555281847994148*I,-0.06787685422276024-7.538170991612374*^-18*I,0.04960816474800641-0.08592386181379438*I,-0.0307576350417818-0.05327378661302698*I,0.10497235524426705+5.828935152376485*^-18*I,0.02286698228875792-0.03960677513990636*I,0.05650075834521382+0.09786218412008157*I,0.019289245807679184+0.*I,-0.0588031689552234+0.10185007627650383*I,-0.008904709741331531-0.015423409698639723*I,-0.11060204549679481+6.1415422129077146*^-18*I,0.03072633400285169-0.05321957162327034*I,-0.04161254871292504-0.07207504860322103*I,0.10062286767284714-1.1174831109511922*^-17*I,0.015535425380917971-0.026908146076945003*I,0.05861802931031745+0.10152940500503138*I,-0.03832619237053879+1.2777012040021243*^-17*I,-0.046265208038189225+0.08013369094488783*I,-0.04986097065084804-0.08636173448196938*I,-0.021968961836386986+4.879595341510723*^-18*I,0.05772524874615942-0.09998306370789979*I,0.03384993298820538+0.05862980376837348*I,0.05991568696394133-6.662251350618897*^-18*I
1.6161736449989743*^-32+2.7992948669920273*^-32*I,1.0090147097338447*^-30+2.6943704449488494*^-45*I,1.098305562515291*^-29-1.902321036511987*^-29*I,-1.9249850398396937*^-28-3.33417189281237*^-28*I,-5.760838110715232*^-27-1.515594646490392*^-41*I,-3.7994272069259034*^-26+6.580800962055135*^-26*I,4.50786346207388*^-25+7.80784854989535*^-25*I,9.75546996101829*^-24+2.8273163160153055*^-38*I,4.8620655615507634*^-23-8.421344582336771*^-23*I,-4.498590056341914*^-22-7.791786540008385*^-22*I,-7.772943972807314*^-21-2.1741373604847535*^-35*I,-3.149982244013436*^-20+5.455929289571061*^-20*I,2.4043507923586597*^-19+4.1644577315837125*^-19*I,3.467554554200907*^-18+9.247980777242578*^-33*I,1.1842184842619998*^-17-2.0511265820039766*^-17*I,-7.678306477948306*^-17-1.3299216935891779*^-16*I,-9.469450746847051*^-16-2.2764419817801932*^-30*I,-2.7809595087444326*^-15+4.816763162937115*^-15*I,1.5578777025855627*^-14+2.6983233328568848*^-14*I,1.6665474057223895*^-13+3.7130639298429243*^-28*I,4.259459717060459*^-13-7.377600642741632*^-13*I,-2.0823798121372875*^-12-3.6067876352775338*^-12*I,-1.948481179284275*^-11-1.1975237772426094*^-26*I,-4.363924051352652*^-11+7.558538177314598*^-11*I,1.872157238088763*^-10+3.2426714561275633*^-10*I,1.5388264809608691*^-9+6.844316953134227*^-25*I,3.029546514822218*^-9-5.247328487565294*^-9*I,-1.1428678495080614*^-8-1.979505181684946*^-8*I,-8.260302973899793*^-8-3.6898873905220654*^-23*I,-1.4295163743090154*^-7+2.475994990554861*^-7*I,4.737133781834418*^-7+8.204956392388133*^-7*I,3.0044934261010335*^-6+3.010443151557272*^-21*I,4.5562020648879975*^-6-7.891573465936223*^-6*I,-0.000013206058465267264-0.00002287356422956802*I,-0.00007309404763023854-6.526210037630506*^-20*I,-0.00009646209627970789+0.0001670772517610545*I,0.00024249799993396472+0.000420018856619462*I,0.0011594248977477557+1.030094070355385*^-18*I,0.001315336497977681-0.0022782296435470526*I,-0.00282601280498728-0.004894797761078226*I,-0.0114663686399827-1.9183953403666755*^-17*I,-0.010944147161759026+0.018955818929677286*I,0.01957105664988541+0.03389806447541037*I,0.06519886666191935+8.705021724825702*^-17*I,0.050192724305920415-0.0869363486681512*I,-0.07066838724458792-0.12240123719657903*I,-0.17903825340881577-2.5944304942577575*^-16*I,-0.09930448465273244+0.17200041283797585*I,0.09147803332993738+0.15844460150393122*I,0.12138973924968563+1.618734410069412*^-16*I,0.01045685516294329-0.01811180442960666*I,0.043445973111538104+0.07525063281345551*I,0.15295414948366878+1.7039075318755675*^-16*I,0.06808518308696371-0.11792699634925008*I,-0.018562930590714562-0.032151938920492194*I,0.0859473752166809+1.9113626017977147*^-17*I,0.07230309640515835-0.12523263651828484*I,-0.04350266591057135-0.07534882762180421*I,0.04518044213251031+2.2634955933095708*^-17*I,0.06723823125066102-0.11646003273721019*I,-0.04530248774667205-0.07846621048650257*I,0.047492622994402496+2.1097472301651935*^-17*I,0.06606365387408113-0.11442560504355277*I,-0.03145045571047817-0.05447378721174303*I,0.08224827441904346+5.490686052564295*^-17*I,0.06086953195496258-0.10542912197893237*I,0.00021512932689393103+0.0003726149243783828*I,0.12109109241638683+8.073759745217024*^-17*I,0.033740265500004564-0.05843985410687116*I,0.04293346839452527+0.07436294860447046*I,0.10631124476458606+1.182114851566493*^-17*I,-0.020968327159002025+0.03631820798911787*I,0.06028978509100027+0.10442497095502112*I,-0.004390690943865666-9.75230201375039*^-19*I,-0.060453486178328304+0.10470850955552741*I,0.010706996600105588+0.018545062107850126*I,-0.11654883569499316-3.885452179878131*^-17*I,-0.017626463087703496+0.03052992962563983*I,-0.05659131776441028-0.09801903763523379*I,-0.03832281686384535-4.256000807754654*^-18*I,0.05653265482465521-0.09791743044305659*I,-0.015681408410534777-0.02716099610128415*I,0.11560176575722715+6.419168118416532*^-18*I,0.007155427413089888-0.01239356382934282*I,0.0588031689552234+0.10185007627650383*I,-0.012851052911207814+0.*I,-0.0567145159530934+0.09823242315743339*I,-0.024121919803472103-0.04178039067571554*I,-0.09574269854436884+5.3164281189083375*^-18*I,0.0428131695068456-0.07415458481891517*I,-0.029069491942199138-0.05034983699410297*I,0.11260497393028036-1.25055227987846*^-17*I,0.00014291202419443362-0.0002475308869172717*I,0.05607747722460649+0.09712903971330493*I,-0.06559155655235667+2.1866615386437718*^-17*I,-0.03528467406112329+0.06111484820237326*I,-0.055991058658802086-0.09697935836661445*I,0.008082602509742161-1.7952523131291943*^-18*I,0.05273179158160152-0.0913341421934667*I,0.044718462120381434+0.07745464842884489*I
-4.391040468554648*^-33+7.605505189627652*^-33*I,1.3881418777165443*^-31+2.4043322603191336*^-31*I,6.121925294060309*^-30+1.634736780284584*^-44*I,5.435193838355569*^-29-9.414031877017089*^-29*I,-8.241067373442778*^-28-1.427394739940118*^-27*I,-2.2034663048202072*^-26-5.797006739515635*^-41*I,-1.3251139568937956*^-25+2.2951646991586743*^-25*I,1.4538581689983556*^-24+2.5181562157042273*^-24*I,2.939523302411201*^-23+8.519284286071312*^-38*I,1.3795251619069851*^-22-2.389407670742564*^-22*I,-1.2093302394878879*^-21-2.0946214179224738*^-21*I,-1.9896523026091164*^-20-5.565172501706168*^-35*I,-7.709123359731347*^-20+1.3352593340870691*^-19*I,5.645365414712038*^-19+9.778059725573455*^-19*I,7.833957477551293*^-18+2.089319346810557*^-32*I,2.5807173170220864*^-17-4.4699335130550656*^-17*I,-1.617583846411754*^-16-2.801737407487865*^-16*I,-1.9321552189648554*^-15-4.6448726260409586*^-30*I,-5.504931167691723*^-15+9.534820474611477*^-15*I,2.996204001401731*^-14+5.189577560268997*^-14*I,3.118216471472488*^-13+6.947379394016014*^-28*I,7.762512699716766*^-13-1.3445066390308021*^-12*I,-3.700176580584312*^-12-6.4088938345485375*^-12*I,-3.378953311282081*^-11-2.0766825851195922*^-26*I,-7.39186405717474*^-11+1.280308410966885*^-10*I,3.099846118683672*^-10+5.369090973205309*^-10*I,2.4923273686512724*^-9+1.1085251438725466*^-24*I,4.802600829673078*^-9-8.318348645466208*^-9*I,-1.7742531801365386*^-8-3.073096653487143*^-8*I,-1.2564544459834408*^-7-5.612597300182186*^-23*I,-2.1313562472282004*^-7+3.6916173092285715*^-7*I,6.925624052799207*^-7+1.1995532733569333*^-6*I,4.308505753026988*^-6+4.317037782464775*^-21*I,6.410350689167331*^-6-0.000011103053087971958*I,-0.000018233135900907223-0.00003158071776167951*I,-0.00009904641928371539-8.843370379359488*^-20*I,-0.0001282958083535826+0.0002222148584665242*I,0.0003165637337189126+0.0005483044706348629*I,0.001485436743547248+1.3197401439182564*^-18*I,0.0016535775352961232-0.0028640803053873926*I,-0.0034849942627285775-0.006036187127131961*I,-0.013864054702015039-2.3195432463415444*^-17*I,-0.012965497644026767+0.022456900664868853*I,0.022695884494061527+0.03931042506642935*I,0.07390964063553675+9.868040049570205*^-17*I,0.05550777055112183-0.09614227880941821*I,-0.07600562596527699-0.13164560583293644*I,-0.18631736693050324-2.699911606434983*^-16*I,-0.0990431228539332+0.17154772092329798*I,0.08554071819192473+0.14816087002434544*I,0.09824092983352888+1.3100446098796584*^-16*I,-0.0037513777770584425+0.0064975769082499975*I,0.054561624922806785+0.09450350650981794*I,0.15707089279709524+1.7497680068102125*^-16*I,0.05899452460595834-0.10218151398589191*I,-0.003169271106428001-0.005489338579293331*I,0.10864351899540295+2.416096577841857*^-17*I,0.07068276300238474-0.12242613673947998*I,-0.029588072818301395-0.05124804541934571*I,0.073958417734705+3.705243789772357*^-17*I,0.06847041115101506-0.11859423092868855*I,-0.03170207411610234-0.05490960307440351*I,0.07622299616301005+3.386025973944542*^-17*I,0.06508851166444905-0.11273660919186504*I,-0.01595795369641114-0.027639986587015716*I,0.10458036921422195+6.981520021818238*^-17*I,0.05326554886316682-0.09225863692404744*I,0.0166397215735604+0.028820843189206607*I,0.12600966045620327+8.401705722510123*^-17*I,0.01855729386060815-0.03214217581755927*I,0.05317634785438909+0.09210413624475829*I,0.08520208115426185+9.473940949506923*^-18*I,-0.035566188649796604+0.061602445773027224*I,0.054949941606124104+0.09517609073474996*I,-0.03692251160545927-8.200975401963051*^-18*I,-0.05936406734133723+0.10282158077913627*I,-0.0057675212665377834-0.00998963986737745*I,-0.1198598531540657-3.995833376972498*^-17*I,-0.0014111204601158429+0.00244413233252061*I,-0.05944533852635829-0.10296234660078418*I,-0.006242684931162632-6.932912109248334*^-19*I,0.05912519492771496-0.10240784162221594*I,0.000391747943257005+0.0006785273414817425*I,0.1174557260022527+6.522115356460218*^-18*I,-0.008904709741331531+0.015423409698639723*I,0.0567145159530934+0.09823242315743339*I,-0.043668995707778546+0.*I,-0.05048952711525429+0.08745042621374692*I,-0.03740713474006977-0.06479105793537565*I,-0.07413418570335675+4.116544399080751*^-18*I,0.051695504001857795-0.08953923945409795*I,-0.01460557153329227-0.02529759196924387*I,0.11654448856298749-1.294303180336878*^-17*I,-0.015087277605073899+0.026131931359884085*I,0.0497173388230541+0.08611295685864628*I,-0.08811153193853329+2.937422255670658*^-17*I,-0.02206729523120417+0.038221676526068046*I,-0.05836616869698564-0.10109316962631522*I,0.03728187858877485-8.280795535055322*^-18*I,0.044427407838137534-0.07695052762423803*I
-2.3722827661075906*^-33-6.377864982400128*^-48*I,-3.796831739257997*^-32+6.576305480184917*^-32*I,8.478975577477014*^-31+1.4686016496325945*^-30*I,3.0500734285064393*^-29+8.144606437758761*^-44*I,2.3426828397681327*^-28-4.057645704498118*^-28*I,-3.1736501924377982*^-27-5.496923378753046*^-27*I,-7.737656623228882*^-26-2.0356675069091013*^-40*I,-4.303146999377573*^-25+7.453269235359472*^-25*I,4.4110992223593576*^-24+7.640247970354021*^-24*I,8.398407360157136*^-23+2.43401437888665*^-37*I,3.734438024359325*^-22-6.468236395907449*^-22*I,-3.1173134119201817*^-21-5.3993452125616774*^-21*I,-4.90383285794772*^-20-1.3716303968400101*^-34*I,-1.8229697519082504*^-19+3.1574762309663005*^-19*I,1.2845467880041332*^-18+2.2249003015225802*^-18*I,1.7195335170029357*^-17+4.586002227939602*^-32*I,5.4762687646837236*^-17-9.485175736334606*^-17*I,-3.324684749843978*^-16-5.758522905879225*^-16*I,-3.852925944444868*^-15-9.26237709778973*^-30*I,-1.0666156106022088*^-14+1.8474324297091167*^-14*I,5.6481520883574663*^-14+9.782886385911439*^-14*I,5.72572965732687*^-13+1.2756912998485532*^-27*I,1.389869822799009*^-12-2.4073251489946238*^-12*I,-6.466252452847238*^-12-1.1199877782898347*^-11*I,-5.7682067569448975*^-11-3.545102111805008*^-26*I,-1.2335996107815805*^-10+2.1366572020708863*^-10*I,5.060832431473389*^-10+8.765618899904258*^-10*I,3.983071141976098*^-9+1.771570848296309*^-24*I,7.517305071023519*^-9-1.3020354319007893*^-8*I,-2.7213808997745364*^-8-4.7135699851570085*^-8*I,-1.889291906308807*^-7-8.439489936545315*^-23*I,-3.1430665388974426*^-7+5.443950936940026*^-7*I,1.0019474013133865*^-6+1.735423805586393*^-6*I,6.1167558751461815*^-6+6.1288687384408035*^-21*I,8.932664007135865*^-6-0.00001547182790730108*I,-0.00002494232467813259-0.000043201373601404786*I,-0.00013302583152494948-1.1877225917957238*^-19*I,-0.0001691795180176786+0.0002930275208066331*I,0.00040984400532414355+0.0007098706403989477*I,0.0018879044812356097+1.677313653774281*^-18*I,0.0020626238401074293-0.0035725692879688773*I,-0.004264935335481764-0.0073870846920502595*I,-0.016637539213281656-2.783564588237025*^-17*I,-0.015245935051088153+0.026406734117379784*I,0.026122900836842877+0.04524619149049555*I,0.08314380618632895+1.1100938960943966*^-16*I,0.060893256885274756-0.10547021476363891*I,-0.08102912263686352-0.1403465572997775*I,-0.19190163519566333-2.780832837509358*^-16*I,-0.09743667347092498+0.1687652689721401*I,0.07811704619386534+0.13530269294498018*I,0.07319063061523833+9.759984081345893*^-17*I,-0.017638835491016674+0.03055135925678992*I,0.06380047237547894+0.11050565970122445*I,0.15561861481892728+1.7335896462117535*^-16*I,0.047762650444875494-0.08272733727467639*I,0.0121311163696528+0.021011709904769173*I,0.12612575624084238+2.8048797650240854*^-17*I,0.0657047904976486-0.1138040354425961*I,-0.014376827425349235-0.024901395552354537*I,0.09841062355346639+4.930275186214556*^-17*I,0.06589707628337038-0.11413708419303945*I,-0.016467359491463555-0.028522303305716493*I,0.10002735679322745+4.443478284198571*^-17*I,0.06013645169711-0.10415938972630595*I,0.00033153117160307976+0.0005742288335093714*I,0.11986527588348947+8.001901597680971*^-17*I,0.04224896925089364-0.07317736130996291*I,0.0317303014858574+0.05495849431298334*I,0.12224528723364869+8.150715791015203*^-17*I,0.0022813745586089174-0.003951456646605661*I,0.059546065383620866+0.10313681063524983*I,0.05829501628769107+6.482042861842747*^-18*I,-0.04742260150397643+0.08213835523197942*I,0.045691571558343747+0.07914012341672048*I,-0.06635344178917081-1.473797204706189*^-17*I,-0.05392642351743863+0.09340330540268078*I,-0.02161466883814507-0.037437704616443045*I,-0.1142533635982907-3.808926773092234*^-17*I,0.014713151692535717-0.025483926270939865*I,-0.057846877398112735-0.10019373071273902*I,0.02591912362441402+2.8784891119491155*^-18*I,0.05729523449127218-0.09923825717045613*I,0.0162466551019339+0.028140032089597644*I,0.11060204549679481+6.1415422129077146*^-18*I,-0.024121919803472103+0.04178039067571554*I,0.05048952711525429+0.08745042621374692*I,-0.07094622895174152+0.*I,-0.040674166856903254+0.07044972355169055*I,-0.04784750491227371-0.08287430952345949*I,-0.0474727599283469+2.636081075658094*^-18*I,0.056815920387056566-0.09840806078917039*I,0.0007215346303875566+0.0012497346392516785*I,0.11234528454579769-1.2476682585027602*^-17*I,-0.0291125230959872+0.05042436913877222*I,0.04005225069675116+0.06937253316425893*I,-0.10447886022579021+3.483068816558914*^-17*I,-0.007534726991037951+0.01305052996963831*I,-0.05691075674889273-0.09857232218627551*I,0.06377215670735856-1.416463468346102*^-17*I
-3.185838578192086*^-34-5.518034282141729*^-34*I,-2.0648588092267368*^-32-5.551357907715103*^-47*I,-2.3345941733004644*^-31+4.043635723210639*^-31*I,4.2526257065801945*^-30+7.365763789370441*^-30*I,1.3234628194802562*^-28+3.534040754209501*^-43*I,9.082472497289729*^-28-1.5731303823652692*^-27*I,-1.1219917796314864*^-26-1.9433467679963703*^-26*I,-2.529782385498185*^-25-6.655497978870854*^-40*I,-1.3145150007415044*^-24+2.2768067685957122*^-24*I,1.268924971995393*^-23+2.19784252248895*^-23*I,2.28916398384371*^-22+6.634422234313705*^-37*I,9.693066534067495*^-22-1.6788883718150355*^-21*I,-7.736708232416887*^-21-1.340037174188254*^-20*I,-1.167737500796653*^-19-3.2662292904758513*^-34*I,-4.177257508635985*^-19+7.235222241256069*^-19*I,2.839573882291386*^-18+4.918286235974318*^-18*I,3.6749364700541926*^-17+9.801069111220037*^-32*I,1.1336673230384787*^-16-1.9635694023832327*^-16*I,-6.677902002691111*^-16-1.156646555662703*^-15*I,-7.519913649143217*^-15-1.8077761411844644*^-29*I,-2.0255173712281455*^-14+3.508298998580479*^-14*I,1.0448469917302017*^-13+1.8097280758122173*^-13*I,1.0328924041163434*^-12+2.3012819893177382*^-27*I,2.447314003304772*^-12-4.238872195798631*^-12*I,-1.1123258338812578*^-11-1.926604858853767*^-11*I,-9.70107631036451*^-11-5.962217993182676*^-26*I,-2.029813144547435*^-10+3.5157394962273024*^-10*I,8.15228856666615*^-10+1.4120177995428644*^-9*I,6.284877545083867*^-9+2.7953570114890668*^-24*I,1.162470225770971*^-8-2.0134574933213833*^-8*I,-4.1261539001665476*^-8-7.146708194936949*^-8*I,-2.809725900446097*^-7-1.2551079789249726*^-22*I,-4.586455281665034*^-7+7.943973574486456*^-7*I,1.435009914617176*^-6+2.4855100814820314*^-6*I,8.600483155079419*^-6+8.617514483262463*^-21*I,0.000012332660103731079-0.000021360793892139835*I,-0.00003381776442192972-0.00005857408617717754*I,-0.00017713655414129705-1.5815656611551095*^-19*I,-0.0002212520836260981+0.0003832198501208792*I,0.0005263756060576855+0.0009117092935567736*I,0.0023808187602040623+2.115244628816503*^-18*I,0.002553408470445503-0.004422633203288328*I,-0.005180752814684145-0.008973327096488444*I,-0.019819824436026198-3.315980851372279*^-17*I,-0.017796813114816647+0.030824984527670445*I,0.029846138896606225+0.05169502897867985*I,0.09282332169937242+1.239329873866453*^-16*I,0.06626520514042517-0.11477470207719037*I,-0.0856152530488189-0.14828996818342102*I,-0.19553820861488613-2.8335301622084287*^-16*I,-0.09442699126123288+0.16355234647031722*I,0.0692979318718065+0.12002753886141584*I,0.04678691085778774+6.239043185567048*^-17*I,-0.03082490465510255+0.05339030100110387*I,0.0708767451691734+0.12276212370812066*I,0.1486843083604594+1.656341549034904*^-16*I,0.03484313668446647-0.06035008303256278*I,0.02670126483198723+0.04624794731535398*I,0.13768954992868748+3.062044137224272*^-17*I,0.057661378837907215-0.09987243778173209*I,0.001344703146536627+0.0023290941708991766*I,0.11733265072601322+5.878250086414232*^-17*I,0.05973510696101571-0.1034642402520404*I,-0.0005001696453336132-0.0008663192381215246*I,0.1176075273951427+5.224435702313668*^-17*I,0.051594600369902946-0.08936446923688371*I,0.016384327849781877+0.028378488283688*I,0.1272849984599006+8.497223445488205*^-17*I,0.028616525235182294-0.04956527564341258*I,0.04451367063522111+0.07709993917158986*I,0.1102539444288578+7.351191904522319*^-17*I,-0.013944184112779291+0.02415203535342845*I,0.06169012631227637+0.10685043309820447*I,0.02762041822799884+3.071218540060938*^-18*I,-0.055759272775844616+0.09657789344085496*I,0.03327094396721485+0.057626965366993375*I,-0.09063163295813333-2.0130477592415388*^-17*I,-0.04463810014677971+0.07731545740757015*I,-0.03569310394690401-0.061822269515875015*I,-0.10034975012177415-3.345414418220765*^-17*I,0.029565441981458586-0.0512088476601161*I,-0.052017692224917644-0.0900972858260379*I,0.05579759395792031+6.196689710972529*^-18*I,0.0512800633444226-0.08881967512789031*I,0.03072633400285169+0.05321957162327034*I,0.09574269854436884+5.3164281189083375*^-18*I,-0.03740713474006977+0.06479105793537565*I,0.040674166856903254+0.07044972355169055*I,-0.0927954505976345+0.*I,-0.02805333077321048+0.048589794220736046*I,-0.05476348899486028-0.09485314533883704*I,-0.01775497497677757+9.85903360278808*^-19*I,0.057899046221363534-0.1002840897651805*I,0.015829071676288803+0.027416756379981654*I,0.10047351513687483-1.115824452831157*^-17*I,-0.04100582543470872+0.07102417305921566*I,0.027802304720458956+0.04815500434334691*I,-0.11373897648039795+3.791778368849501*^-17*I,0.007334251261210336-0.01270329581989243*I,-0.05179874114459172-0.08971805143054125*I
8.508586306659741*^-35-1.4737303783719382*^-34*I,-2.7911332216627*^-33-4.834384550613239*^-33*I,-1.2779781812251633*^-31-3.435835055903159*^-46*I,-1.178633521257271*^-30+2.041453142321393*^-30*I,1.8574762931186396*^-29+3.217243313536205*^-29*I,5.165097975094142*^-28+1.3792353268100238*^-42*I,3.232384550617456*^-27-5.598654271270091*^-27*I,-3.692872859331419*^-26-6.396243418254215*^-26*I,-7.779949241173654*^-25-2.0467940937201313*^-39*I,-3.806999459287617*^-24+6.5939164878733554*^-24*I,3.4822398187751916*^-23+6.03141629025811*^-23*I,5.982338291319687*^-22+1.733792705687935*^-36*I,2.422206898457972*^-21-4.195385414573009*^-21*I,-1.855056367269194*^-20-3.213051879014416*^-20*I,-2.694426256366034*^-19-7.536465989630364*^-34*I,-9.298711147977089*^-19+1.6105840153203336*^-18*I,6.111399777067814*^-18+1.0585254919246629*^-17*I,7.661614463922286*^-17+2.0433554015511463*^-31*I,2.293334088362779*^-16-3.9721711597739644*^-16*I,-1.312738766857541*^-15-2.2737302412625888*^-15*I,-1.438409206290161*^-14-3.45791449970666*^-29*I,-3.774426921715518*^-14+6.537499197867039*^-14*I,1.8987802201555983*^-13+3.2887838137163315*^-13*I,1.8323122050187988*^-12+4.082387535635196*^-27*I,4.241614602004346*^-12-7.346691996797534*^-12*I,-1.8849901971369805*^-11-3.264898793210541*^-11*I,-1.6085640127515931*^-10-9.886129119268124*^-26*I,-3.295277420410913*^-10+5.7075879171862*^-10*I,1.296527979322345*^-9+2.2456523336209143*^-9*I,9.79691406403751*^-9+4.357423390259174*^-24*I,1.776906064325749*^-8-3.077691583689446*^-8*I,-6.187222328121049*^-8-1.0716583430030263*^-7*I,-4.134640250048104*^-7-1.8469488311994425*^-22*I,-6.625351760349542*^-7+1.1475445866941295*^-6*I,2.0354385357570807*^-6+3.5254829596148736*^-6*I,0.000011980887061478341+1.2004612521523863*^-20*I,0.00001687544398316135-0.000029229126379117895*I,-0.00004545912662842292-0.00007873751698813595*I,-0.00023392764284651055-2.088625517835698*^-19*I,-0.000287043797841687+0.0004971744418593306*I,0.0006708118893266104+0.0011618802746349625*I,0.0029798370735056707+2.6474440095309535*^-18*I,0.003137733026971792-0.005434713023302009*I,-0.006247766686060626-0.01082144933409328*I,-0.023441951972537754-3.9219854903673915*^-17*I,-0.020625912742413023+0.03572512882234153*I,0.03385255739908652+0.05863434938135976*I,0.10285010841826525+1.3732024405028536*^-16*I,0.07153009135467585-0.12389375249634146*I,-0.08963809856002687-0.15525774099983364*I,-0.1970003081210915-2.8547173413297355*^-16*I,-0.08998804101068643+0.15586385910410017*I,0.05921744327728779+0.10256762045059083*I,0.019639857991768154+2.6189786827665654*^-17*I,-0.04294005783603555+0.07437436185195948*I,0.07557225497503374+0.13089498525930865*I,0.13655229993421483+1.5211911094813622*^-16*I,0.020753048081572713-0.03594533368920367*I,0.03994187439433223+0.06918135580051785*I,0.1429066610782755+3.1780661927623795*^-17*I,0.04698493909583829-0.08138030170452118*I,0.01678158274687579+0.02906655394901017*I,0.12983843210047333+6.504777399913335*^-17*I,0.05039154996026181-0.08728072480331879*I,0.015280886804493193+0.02646727233009106*I,0.12806639353318497+5.68904604544009*^-17*I,0.04005465328038081-0.06937669456117483*I,0.031213127238049514+0.054062722239413885*I,0.12654492123089361+8.447817768009479*^-17*I,0.013308361357387655-0.023050758036481697*I,0.054200348247145494+0.09387775695198287*I,0.09102723254593874+6.069249118017316*^-17*I,-0.02901783527234653+0.05026036501736839*I,0.05955880434097617+0.10315887515662467*I,-0.004598312571041677-5.11303728444726*^-19*I,-0.06007202678672755+0.10404780250825066*I,0.018642438244400233+0.03228965021626636*I,-0.10814396606507576-2.4020197083214682*^-17*I,-0.03225587256698489+0.05586881012848492*I,-0.04702860818755892-0.08145593879010181*I,-0.07934829200323605-2.645277340568272*^-17*I,0.042098013328647745-0.07291589798292963*I,-0.04247908712944284-0.07357593716734016*I,0.08127523258154366+9.026149010560714*^-18*I,0.04161254871292504-0.07207504860322103*I,0.0428131695068456+0.07415458481891517*I,0.07413418570335675+4.116544399080751*^-18*I,-0.04784750491227371+0.08287430952345949*I,0.02805333077321048+0.048589794220736046*I,-0.10778015118523251+0.*I,-0.013584521075544668+0.023529080699333575*I,-0.05774634772441261-0.10001960821022203*I,0.012875068282248704-7.149304969390564*^-19*I,0.05495829557566579-0.09519056023444102*I,0.029684627635926875+0.05141528326918854*I,0.0819017473846636-9.095727599149913*^-18*I,-0.0500132021624107+0.08662540719450898*I,0.013836529483486095+0.023965572065822654*I,-0.11543376004483012+3.848278294014584*^-17*I,0.021569483341584275-0.037359441040634524*I
4.519545825715434*^-35+1.5122966869202678*^-49*I,7.502585209885854*^-34-1.2994858771637008*^-33*I,-1.738681967592213*^-32-3.0114855060735603*^-32*I,-6.493928961489703*^-31-1.7458880835540664*^-45*I,-5.1816998784982654*^-30+8.974967459132417*^-30*I,7.296734850499469*^-29+1.2638315490423656*^-28*I,1.850323168017999*^-27+4.940915141689929*^-42*I,1.0709272248935103*^-26-1.854900364724289*^-26*I,-1.1432282583684335*^-25-1.9801294281426189*^-25*I,-2.2682054134760476*^-24-5.967326135082141*^-39*I,-1.0517388370964872*^-23+1.8216651021445115*^-23*I,9.161568261455157*^-23+1.5868301705850904*^-22*I,1.5050591445494034*^-21+4.361940832124088*^-36*I,5.847375357952111*^-21-1.0127951210899243*^-20*I,-4.309671781145345*^-20-7.464570488889645*^-20*I,-6.039235068557818*^-19-1.6892089583091533*^-33*I,-2.0151785754959315*^-18+3.490391679083206*^-18*I,1.2830236324830705*^-17+2.2222621187722704*^-17*I,1.5607988741883165*^-16+4.162656350467068*^-31*I,4.5401824354225215*^-16-7.863826653783565*^-16*I,-2.5289474556863266*^-15-4.380265482920784*^-15*I,-2.6996977660487876*^-14-6.490033579611718*^-29*I,-6.909046736411004*^-14+1.196681997933173*^-13*I,3.393075666746014*^-13+5.876979448729771*^-13*I,3.199240341103204*^-12+7.127900396148384*^-27*I,7.2418227473934985*^-12-1.254320493789351*^-11*I,-3.149223077559319*^-11-5.4546143747011914*^-11*I,-2.631414808323623*^-10-1.6172503148905697*^-25*I,-5.281432267318631*^-10+9.147709023729551*^-10*I,2.0369374321795334*^-9+3.5280791243738394*^-9*I,1.5094726526406677*^-8+6.713758435135565*^-24*I,2.68610332085289*^-8-4.6524674260966864*^-8*I,-9.179887384340696*^-8-1.5900031357438668*^-7*I,-6.02286827360451*^-7-2.690422587133822*^-22*I,-9.478048997351752*^-7+1.6416462420040472*^-6*I,2.860304977919765*^-6+4.95419354689922*^-6*I,0.000016541187288747556+1.657394340072081*^-20*I,0.000022893557307292264-0.00003965280442221984*I,-0.00006060282892248968-0.000104967178776157*I,-0.000306460431209823-2.7362353120949933*^-19*I,-0.00036952168577607643+0.0006400303342626647*I,0.0008484670371901607+0.0014695880169607936*I,0.003702300668745602+3.289318672521152*^-18*I,0.0038281750446437102-0.006630593677590134*I,-0.007481418304972167-0.012958196616887676*I,-0.027531926330782188-4.606263834926802*^-17*I,-0.023736695921976792+0.04111316334067662*I,0.03812137587251893+0.06602815986563335*I,0.11310607444021059+1.5101348928613438*^-16*I,0.07658628095054941-0.13265132976909563*I,-0.0929726890807358-0.16103342120413908*I,-0.1960958157117675-2.8416104066725*^-16*I,-0.08412883927229335+0.1457154240014075*I,0.04805097972269662+0.08322673823317268*I,-0.007595703990682961-1.0128885270220154*^-17*I,-0.053638822474053334+0.09290516578322745*I,0.07774548056874946+0.13465912240393332*I,0.11969487677905295+1.3333996021632765*^-16*I,0.006051929400441685-0.010482249205384826*I,0.051316592838729136+0.08888294606800412*I,0.14164001134967757+3.149897480050494*^-17*I,0.034224436943868314-0.05927846364721719*I,0.031170324086523798+0.0539885850062472*I,0.135397342756477+6.783273341510416*^-17*I,0.038435475779366034-0.06657219686294488*I,0.02999266388441487+0.05194881770214272*I,0.13094552602334222+5.816944683447594*^-17*I,0.026269821283378226-0.04550066516856525*I,0.043935657872261905+0.07609879169872129*I,0.1178711697565752+7.868780133726634*^-17*I,-0.0026580555061168124+0.004603887185932519*I,0.060228274345947706+0.10431843121937878*I,0.06600369180533991+4.400802233257819*^-17*I,-0.04195202302863691+0.0726630353658986*I,0.05339519455385121+0.09248318984729542*I,-0.03610640700697557-4.014807657850727*^-18*I,-0.06015357887987042+0.1041890548770377*I,0.002882720738918592+0.0049930187838395*I,-0.11781005703947918-2.616716300907815*^-17*I,-0.01773025748729146+0.030709706799267284*I,-0.0548759484215652-0.09504793077968013*I,-0.05291499952005582-1.7640562345170087*^-17*I,0.05146536309534914-0.0891406237111249*I,-0.030000850759404247-0.051962997785579494*I,0.10062286767284714+1.1174831109511922*^-17*I,0.029069491942199138-0.05034983699410297*I,0.051695504001857795+0.08953923945409795*I,0.0474727599283469+2.636081075658094*^-18*I,-0.05476348899486028+0.09485314533883704*I,0.013584521075544668+0.023529080699333575*I,-0.11499590516697998+0.*I,0.0016769174672589236-0.002904506253392175*I,-0.05667472063494788-0.09816349564450197*I,0.04228035021385664-2.347755454689554*^-18*I,0.04828245284221905-0.08362766143677176*I,0.04137408984884683+0.07166202573512241*I,0.05802201304224125-6.443726077148063*^-18*I,-0.05559655154518666+0.09629605200188526*I,-0.0008904771420405464-0.001542351652992953*I,-0.10961078495067925+3.6541545935243134*^-17*I
5.968603747679781*^-36+1.0337924941227473*^-35*I,4.010604102056266*^-34+1.3419984064722731*^-48*I,4.703502959885596*^-33-8.14670610007239*^-33*I,-8.891703561366846*^-32-1.5400882334128626*^-31*I,-2.8733728651363645*^-30-7.725042073294227*^-45*I,-2.0487040821169252*^-29+3.5484595599002533*^-29*I,2.6309371030127513*^-28+4.556916733936187*^-28*I,6.170340039017089*^-27+1.6476649622677474*^-41*I,3.3370704109798635*^-26-5.77997550025184*^-26*I,-3.3549666593800853*^-25-5.810972711745973*^-25*I,-6.307693205658302*^-24-1.6594644512606586*^-38*I,-2.7854556556861073*^-23+4.824550717878389*^-23*I,2.3203015881376785*^-22+4.0188802395372405*^-22*I,3.6577238141261805*^-21+1.0600762711053668*^-35*I,1.3676408979873522*^-20-2.368823521823203*^-20*I,-9.72525844917849*^-20-1.6844641750715762*^-19*I,-1.3177477972602758*^-18-3.6858167609888606*^-33*I,-4.259772274804658*^-18+7.378142008634875*^-18*I,2.6318468371921673*^-17+4.558492439756317*^-17*I,3.111529140047423*^-16+8.298459685407875*^-31*I,8.808028808397836*^-16-1.525595341067532*^-15*I,-4.780142605808206*^-15-8.279449860684548*^-15*I,-4.977102976044661*^-14-1.1964882087890548*^-28*I,-1.2435381289813696*^-13+2.1538712205448596*^-13*I,5.967504385918809*^-13+1.0336020790801545*^-12*I,5.5023366821996115*^-12+1.2259193944543722*^-26*I,1.2188772631491845*^-11-2.111157347964877*^-11*I,-5.190496549265891*^-11-8.990203739839504*^-11*I,-4.2495528754279506*^-10-2.611747377946942*^-25*I,-8.361508722353646*^-10+1.4482557935046823*^-9*I,3.1629869963733*^-9+5.478454181398238*^-9*I,2.299948232527369*^-8+1.0229596951950596*^-23*I,4.0174868391802076*^-8-6.958491324199408*^-8*I,-1.3481993008185485*^-7-2.335149687746565*^-7*I,-8.688238684194485*^-7-3.8810467930718013*^-22*I,-1.3432789821028314*^-6+2.3266274457415056*^-6*I,3.983511294762199*^-6+6.899643955052626*^-6*I,0.000022640912858402272+2.2685748108969264*^-20*I,0.00003080062268786487-0.0000533482434001405*I,-0.00008014564960132695-0.00013881633711511094*I,-0.0003983804161525964-3.55694390306951*^-19*I,-0.00047213451943808925+0.0008177609756738846*I,0.0010653531685099187+0.001845245815863671*I,0.004567211139195358+4.057750632822571*^-18*I,0.004637957403740144-0.008033177866618137*I,-0.008896936447712445-0.015409945959149381*I,-0.03211355118434353-5.372798388833616*^-17*I,-0.027127573052524626+0.046986334813008804*I,0.042623544767508445+0.07382614513601142*I,0.12345372540592793+1.6482914760494595*^-16*I,0.08132585163842886-0.14086050700656694*I,-0.09549850046567436-0.16540825485318858*I,-0.1926754028606836-2.7920454492690104*^-16*I,-0.07689542671653346+0.13318678594272476*I,0.03601195365406608+0.062374533408658325*I,-0.03423972546071584-4.5658737004605623*^-17*I,-0.06261220545737836+0.10844752102612035*I,0.07733785183673735+0.13395308872946346*I,0.09875531870649688+1.1001331570591925*^-16*I,-0.00868091548267401+0.01503578667220265*I,0.06037423457323238+0.10457124174892003*I,0.1340448594720866+2.980990759895258*^-17*I,0.02001671295937867-0.03466996384616621*I,0.0438161246231085+0.07589175403799368*I,0.1338514521603896+6.705825747223491*^-17*I,0.02456212201947864-0.04254284327944323*I,0.042835602515536246+0.07419343992973407*I,0.12623585500531176+5.607728709285667*^-17*I,0.011104163166611773-0.019232974780106462*I,0.053824192642107055+0.09322623633250453*I,0.10197574190707893+6.807641713385945*^-17*I,-0.018255597537906725+0.0316196224581837*I,0.06228958185420265+0.10788872055369957*I,0.036955457262016295+2.4640085183324188*^-17*I,-0.051933976906200476+0.08995228664064785*I,0.0437060775519412+0.07570114691950783*I,-0.06477270355386398-7.202321355251654*^-18*I,-0.05609464056056969+0.09715876748322062*I,-0.012889353920476576-0.022325015867002543*I,-0.11913383947687328-2.646119249771712*^-17*I,-0.002130088065275554+0.0036894207536533473*I,-0.05876112416849304-0.10177725256969353*I,-0.0230437334698093-7.68221526271734*^-18*I,0.05707506312518503-0.09885690917802133*I,-0.015535425380917971-0.026908146076945003*I,0.11260497393028036+1.25055227987846*^-17*I,0.01460557153329227-0.02529759196924387*I,0.056815920387056566+0.09840806078917039*I,0.01775497497677757+9.85903360278808*^-19*I,-0.05774634772441261+0.10001960821022203*I,-0.0016769174672589236-0.002904506253392175*I,-0.11411007669964318+0.*I,0.0166552628952935-0.028847761548065065*I,-0.05171050620917714-0.08956522403940068*I,0.06847674193511151-3.802396233341477*^-18*I,0.03840430189389184-0.06651820210943435*I,0.050158046634419466+0.08687628517922362*I,0.03053552249424247-3.3911705619769543*^-18*I,-0.05746007174865766+0.09952376367522812*I,-0.015404216835205311-0.026680886209383435*I
-1.5678607152473755*^-36+2.715614417999712*^-36*I,5.329848102579245*^-35+9.231567710291902*^-35*I,2.530209391998371*^-33+8.466397793694165*^-48*I,2.4206495122474187*^-32-4.192687942529318*^-32*I,-3.959359872825511*^-31-6.857812465183288*^-31*I,-1.1433121682640436*^-29-3.0737864583856675*^-44*I,-7.434260307360212*^-29+1.2876516569040424*^-28*I,8.829982851580465*^-28+1.529397892889938*^-27*I,1.9351478909904407*^-26+5.167422470446519*^-41*I,9.85672407291293*^-26-1.7072346890472321*^-25*I,-9.390771342807092*^-25-1.62652930880038*^-24*I,-1.681501709023475*^-23-4.423792058173319*^-38*I,-7.101064972480181*^-23+1.2299405320183292*^-22*I,5.676352180016242*^-22+9.831730377442554*^-22*I,8.612024854990963*^-21+2.495924694939425*^-35*I,3.106911152741324*^-20-5.381327971150327*^-20*I,-2.136332050156341*^-19-3.7002356527085897*^-19*I,-2.804405411710659*^-18-7.844084044444345*^-33*I,-8.797665691668187*^-18+1.523800396597479*^-17*I,5.282788976031647*^-17+9.150058912151632*^-17*I,6.078226251630288*^-16+1.621065181705899*^-30*I,1.6764883379116703*^-15-2.903762979559697*^-15*I,-8.874579151300123*^-15-1.5371221985843386*^-14*I,-9.021719588183118*^-14-2.1688080721288832*^-28*I,-2.2027139018899802*^-13+3.815212392611711*^-13*I,1.0337674222448961*^-12+1.790537698537678*^-12*I,9.328702105745587*^-12+2.0784327635780212*^-26*I,2.023773987468153*^-11-3.5052793693310834*^-11*I,-8.444941048024422*^-11-1.4627066962102337*^-10*I,-6.778758839924579*^-10-4.166180806521852*^-25*I,-1.3083439957121593*^-9+2.2661182743511346*^-9*I,4.856855036385337*^-9+8.4123196880162*^-9*I,3.467099887685254*^-8+1.542079684297907*^-23*I,5.9476342129322885*^-8-1.0301604641633645*^-7*I,-1.960729208349746*^-7-3.396082608746066*^-7*I,-1.2416029062850004*^-6-5.546255291618739*^-22*I,-1.8866864458028468*^-6+3.2678367820820717*^-6*I,5.4999410365264994*^-6+9.526177313896953*^-6*I,0.00003073266863824039+3.079352779650866*^-20*I,0.00004110688938315503-0.000071199220952738*I,-0.0001051706907651081-0.00018216097987228255*I,-0.000513992553476424-4.589188135721012*^-19*I,-0.0005988562095723876+0.0010372493814074886*I,0.0013282077668124723+0.002300523335126803*I,0.005595159780733237+4.971034280892386*^-18*I,0.005580777013382009-0.009666189332890098*I,-0.010508952917018354-0.018202040386625023*I,-0.03720520093588048-6.224663304816499*^-17*I,-0.030791208003254435+0.05333193668805791*I,0.047321382774574004+0.08196303924997712*I,0.1337374030994216+1.7855939205799157*^-16*I,0.08563677951829851-0.14832725312226636*I,-0.09710310890054204-0.16818751818863298*I,-0.18663988663958234-2.704585216416663*^-16*I,-0.0683717489786913+0.11842334303343846*I,0.02334703402978957+0.04043824914563521*I,-0.05960800746022325-7.948738780389751*^-17*I,-0.06959907862628417+0.12054914034070496*I,0.07437694930023006+0.1288246550999733*I,0.07452403417586582+8.301969156552244*^-17*I,-0.022869857664484704+0.03961175543675591*I,0.0667669837767909+0.11564380816952886*I,0.1205565507250465+2.681027569214947*^-17*I,0.005054324464579508-0.008754346770590065*I,0.054125536583751625+0.09374817934998586*I,0.1254128199262447+6.283058594579742*^-17*I,0.009551604592428112-0.01654386444789369*I,0.05313524499684414+0.09203294400715413*I,0.11436215397064363+5.080267678703019*^-17*I,-0.004522302977169741+0.00783285852367797*I,0.060343411482724076+0.1045178545901135*I,0.07999341611536892+5.340157435083317*^-17*I,-0.03251236442278774+0.05631306705446305*I,0.06033975402845232+0.10451151969348843*I,0.0058591453471631225+3.906590559331644*^-18*I,-0.058371787482680966+0.10110290164861632*I,0.031216761090507507+0.054069016256498306*I,-0.0887279246893218-9.865992798426904*^-18*I,-0.048264691314054274+0.08359689756757027*I,-0.02759134386890873-0.04778960943005399*I,-0.11221196110404098-2.49237522802812*^-17*I,0.013436953312148062-0.023273485835571334*I,-0.05850235831652396-0.10132905696681924*I,0.008097896859986877+2.6996400967406617*^-18*I,0.05861802931031745-0.10152940500503138*I,-0.00014291202419443362-0.0002475308869172717*I,0.11654448856298749+1.294303180336878*^-17*I,-0.0007215346303875566+0.0012497346392516785*I,0.057899046221363534+0.1002840897651805*I,-0.012875068282248704-7.149304969390564*^-19*I,-0.05667472063494788+0.09816349564450197*I,-0.0166552628952935-0.028847761548065065*I,-0.10535991217220286+0.*I,0.030329093324878355-0.0525315305861874*I,-0.043275659722871354-0.07495564137107526*I,0.08976069720715799-4.984257827073947*^-18*I,0.02605454534845614-0.04512779631163341*I,0.05551361175195224+0.09615239606603396*I,0.001327760028880623-1.474564820090642*^-19*I,-0.055559530395609624+0.09623192948986323*I
-8.192654584208221*^-37-2.892683512743987*^-51*I,-1.4087797577417452*^-35+2.4400781170832575*^-35*I,3.383481650593158*^-34+5.860362125304403*^-34*I,1.3103231820032625*^-32+4.384505619266897*^-47*I,1.084658229871545*^-31-1.8786831629852237*^-31*I,-1.58536314303999*^-30-2.7459295121923696*^-30*I,-4.1750787208242334*^-29-1.1224668809612355*^-43*I,-2.510957148777596*^-28+4.349105357311053*^-28*I,2.7869449267069088*^-27+4.827130210952717*^-27*I,5.752500899756015*^-26+1.536089440453515*^-40*I,2.7767281281412737*^-25-4.809434196746278*^-25*I,-2.5195832479549212*^-24-4.364046199357364*^-24*I,-4.314583446023338*^-23-1.1351055952199242*^-37*I,-1.7485457996739793*^-22+3.0285701643964663*^-22*I,1.3452635234945458*^-21+2.3300647722616967*^-21*I,1.9693437178475812*^-20+5.707523725214277*^-35*I,6.870250941664531*^-20-1.1899623691710815*^-19*I,-4.576895492120201*^-19-7.927415533285199*^-19*I,-5.830880982582184*^-18-1.6309311160766595*^-32*I,-1.777878371644994*^-17+3.079375669366933*^-17*I,1.0390082173007157*^-16+1.799615021846415*^-16*I,1.1648592447684436*^-15+3.106683899395608*^-30*I,3.134048045264609*^-15-5.4283304477601954*^-15*I,-1.6198827644273054*^-14-2.8057192502932357*^-14*I,-1.609303642036914*^-13-3.868742200686127*^-28*I,-3.84296333237495*^-13+6.656207743297578*^-13*I,1.7652463401791698*^-12+3.0574963490653515*^-12*I,1.5601423848081848*^-11+3.4759937788504547*^-26*I,3.3168490698782123*^-11-5.744951110066607*^-11*I,-1.3571169820238277*^-10-2.35059556467982*^-10*I,-1.0686659637557244*^-9-6.567951054048433*^-25*I,-2.0243163349194043*^-9+3.5062187426720197*^-9*I,7.378196289252672*^-9+1.2779410841201794*^-8*I,5.17315362738354*^-8+2.3008898996175605*^-23*I,8.718955930629236*^-8-1.5101674660803806*^-7*I,-2.824805470051957*^-7-4.892706595628479*^-7*I,-1.7583530874224013*^-6-7.854584639166494*^-22*I,-2.6269950456146174*^-6+4.550088890236232*^-6*I,7.530412275490582*^-6+0.00001304305666309008*I,0.00004138161901913803+4.146356603555005*^-20*I,0.00005443675621443461-0.00009428722756264132*I,-0.00013697555470477816-0.00023724862014360646*I,-0.0006583386620480293-5.877983944948029*^-19*I,-0.0007542260166436493+0.0013063577812170877*I,0.0016445087383461974+0.002848372688306613*I,0.0068082031025379535+6.048765779760965*^-18*I,0.006670590887128789-0.011553802333012968*I,-0.012331071250760337-0.021358041918068896*I,-0.04281855525695781-7.163812665132037*^-17*I,-0.03471388679892996+0.060126215663940996*I,0.0521684114381268+0.09035833916099326*I,0.14378517535292834+1.9197466754221455*^-16*I,0.08940544915851265-0.15485478041605955*I,-0.09768589263210228-0.16919692922151994*I,-0.17794651419730279-2.578610179614391*^-16*I,-0.05867935930810841+0.10163563167723316*I,0.010330065891558994+0.01789219896971453*I,-0.08303410170781614-1.107261276566202*^-16*I,-0.07439606591026462+0.1288577660398209*I,0.06897646377145875+0.11947073977860086*I,0.0479087946380847+5.3370344186463777*^-17*I,-0.03596607288734467+0.062295065589606284*I,0.07026383286239743+0.12170052845220014*I,0.10186573107153236+2.265367014222931*^-17*I,-0.009948429363516724+0.017231185113121064*I,0.06163309280064869+0.10675164815833119*I,0.11064177979277336+5.543044051281303*^-17*I,-0.005775343867854508+0.010003189010305353*I,0.06037515572625087+0.10457283723274965*I,0.0961435441880511+4.270949112937232*^-17*I,-0.01968927858522957+0.03410283087399541*I,0.06317500063491055+0.10942231086786135*I,0.053395904153656644+3.5645750414997226*^-17*I,-0.04456992314570375+0.07719737137779886*I,0.05458964709745188+0.09455204234004169*I,-0.025239759201623888-1.682863270572536*^-17*I,-0.06092367675344908+0.10552290352087658*I,0.01681389049353718+0.029122512607705778*I,-0.10647809799074776-1.1839701555572823*^-17*I,-0.037275020817111655+0.06456222990842495*I,-0.040249088061848785-0.06971346548143609*I,-0.09770123772088776-2.1700729783828543*^-17*I,0.02790212266284329-0.04832789409106355*I,-0.05420978025523442-0.09389409366921023*I,0.03832619237053879+1.2777012040021243*^-17*I,0.05607747722460649-0.09712903971330493*I,0.015087277605073899+0.026131931359884085*I,0.11234528454579769+1.2476682585027602*^-17*I,-0.015829071676288803+0.027416756379981654*I,0.05495829557566579+0.09519056023444102*I,-0.04228035021385664-2.347755454689554*^-18*I,-0.05171050620917714+0.08956522403940068*I,-0.030329093324878355-0.0525315305861874*I,-0.08951183440314361+0.*I,0.041798286766678856-0.07239675634922163*I,-0.03201268960631245-0.05544760488506527*I,0.10481142724226339-5.819999095967175*^-18*I,0.012104997433370969-0.02096647058008938*I,0.057159828037820125+0.09900372631340447*I,-0.02766199666686282+3.072046623726751*^-18*I
-1.0645335837619182*^-37-1.8438262534390361*^-37*I,-7.406637207593068*^-36-2.615154479547883*^-50*I,-8.998318954034975*^-35+1.5585545611098485*^-34*I,1.763047050322078*^-33+3.053687067292306*^-33*I,5.907812983641791*^-32+1.976828280238033*^-46*I,4.370122281030781*^-31-7.569273826034051*^-31*I,-5.8255305922760834*^-30-1.0090114966869068*^-29*I,-1.4190036862545545*^-28-3.814981101645437*^-43*I,-7.9750982117967235*^-28+1.3813275298183535*^-27*I,8.33701383195862*^-27+1.444013154035692*^-26*I,1.6308310527630012*^-25+4.354805680115906*^-40*I,7.497643725960489*^-25-1.2986299870413506*^-24*I,-6.5064986435980006*^-24-1.1269586230089794*^-23*I,-1.0692596802746062*^-22-2.8130702789893565*^-37*I,-4.170808471307201*^-22+7.224052180942707*^-22*I,3.0963066316114094*^-21+5.362960401763447*^-21*I,4.3833038811713935*^-20+1.2703628457480788*^-34*I,1.481589634094772*^-19-2.566188522219511*^-19*I,-9.57933120593175*^-19-1.6591888351203942*^-18*I,-1.1862010455404444*^-17-3.317872892404402*^-32*I,-3.5201980867532393*^-17+6.097161938963326*^-17*I,2.004683817474018*^-16+3.4722142249761536*^-16*I,2.1924572416585333*^-15+5.8472915447632896*^-30*I,5.7599363504330445*^-15-9.97650240731283*^-15*I,-2.9096023876411295*^-14-5.03957916521818*^-14*I,-2.827316168088871*^-13-6.796826334353568*^-28*I,-6.608541723327601*^-13+1.1446330028742128*^-12*I,2.9732810265589796*^-12+5.149873803180727*^-12*I,2.575422714369882*^-11+5.738036105057491*^-26*I,5.3691113321644044*^-11-9.29957361880252*^-11*I,-2.1552782639539314*^-10-3.7330514576170736*^-10*I,-1.6658428582599479*^-9-1.0238161154057686*^-24*I,-3.098517252925774*^-9+5.366789310196179*^-9*I,1.1093498328514514*^-8+1.921450273866757*^-8*I,7.642900925620863*^-8+3.3993719905111474*^-23*I,1.2661247947174845*^-7-2.1929924731733958*^-7*I,-4.032899804767226*^-7-6.985187363691449*^-7*I,-2.468552827895394*^-6-1.1027055522381739*^-21*I,-3.627238571548079*^-6+6.282561497094825*^-6*I,0.000010227533732441473+0.00001771460806071323*I,0.00005528790988969945+5.539739519661851*^-20*I,0.00007154830692526804-0.0001239253027900961*I,-0.00017710250121340775-0.0003067505302491516*I,-0.0008372752974052266-7.475621650928439*^-19*I,-0.0009433838148875953+0.0016339886984234645*I,0.0020224743047650017+0.003503028252855532*I,0.008229678451855434+7.311679256375685*^-18*I,0.0079213587837131-0.013720195878373039*I,-0.014375394072179278-0.02489891291183907*I,-0.048957328963307095-8.190867981735194*^-17*I,-0.03887497666995483+0.06733343473541627*I,0.057109413603903494+0.09891640595242639*I,0.1534113805593359+2.0482708810405093*^-16*I,0.09251943418648266-0.1602483606985124*I,-0.09716166259968341-0.16828893617051693*I,-0.16661389906794857-2.4143900662504185*^-16*I,-0.047975896411174494+0.08309669012281533*I,-0.0027451650287812924-0.004754765305010492*I,-0.1038912441538087-1.385391655474112*^-16*I,-0.07686552772876253+0.1331349993768107*I,0.06133289504118829+0.10623169038662766*I,0.019900308197643084+2.216892130032053*^-17*I,-0.04746937745658934+0.08221937355847722*I,0.07075874220283795+0.12255773657498355*I,0.0788824847044515+1.7542482341183395*^-17*I,-0.0242896078855404+0.0420708349536816*I,0.06602077669830494+0.11435133959662366*I,0.09040810345197946+4.5293568213176145*^-17*I,-0.02060211470567612+0.035683909413592924*I,0.06421984748217796+0.11123203869345658*I,0.0727334606929193+3.231011630065181*^-17*I,-0.03352938606264361+0.058074600207090404*I,0.06222825932490273+0.1077825068173035*I,0.023889735220507635+1.5948180907285318*^-17*I,-0.05373169540501563+0.09306602641830211*I,0.045481899833190356+0.07877696133584426*I,-0.05435998643102369-3.624457104476079*^-17*I,-0.05950961089457344+0.10307366960805546*I,0.0014807150333650274+0.0025646736693192766*I,-0.11698720588008875-1.300824892233669*^-17*I,-0.02392763302855863+0.04144387611032672*I,-0.0500574489942451-0.08670204495532016*I,-0.07675000598581339-1.7047185682165433*^-17*I,0.04030654661202596-0.06981298660967211*I,-0.046265208038189225-0.08013369094488783*I,0.06559155655235667+2.1866615386437718*^-17*I,0.0497173388230541-0.08611295685864628*I,0.0291125230959872+0.05042436913877222*I,0.10047351513687483+1.115824452831157*^-17*I,-0.029684627635926875+0.05141528326918854*I,0.04828245284221905+0.08362766143677176*I,-0.06847674193511151-3.802396233341477*^-18*I,-0.043275659722871354+0.07495564137107526*I,-0.041798286766678856-0.07239675634922163*I,-0.06778716406607953+0.*I,0.05033933174049722-0.08719028019360583*I,-0.018732516069085933-0.032445669585257256*I,0.11276238975243248-6.261502430468029*^-18*I,-0.0024945502552296155+0.004320687784091605*I,0.05506600863204432+0.09537712472072708*I
2.751859199839718*^-38-4.76635994939819*^-38*I,-9.682436187506735*^-37-1.6770471417805297*^-36*I,-4.759665116566361*^-35-1.680554778351469*^-49*I,-4.717447006739775*^-34+8.170857897686944*^-34*I,7.997728579434529*^-33+1.3852472244726371*^-32*I,2.394920492256375*^-31+8.013704176355919*^-46*I,1.6157480529580514*^-30-2.7985577199538127*^-30*I,-1.9922219188145333*^-29-3.4506295833391573*^-29*I,-4.53496692677977*^-28-1.2192225636789731*^-42*I,-2.400617656215264*^-27+4.1579917501117274*^-27*I,2.378368133947587*^-26+4.119454447100028*^-26*I,4.431274773503543*^-25+1.1832826288850364*^-39*I,1.948427528654864*^-24-3.374775474496067*^-24*I,-1.6227277083031062*^-23-2.810646837630807*^-23*I,-2.566812999928549*^-22-6.75292026345566*^-37*I,-9.66137988736686*^-22+1.6734000836143377*^-21*I,6.93619981314332*^-21+1.2013850487814062*^-20*I,9.514162142255905*^-20+2.7573808299859132*^-34*I,3.1212078636222463*^-19-5.406090600777206*^-19*I,-1.9615877886883845*^-18-3.3975697135149868*^-18*I,-2.364235156483742*^-17-6.612902396653157*^-32*I,-6.837247370208273*^-17+1.1842459829117347*^-16*I,3.798499041680729*^-16+6.579193332692753*^-16*I,4.056711153400375*^-15+1.0819263598901858*^-29*I,1.0416517410949768*^-14-1.8041937393690712*^-14*I,-5.1469536454719257*^-14-8.914785218159275*^-14*I,-4.895771419794296*^-13-1.1769362227191661*^-27*I,-1.1209148902281244*^-12+1.9414815408355913*^-12*I,4.942966605344389*^-12+8.561469300572784*^-12*I,4.198807942394953*^-11+9.354934798561449*^-26*I,8.588655162729926*^-11-1.48759871105369*^-10*I,-3.3843154873542754*^-10-5.861806372939862*^-10*I,-2.5687801828026727*^-9-1.5787554840769734*^-24*I,-4.693914026331287*^-9+8.130097579965975*^-9*I,1.6515200810220813*^-8+2.8605166900505165*^-8*I,1.1185024978793375*^-7+4.974820555192407*^-23*I,1.821929688203405*^-7-3.1556747877864173*^-7*I,-5.707495899724601*^-7-9.88567288231406*^-7*I,-3.436559414597079*^-6-1.5351152724988998*^-21*I,-4.967911968879922*^-6+8.60467593762955*^-6*I,0.000013782566156236421+0.000023872104841280823*I,0.00007331221997397909+7.345739838496952*^-20*I,0.00009335484246882768-0.0001616953302885979*I,-0.00022737024388746007-0.0003938168145424087*I,-0.0010575501058601776-9.442347687565558*^-19*I,-0.001172098456206074+0.002030134077621961*I,0.0024710449035322364+0.004279975320701978*I,0.009883954572775567+8.781425184896424*^-18*I,0.009346742812241784-0.016189033436081916*I,-0.01665201666939481-0.028842138919875804*I,-0.05561603368264973-9.304911015544699*^-17*I,-0.04324650219806055+0.07490513905667973*I,0.06208073742006101+0.10752699138288845*I,0.16241980834126588+2.1685468360733688*^-16*I,0.09487048170965667-0.1643204944596587*I,-0.0954640986768233-0.16534866920702732*I,-0.15272536713459414-2.213132345722448*^-16*I,-0.03645233411847828+0.06313729474768064*I,-0.015573105117904126-0.02697340929582094*I,-0.12161351499840563-1.62171846380271*^-16*I,-0.07694131034126964+0.13326625871200332*I,0.05171910306912845+0.08958011423762217*I,-0.008465437251527368-9.430487726021188*^-18*I,-0.05694785353482322+0.09863657570430445*I,0.06827325910272686+0.11825275356423734*I,0.052691330715203336+1.1717895830336927*^-17*I,-0.03731221893322331+0.06462665893547614*I,0.06712963033908706+0.116271930440616*I,0.06583773362952491+3.298405524825239*^-17*I,-0.03415905093276435+0.059165211753880835*I,0.06452693686684918+0.11176393311017219*I,0.0455434766485722+2.0231610227706954*^-17*I,-0.04527596611463498+0.0784202736723145*I,0.057636854182658945+0.09982995983280425*I,-0.006695087846716674-4.4694707238926006*^-18*I,-0.05949910572779117+0.10305547412544656*I,0.03365411782526119+0.058290641957261885*I,-0.07970679471191376-5.3144578822730936*^-17*I,-0.05430559198836442+0.0940600444589524*I,-0.013770537408329363-0.02385127043875434*I,-0.11972558834108459-1.3312740002615218*^-17*I,-0.009154272033889183+0.015855664269002943*I,-0.056426601394169884-0.09773374051313913*I,-0.05090027001906485-1.1305619369563895*^-17*I,0.04986097065084804-0.08636173448196938*I,-0.03528467406112329-0.06111484820237326*I,0.08811153193853329+2.937422255670658*^-17*I,0.04005225069675116-0.06937253316425893*I,0.04100582543470872+0.07102417305921566*I,0.0819017473846636+9.095727599149913*^-18*I,-0.04137408984884683+0.07166202573512241*I,0.03840430189389184+0.06651820210943435*I,-0.08976069720715799-4.984257827073947*^-18*I,-0.03201268960631245+0.05544760488506527*I,-0.05033933174049722-0.08719028019360583*I,-0.04176135233464735+0.*I,0.05544600760734184-0.09603530225276655*I,-0.004353923295043503-0.007541216359273044*I,0.11323930876439892-6.287984926618745*^-18*I,-0.0167812951863921+0.029066055879642158*I
1.4153023677805052*^-38+2.514858150178889*^-53*I,2.5179617742482854*^-37-4.3612377245142715*^-37*I,-6.259584941012233*^-36-1.084191915212631*^-35*I,-2.5103590931744115*^-34-8.863640332023552*^-49*I,-2.152941167605471*^-33+3.7290034879993076*^-33*I,3.2618374556941947*^-32+5.649668199293585*^-32*I,8.90864672497983*^-31+2.980944866290281*^-45*I,5.5593771759863906*^-30-9.629123727247139*^-30*I,-6.406025921764486*^-29-1.1095562371099425*^-28*I,-1.3735105754949086*^-27-3.692673203868787*^-42*I,-6.890861205920412*^-27+1.193532171655942*^-26*I,6.502678229003613*^-26+1.1262969077906336*^-25*I,1.1587604972879687*^-24+3.094236393729564*^-39*I,4.8899086698949374*^-24-8.469570260629525*^-24*I,-3.920018586756597*^-23-6.789671358876817*^-23*I,-5.983543966503728*^-22-1.5741853925395286*^-36*I,-2.1780946584745926*^-21+3.772570612172353*^-21*I,1.5151858063864177*^-20+2.6243787995685124*^-20*I,2.0172365340189798*^-19+5.846325998320946*^-34*I,6.432856016214459*^-19-1.114203345785849*^-18*I,-3.9351990804246345*^-18-6.815964745193835*^-18*I,-4.6222186915600566*^-17-1.2928612866383757*^-31*I,-1.3041069459929207*^-16+2.2587794889632064*^-16*I,7.07525526952241*^-16+1.225470160333232*^-15*I,7.38565065800469*^-15+1.9697557527943938*^-29*I,1.8551246164120905*^-14-3.213170089997447*^-14*I,-8.973391912113134*^-14-1.5542370708007673*^-13*I,-8.361326435807775*^-13-2.0100505330975986*^-27*I,-1.8764661148353108*^-12+3.250134649576115*^-12*I,8.115456760337684*^-12+1.4056383435533261*^-11*I,6.764416453743457*^-11+1.5071104881018139*^-25*I,1.3583465841024837*^-10-2.3527252979531204*^-10*I,-5.256794008004138*^-10-9.105034306786849*^-10*I,-3.920196994829788*^-9-2.4093274098280543*^-24*I,-7.040385036891645*^-9+1.2194304588743999*^-8*I,2.435336097095454*^-8+4.218125853675823*^-8*I,1.6219725611546884*^-7+7.214130010875392*^-23*I,2.598793742894837*^-7-4.501242801085943*^-7*I,-8.009509819646011*^-7-1.3872877951348738*^-6*I,-4.745420803382892*^-6-2.1197852476416974*^-21*I,-6.751013316705874*^-6+0.000011693098067108641*I,0.00001843338906396777+0.000031927566414476765*I,0.00009650458957047593+9.669569526843594*^-20*I,0.00012094833349338732-0.00020948865870133092*I,-0.00028990692265950927-0.0005021335195122123*I,-0.0013268743186114617-1.1847011866960693*^-18*I,-0.0014467871240361535+0.002505908806567068*I,0.002999844324645937+0.005195882785083921*I,0.011796113074388928+1.0480287386249709*^-17*I,0.010959765777935785-0.018982871166439343*I,-0.019168496434406993-0.03320080972909591*I,-0.06277881107580693-1.0503288567021824*^-16*I,-0.047792864357890416+0.0827796693071136*I,0.06701086162451263+0.11606621699262377*I,0.17060747522569092+2.2778644082240283*^-16*I,0.0963576222579489-0.16689629744729667*I,-0.09254886768736384-0.1602993410174842*I,-0.1364305149855957-1.9770048114672383*^-16*I,-0.02432904422622336+0.042139140699408974*I,-0.02784528438673217-0.048229447309024655*I,-0.1357154335460689-1.8097678075297397*^-16*I,-0.07463201385097279+0.1292664398610687*I,0.040474954088119894+0.07010467691464149*I,-0.03614650737133452-4.026716919346391*^-17*I,-0.06405445903327042+0.11094557749696332*I,0.0629535907242638+0.10903881765332177*I,0.02449938202891874+5.4483574930793165*^-18*I,-0.04843379543509423+0.08388979449698072*I,0.06496321605112919+0.11251959082362982*I,0.03824839153211944+1.916206694706845*^-17*I,-0.04576219291006676+0.07926244318600378*I,0.06134838058908035+0.10625851214235955*I,0.016156029888466077+7.176933417990976*^-18*I,-0.05430302937289779+0.09405560587876388*I,0.04974266111961696+0.08615681636285773*I,-0.03651852556698313-2.437884082154325*^-17*I,-0.0615940032332484+0.10668394304154777*I,0.019891872296730336+0.03445373347560881*I,-0.09977651778871666-6.65260851781246*^-17*I,-0.045722037709076145+0.0791928923376999*I,-0.027964671184742648-0.048436231308931675*I,-0.11468308778957732-1.2752045336291961*^-17*I,0.006049835360319809-0.010478622221500672*I,-0.05901173190130731-0.10221131789569744*I,-0.021968961836386986-4.879595341510723*^-18*I,0.055991058658802086-0.09697935836661445*I,-0.02206729523120417-0.038221676526068046*I,0.10447886022579021+3.483068816558914*^-17*I,0.027802304720458956-0.04815500434334691*I,0.0500132021624107+0.08662540719450898*I,0.05802201304224125+6.443726077148063*^-18*I,-0.050158046634419466+0.08687628517922362*I,0.02605454534845614+0.04512779631163341*I,-0.10481142724226339-5.819999095967175*^-18*I,-0.018732516069085933+0.032445669585257256*I,-0.05544600760734184-0.09603530225276655*I,-0.013245043849381077+0.*I,0.056853668885472296-0.09847344310633584*I,0.01016091915137657+0.017599228221783857*I,0.10636431238308279-5.9062281489770125*^-18*I
1.8103477862737868*^-39+3.135614345196054*^-39*I,1.3026847517204768*^-37+2.3147473215321286*^-52*I,1.637513385292155*^-36-2.8362563814001012*^-36*I,-3.3211445690121985*^-35-5.752391132810615*^-35*I,-1.1525294977789153*^-33-4.06938073845131*^-48*I,-8.83339184298586*^-33+1.5299883475215868*^-32*I,1.2206512436254575*^-31+2.1142299722814447*^-31*I,3.0837717272664368*^-30+1.0318686757922609*^-44*I,1.7984768155366876*^-29-3.115053220744199*^-29*I,-1.952020900813105*^-28-3.3809993776446924*^-28*I,-3.9667151387608665*^-27-1.066448483296531*^-41*I,-1.8955981575042796*^-26+3.283272319531343*^-26*I,1.7109150703695578*^-25+2.963391829315374*^-25*I,2.9261292106985513*^-24+7.813638381433828*^-39*I,1.1886097003965313*^-23-2.0587323914559997*^-23*I,-9.19521253585881*^-23-1.592657529850182*^-22*I,-1.3574363425491758*^-21-3.571222128065674*^-36*I,-4.788055338244298*^-21+8.29315511529046*^-21*I,3.233000469975364*^-20+5.599721074891426*^-20*I,4.1841560219712014*^-19+1.2126460987470508*^-33*I,1.2988227740609826*^-18-2.2496270347011595*^-18*I,-7.743401730978391*^-18-1.3411965221471452*^-17*I,-8.873743459327811*^-17-2.482037340005933*^-31*I,-2.445051961772696*^-16+4.2349542249362395*^-16*I,1.296651113563286*^-15+2.2458656083823874*^-15*I,1.3241236653830935*^-14+3.531442696213552*^-29*I,3.256064987252949*^-14-5.6396699906681856*^-14*I,-1.5429442575181312*^-13-2.672457847268056*^-13*I,-1.4093229962083067*^-12-3.3879916800085305*^-27*I,-3.1021510951612772*^-12+5.373083309574737*^-12*I,1.3165762833928013*^-11+2.280377014876544*^-11*I,1.0774042468029276*^-10+2.4004542762643296*^-25*I,2.1250075018538772*^-10-3.680620959675911*^-10*I,-8.080560185522042*^-10-1.399594079494244*^-9*I,-5.923138313569033*^-9-3.640322032261598*^-24*I,-1.0459262634836442*^-8+1.811597429324342*^-8*I,3.558330172732804*^-8+6.163208649278562*^-8*I,2.3314202226078462*^-7+1.0369576525945309*^-22*I,3.675620554691606*^-7-6.366361550070355*^-7*I,-1.1148681353314023*^-6-1.931008254133566*^-6*I,-6.501479920037008*^-6-2.904218992024588*^-21*I,-9.104814983384546*^-6+0.0000157700021447364*I,0.000024473667336220993+0.000042389635273873725*I,0.00012613661744346235+1.263864027274798*^-19*I,0.00015562464458566874-0.0002695497913322264*I,-0.0003671836597609252-0.0006359807544150078*I,-0.0016539887035190736-1.476765623055758*^-18*I,-0.0017745234512849335+0.0030735647768479744*I,0.0036191174652109785+0.0062684953283053185*I,0.013991558233676466+1.2430836356489731*^-17*I,0.012772431541394376-0.022122500365890238*I,-0.021929309754474265-0.037982678669665364*I,-0.0704183796867983-1.1781436277591112*^-16*I,-0.05247072635742187+0.09088196396109778*I,0.07182123082711177+0.12439802085469008*I,0.17776893131303795+2.3734805347205216*^-16*I,0.09689031742348769-0.16781895253895618*I,-0.08839630331935765-0.1531068885503973*I,-0.11794483743775723-1.709130183425505*^-16*I,-0.011850758307131969+0.02052611549617144*I,-0.039259556092591054-0.06799954583496819*I,-0.1458092435872892-1.9443689504551683*^-16*I,-0.07002162880864596+0.12128101872530306*I,0.02799542179595424+0.04848949292991402*I,-0.06213442260150067-6.921767798835728*^-17*I,-0.06853996272801485+0.11871469779379858*I,0.055062374861586556+0.0953708308456713*I,-0.004419785284882406-9.829052114974315*^-19*I,-0.05717165642009489+0.09902421367247569*I,0.05968306257471836+0.10337409673072483*I,0.009077776428805725+4.5478764646408724*^-18*I,-0.054846097926838+0.09499622820618138*I,0.05492124163150275+0.09512638092052987*I,-0.013768579734596243-6.1163652640951576*^-18*I,-0.06015551141138908+0.10419240211981505*I,0.03906832285138933+0.06766832014511064*I,-0.06383923161434399-4.261745077415773*^-17*I,-0.05996679180193698+0.10386553016785952*I,0.005074969953182897+0.008790105805798237*I,-0.11343792708741299-7.5634842416805*^-17*I,-0.03436855706864541+0.05952808702572425*I,-0.040223833021436936-0.0696697224682956*I,-0.1023482546021643-1.1380488683491539*^-17*I,0.020692914386085507-0.03584117907337303*I,-0.05772524874615942-0.09998306370789979*I,0.008082602509742161+1.7952523131291943*^-18*I,0.05836616869698564-0.10109316962631522*I,-0.007534726991037951-0.01305052996963831*I,0.11373897648039795+3.791778368849501*^-17*I,0.013836529483486095-0.023965572065822654*I,0.05559655154518666+0.09629605200188526*I,0.03053552249424247+3.3911705619769543*^-18*I,-0.05551361175195224+0.09615239606603396*I,0.012104997433370969+0.02096647058008938*I,-0.11276238975243248-6.261502430468029*^-18*I,-0.004353923295043503+0.007541216359273044*I,-0.056853668885472296-0.09847344310633584*I,0.015844122098886745+0.*I,0.05454656167878615-0.09447741620584713*I,0.023870455116384498+0.0413448410613704*I
-4.607630265241319*^-40+7.980649721889991*^-40*I,1.6760598120813645*^-38+2.9030207510492797*^-38*I,8.521574895214702*^-37+1.5142030823560456*^-51*I,8.739359549399749*^-36-1.5137014765172496*^-35*I,-1.5337849897121526*^-34-2.6565935300679767*^-34*I,-4.756814355025581*^-33-1.6795482241481866*^-47*I,-3.3253261872427693*^-32+5.759633908043727*^-32*I,4.2505836708747685*^-31+7.362226879777783*^-31*I,1.0035911055036598*^-29+3.358141641667237*^-44*I,5.51323221881128*^-29-9.549198316906756*^-29*I,-5.671518573773658*^-28-9.82335832584663*^-28*I,-1.0978180089092683*^-26-2.95147574146863*^-41*I,-5.017878969906876*^-26+8.691221322110036*^-26*I,4.346880045637074*^-25+7.529017093450779*^-25*I,7.156383828910493*^-24+1.9109680855309295*^-38*I,2.8053517504901775*^-23-4.8590117649512434*^-23*I,-2.0989910940139824*^-22-3.6355592194668224*^-22*I,-3.0026438632314313*^-21-7.899529334049947*^-36*I,-1.0280537003143502*^-20+1.780641241853632*^-20*I,6.748219145220771*^-20+1.1688258420131472*^-19*I,8.501640442273969*^-19+2.4639332427228115*^-33*I,2.5720600998430805*^-18-4.4549387730488655*^-18*I,-1.4961413078462897*^-17-2.5913927604923394*^-17*I,-1.6745015764487666*^-16-4.683677703433934*^-31*I,-4.510175404315183*^-16+7.811852951321351*^-16*I,2.3399630140114154*^-15+4.052934828099801*^-15*I,2.3394712159350776*^-14+6.239378356043128*^-29*I,5.636122786005881*^-14-9.76205102305878*^-14*I,-2.618216793752969*^-13-4.5348845120102524*^-13*I,-2.345744928405815*^-12-5.639136182580559*^-27*I,-5.0672697927511755*^-12+8.776768736704002*^-12*I,2.1115655898230683*^-11+3.6573388850877166*^-11*I,1.697357677959057*^-10+3.7817091481654257*^-25*I,3.2897516336084045*^-10-5.698016973692441*^-10*I,-1.2297248221876435*^-9-2.1299458713576127*^-9*I,-8.863857910006502*^-9-5.447669045092753*^-24*I,-1.5395800879073137*^-8+2.6666309345768217*^-8*I,5.1533446809218166*^-8+8.925854816271419*^-8*I,3.3227857336949183*^-7+1.47789234264802*^-22*I,5.156249864575965*^-7-8.930886741965705*^-7*I,-1.5396294428346158*^-6-2.6667164198185195*^-6*I,-8.839890895205797*^-6-3.948790020278302*^-21*I,-0.000012189447892307945+0.0000211127430656907*I,0.00003226330237663893+0.00005588167893629646*I,0.00016373704401004857+1.6406128850677895*^-19*I,0.00019891029997264737-0.0003445227457013906*I,-0.0004620479697175563-0.0008002905590848553*I,-0.002048719973053095-1.8292018688129088*^-18*I,-0.002163032111074087+0.0037464815147832784*I,0.004339642342142669+0.007516481023268321*I,0.016495554290919315+1.4655518175699967*^-17*I,0.014795312243610529-0.02562623251977921*I,-0.024935309754707032-0.043189223397620595*I,-0.07849513865116593-1.3132728674425387*^-16*I,-0.05722908730564318+0.09912368688416867*I,0.07642736161741143+0.13237607340979649*I,0.1837010117440393+2.452682661489147*^-16*I,0.09639155043067696-0.16695506276626965*I,-0.0830135365488113-0.14378366301851758*I,-0.09754734233461704-1.4135515442548971*^-16*I,0.0007194433084673385-0.0012461123634308748*I,-0.04952941273039378-0.08578745931809105*I,-0.1516192222829966-2.0218451234385128*^-16*I,-0.06326749369746182+0.1095825135515473*I,0.014716605471580905+0.02548990839172434*I,-0.08549203426373723-9.52380315206156*^-17*I,-0.07026171634938733+0.12169686254413138*I,0.04496562278490891+0.07788274325743903*I,-0.03278388807730434-7.290728478270025*^-18*I,-0.0631628048542021+0.10940118715603607*I,0.05159661532036001+0.08936795923345033*I,-0.020191724298697797-1.0115854740283141*^-17*I,-0.06098929248116673+0.10563655329505917*I,0.045648970816825105+0.07906633676797012*I,-0.04258554549404805-1.8917619408330182*^-17*I,-0.06256863517635679+0.10837205508569103*I,0.026280696871109663+0.04551950223907844*I,-0.08711248308318753-5.815408277530444*^-17*I,-0.05479059041739178+0.09490008637961889*I,-0.009879373568962797-0.01711157696839666*I,-0.11998677981282059-8.00012960061357*^-17*I,-0.021008115546661488+0.03638712349809527*I,-0.04981867830474872-0.08628848198975422*I,-0.08365699018864153-9.30213645398761*^-18*I,0.03384993298820538-0.05862980376837348*I,-0.05273179158160152-0.0913341421934667*I,0.03728187858877485+8.280795535055322*^-18*I,0.05691075674889273-0.09857232218627551*I,0.007334251261210336+0.01270329581989243*I,0.11543376004483012+3.848278294014584*^-17*I,-0.0008904771420405464+0.001542351652992953*I,0.05746007174865766+0.09952376367522812*I,0.001327760028880623+1.474564820090642*^-19*I,-0.057159828037820125+0.09900372631340447*I,-0.0024945502552296155-0.004320687784091605*I,-0.11323930876439892-6.287984926618745*^-18*I,0.01016091915137657-0.017599228221783857*I,-0.05454656167878615-0.09447741620584713*I,0.04361010058784229+0.*I,0.04874873411829258-0.08443528429754914*I
-2.333558353833343*^-40-4.580264225595507*^-55*I,-4.2905545475056*^-39+7.431458468925361*^-39*I,1.1027714777258024*^-37+1.910056228558908*^-37*I,4.574435754608509*^-36+8.128338722408648*^-51*I,4.0596347322766084*^-35-7.031493616474306*^-35*I,-6.367476076441676*^-34-1.10287920803764*^-33*I,-1.8012334469120547*^-32-6.359841295553752*^-47*I,-1.1647882104256115*^-31+2.017472360514371*^-31*I,1.3915151915064466*^-30+2.41017501119312*^-30*I,3.0947992850805*^-29+1.035558634870038*^-43*I,1.6114070875178343*^-28-2.7910389472574557*^-28*I,-1.5790397448834368*^-27-2.734977065308732*^-27*I,-2.9235421190428224*^-26-7.859921747949599*^-41*I,-1.2825836751126422*^-25+2.2215000902534963*^-25*I,1.0695617044140145*^-24+1.8525352138750504*^-24*I,1.6993468728105564*^-23+4.537763370193844*^-38*I,6.443018714838823*^-23-1.11596357682179*^-22*I,-4.671557677647734*^-22-8.091375248174399*^-22*I,-6.4869631725970394*^-21-1.706627832169331*^-35*I,-2.1592111279622134*^-20+3.7398633778986356*^-20*I,1.3797349186372314*^-19+2.3897709800566115*^-19*I,1.6941900498624846*^-18+4.9100773100089576*^-33*I,5.00112356049014*^-18-8.662200101698629*^-18*I,-2.841289038025725*^-17-4.921256972849088*^-17*I,-3.1086694145415037*^-16-8.695128048259884*^-31*I,-8.191880716291685*^-16+1.4188753610160838*^-15*I,4.161256050032236*^-15+7.207506901959255*^-15*I,4.0761927458134544*^-14+1.087122107767547*^-28*I,9.627428089122852*^-14-1.6675194596576433*^-13*I,-4.387092826839839*^-13-7.598667673607613*^-13*I,-3.857635271489294*^-12-9.273698250490623*^-27*I,-8.182616760226816*^-12+1.4172707967577404*^-11*I,3.349588555337294*^-11+5.801657562295458*^-11*I,2.646081766904937*^-10+5.895464317650738*^-25*I,5.041904798244787*^-10-8.732835277485237*^-10*I,-1.85346685710559*^-9-3.210298766651902*^-9*I,-1.3142391001343212*^-8-8.077227474021009*^-24*I,-2.2461770021876858*^-8+3.890492690581816*^-8*I,7.399844182240721*^-8+1.281690609173391*^-7*I,4.696942498636479*^-7+2.0890830492623788*^-22*I,7.176294328830284*^-7-1.2429706387602436*^-6*I,-2.1100625594962962*^-6-3.6547355601964157*^-6*I,-0.00001193117462248356-5.3296702230807336*^-21*I,-0.000016203382351842787+0.000028065081487856562*I,0.000042240238005520154+0.00007316223834936293*I,0.00021113065030624006+2.1154874721196348*^-19*I,0.00025259046913374305-0.00043749952604730017*I,-0.0005777561541558035-0.0010007030133834505*I,-0.0025220243646421094-2.2517922125394717*^-18*I,-0.0026206675840489023+0.004539129405321471*I,0.005172614373580502+0.008959230903002512*I,0.019332691386741003+1.717618001836728*^-17*I,0.017037108865831724-0.0295091381697026*I,-0.028183199861955208-0.04881473408077479*I,-0.0869564713397812-1.4548362665690144*^-16*I,-0.06200956090946849+0.10740371005023597*I,0.08074021182225442+0.1398461490900184*I,0.1882079261033661+2.5128566942883757*^-16*I,0.09480076087774551-0.16419973443644265*I,-0.07643597805113575-0.13239099751078706*I,-0.07557613720135235-1.0951683858626267*^-16*I,0.013106948515235363-0.022701900760577036*I,-0.05839305711988058-0.10113974174090506*I,-0.15299244962625802-2.0401571353690534*^-16*I,-0.0545956296717944+0.0945624044627626*I,0.0011002083142137924+0.0019056166991279978*I,-0.1053883659853739-1.1740252303106738*^-16*I,-0.06918796372100144+0.11983706843700644*I,0.033115509909171385+0.057357745681235486*I,-0.05935866581385332-1.3200628133573052*^-17*I,-0.06617770865767846+0.11462315372358978*I,0.04113855431857687+0.07125406622970723*I,-0.04810790527433589-2.4101586096134847*^-17*I,-0.06393137078763425+0.1107323824017071*I,0.03407464026481645+0.05901900818829437*I,-0.06875417095701944-3.0542411135298234*^-17*I,-0.061475862512515855+0.10647931731079614*I,0.012147753337924573+0.02104052597909982*I,-0.10507222953661878-7.014355368590798*^-17*I,-0.046442548151944256+0.0804408530321314*I,-0.024072878845337927-0.04169544924457536*I,-0.11917179551077765-7.945790447175329*^-17*I,-0.00650403081063248+0.011265311818008831*I,-0.056207756804340175-0.09735469056459259*I,-0.05991568696394133-6.662251350618897*^-18*I,0.044718462120381434-0.07745464842884489*I,-0.044427407838137534-0.07695052762423803*I,0.06377215670735856+1.416463468346102*^-17*I,0.05179874114459172-0.08971805143054125*I,0.021569483341584275+0.037359441040634524*I,0.10961078495067925+3.6541545935243134*^-17*I,-0.015404216835205311+0.026680886209383435*I,0.055559530395609624+0.09623192948986323*I,-0.02766199666686282-3.072046623726751*^-18*I,-0.05506600863204432+0.09537712472072708*I,-0.0167812951863921-0.029066055879642158*I,-0.10636431238308279-5.9062281489770125*^-18*I,0.023870455116384498-0.0413448410613704*I,-0.04874873411829258-0.08443528429754914*I,0.06829915096558145+0.*I
